1783167275686 0.6239982376927915 425
1783167278387 0.6239982351012852 426
1783167280863 0.6239982376927915 427
1783167283554 0.6239982351012852 428
1783167286108 0.6239982325097789 429
1783167288598 0.6239982351012852 430
1783167291105 0.6239982351012852 431
1783167293621 0.6239982351012852 432
1783167296303 0.6239982351012852 433
1783167298804 0.6239982402842977 434
1783167301199 0.6239982402842977 435
1783167303658 0.6239982402842977 436
1783167306222 0.6239982376927915 437
1783167308721 0.6239982376927915 438
1783167310951 0.6239982376927915 439
1783167313198 0.6239982351012852 440
1783167315419 0.6239982351012852 441
1783167317669 0.6239982376927915 442
1783167320134 0.6239982376927915 443
1783167322513 0.6239982480588167 444
1783167324895 0.6239982299182726 445
1783167327193 0.6239982351012852 446
1783167329801 0.6239982325097789 447
1783167332274 0.6239982376927915 448
1783167334801 0.6239982480588167 449
