1783167275686 1.0205127985581108 425
1783167278387 1.020512808924136 426
1783167280863 1.0205128141071484 427
1783167283554 1.0205128218816675 428
1783167286108 1.0205128037411233 429
1783167288598 1.0205128141071484 430
1783167291105 1.0205127985581108 431
1783167293621 1.020512808924136 432
1783167296303 1.0205128141071484 433
1783167298804 1.0205128166986548 434
1783167301199 1.0205127881920857 435
1783167303658 1.0205127959666045 436
1783167306222 1.0205128011496172 437
1783167308721 1.0205128037411233 438
1783167310951 1.0205128063326296 439
1783167313198 1.0205127856005793 440
1783167315419 1.0205128192901611 441
1783167317669 1.0205127907835918 442
1783167320134 1.0205128063326296 443
1783167322513 1.0205128011496172 444
1783167324895 1.0205127985581108 445
1783167327193 1.020512808924136 446
1783167329801 1.0205128141071484 447
1783167332274 1.0205128218816675 448
1783167334801 1.0205128037411233 449
