1783167275686 0.6355806784291221 425
1783167278387 0.6355806720884248 426
1783167280863 0.6355806701527618 427
1783167283554 0.6355806665765281 428
1783167286108 0.6355806773390051 429
1783167288598 0.6355806701603239 430
1783167291105 0.635580664268341 431
1783167293621 0.6355806754224191 432
1783167296303 0.6355806792191496 433
1783167298804 0.6355806694966377 434
1783167301199 0.6355806715805065 435
1783167303658 0.6355806642270506 436
1783167306222 0.6355806751370321 437
1783167308721 0.6355806607229778 438
1783167310951 0.635580680397846 439
1783167313198 0.6355806753832158 440
1783167315419 0.6355806818041752 441
1783167317669 0.6355806546473831 442
1783167320134 0.635580663588039 443
1783167322513 0.6355806723770936 444
1783167324895 0.6355806766249498 445
1783167327193 0.6355806673819098 446
1783167329801 0.6355806743468853 447
1783167332274 0.6355806720305383 448
1783167334801 0.6355806828356165 449
