1783167275686 0.08615853443093922 425
1783167278387 0.08615853637456894 426
1783167280863 0.0861585347548775 427
1783167283554 0.08615853767032208 428
1783167286108 0.0861585347548775 429
1783167288598 0.08615853669850723 430
1783167291105 0.0861585347548775 431
1783167293621 0.0861585350788158 432
1783167296303 0.08615853540275407 433
1783167298804 0.0861585350788158 434
1783167301199 0.08615853410700093 435
1783167303658 0.08615853767032208 436
1783167306222 0.08615853410700093 437
1783167308721 0.08615853637456894 438
1783167310951 0.08615853540275407 439
1783167313198 0.08615853799426038 440
1783167315419 0.08615853669850723 441
1783167317669 0.08615853540275407 442
1783167320134 0.0861585350788158 443
1783167322513 0.0861585347548775 444
1783167324895 0.08615853378306264 445
1783167327193 0.08615853443093922 446
1783167329801 0.08615853345912436 447
1783167332274 0.0861585350788158 448
1783167334801 0.08615853443093922 449
