1783167275686 2.6272269864396245 425
1783167278387 2.6272266732497807 426
1783167280863 2.6272269864396245 427
1783167283554 2.6272266732497807 428
1783167286108 2.6272269864396245 429
1783167288598 2.6272266732497807 430
1783167291105 2.6272269864396245 431
1783167293621 2.6272269864396245 432
1783167296303 2.6272266732497807 433
1783167298804 2.6272266732497807 434
1783167301199 2.6272269864396245 435
1783167303658 2.6272266732497807 436
1783167306222 2.6272271430345606 437
1783167308721 2.6272266732497807 438
1783167310951 2.6272269864396245 439
1783167313198 2.6272266732497807 440
1783167315419 2.6272269864396245 441
1783167317669 2.6272269864396245 442
1783167320134 2.6272269864396245 443
1783167322513 2.6272271430345606 444
1783167324895 2.6272269864396245 445
1783167327193 2.6272269864396245 446
1783167329801 2.6272266732497807 447
1783167332274 2.6272269864396245 448
1783167334801 2.6272269864396245 449
