1783167275686 0.7621673399751837 425
1783167278387 0.7616708116097883 426
1783167280863 0.7611646435477517 427
1783167283554 0.7606873430989005 428
1783167286108 0.7602444264021787 429
1783167288598 0.7598313364115629 430
1783167291105 0.7594381056048654 431
1783167293621 0.7591010088270361 432
1783167296303 0.7588239528916099 433
1783167298804 0.7585900344631888 434
1783167301199 0.7584013586694544 435
1783167303658 0.7582424093376506 436
1783167306222 0.7580967951904644 437
1783167308721 0.7579565725543282 438
1783167310951 0.7578014866872267 439
1783167313198 0.757603872906078 440
1783167315419 0.7573597160252658 441
1783167317669 0.7570751363580878 442
1783167320134 0.7567295540462841 443
1783167322513 0.7563156973231923 444
1783167324895 0.7558157714930448 445
1783167327193 0.7552248104052111 446
1783167329801 0.7545347511768341 447
1783167332274 0.7537454312497919 448
1783167334801 0.7528620118444617 449
