1783167275686 4.325984042623769 425
1783167278387 4.273282797440238 426
1783167280863 4.2227717586185625 427
1783167283554 4.1747084596882695 428
1783167286108 4.128858721774558 429
1783167288598 4.085363470989725 430
1783167291105 4.044268162354179 431
1783167293621 4.005601064018581 432
1783167296303 3.969150750533394 433
1783167298804 3.934862230135047 434
1783167301199 3.902599168860394 435
1783167303658 3.872182783873185 436
1783167306222 3.8435139656066895 437
1783167308721 3.816634292187898 438
1783167310951 3.7912902521050493 439
1783167313198 3.7672988539156704 440
1783167315419 3.7447354171587075 441
1783167317669 3.723788323609725 442
1783167320134 3.704373950543611 443
1783167322513 3.686138857965884 444
1783167324895 3.6691073438395625 445
1783167327193 3.6532316415206245 446
1783167329801 3.6386996870455532 447
1783167332274 3.6251298862954844 448
1783167334801 3.612702628840571 449
