1783167275686 0.30305784940719604 425
1783167278387 0.30305787920951843 426
1783167280863 0.30305787920951843 427
1783167283554 0.3030579090118408 428
1783167286108 0.3030579090118408 429
1783167288598 0.30305787920951843 430
1783167291105 0.3030579090118408 431
1783167293621 0.30305784940719604 432
1783167296303 0.30305787920951843 433
1783167298804 0.3030579090118408 434
1783167301199 0.3030579090118408 435
1783167303658 0.3030579090118408 436
1783167306222 0.30305787920951843 437
1783167308721 0.30305787920951843 438
1783167310951 0.3030579090118408 439
1783167313198 0.30305787920951843 440
1783167315419 0.30305787920951843 441
1783167317669 0.30305787920951843 442
1783167320134 0.30305787920951843 443
1783167322513 0.3030579090118408 444
1783167324895 0.30305787920951843 445
1783167327193 0.3030579090118408 446
1783167329801 0.30305787920951843 447
1783167332274 0.30305787920951843 448
1783167334801 0.30305787920951843 449
