1783167275686 0.18597839870667376 425
1783167278387 0.18597840169721822 426
1783167280863 0.1859783998410182 427
1783167283554 0.1859783998410182 428
1783167286108 0.1859783994285293 429
1783167288598 0.1859783962317404 430
1783167291105 0.185978400665996 431
1783167293621 0.18597840458464046 432
1783167296303 0.18597840994699605 433
1783167298804 0.18597840056287376 434
1783167301199 0.18597840283156267 435
1783167303658 0.18597840623459602 436
1783167306222 0.1859783967473515 437
1783167308721 0.18597839953165154 438
1783167310951 0.18597840314092934 439
1783167313198 0.18597840747206268 440
1783167315419 0.18597839695359597 441
1783167317669 0.1859784002535071 442
1783167320134 0.18597840334717378 443
1783167322513 0.18597839736608485 444
1783167324895 0.18597840540961824 445
1783167327193 0.1859784021097071 446
1783167329801 0.18597839860355153 447
1783167332274 0.18597839860355153 448
1783167334801 0.18597839880979597 449
