1783167275686 0.5641233325004578 425
1783167278387 0.5641233325004578 426
1783167280863 0.5641233325004578 427
1783167283554 0.5641233325004578 428
1783167286108 0.5641233325004578 429
1783167288598 0.5641233325004578 430
1783167291105 0.5641233325004578 431
1783167293621 0.5641233325004578 432
1783167296303 0.5641233325004578 433
1783167298804 0.5641233325004578 434
1783167301199 0.5641233325004578 435
1783167303658 0.5641233325004578 436
1783167306222 0.5641233325004578 437
1783167308721 0.5641233325004578 438
1783167310951 0.5641233325004578 439
1783167313198 0.5641233325004578 440
1783167315419 0.5641233325004578 441
1783167317669 0.5641233325004578 442
1783167320134 0.5641233325004578 443
1783167322513 0.5641233325004578 444
1783167324895 0.5641233325004578 445
1783167327193 0.5641233325004578 446
1783167329801 0.5641233325004578 447
1783167332274 0.5641233325004578 448
1783167334801 0.5641233325004578 449
