1783167275686 3.0 425
1783167278387 3.0 426
1783167280863 3.0 427
1783167283554 3.0 428
1783167286108 3.0 429
1783167288598 3.0 430
1783167291105 3.0 431
1783167293621 3.0 432
1783167296303 3.0 433
1783167298804 3.0 434
1783167301199 3.0 435
1783167303658 3.0 436
1783167306222 3.0 437
1783167308721 3.0 438
1783167310951 3.0 439
1783167313198 3.0 440
1783167315419 3.0 441
1783167317669 3.0 442
1783167320134 3.0 443
1783167322513 3.0 444
1783167324895 3.0 445
1783167327193 3.0 446
1783167329801 3.0 447
1783167332274 3.0 448
1783167334801 3.0 449
