1783167275686 0.3173577435638594 425
1783167278387 0.3173577500426251 426
1783167280863 0.3173577500426251 427
1783167283554 0.3173578925754713 428
1783167286108 0.3173577435638594 429
1783167288598 0.3173577435638594 430
1783167291105 0.3173577474511188 431
1783167293621 0.3173577474511188 432
1783167296303 0.317357889983965 433
1783167298804 0.3173577448596125 434
1783167301199 0.3173577474511188 435
1783167303658 0.31735774615536566 436
1783167306222 0.3173577422681062 437
1783167308721 0.3173577435638594 438
1783167310951 0.3173577448596125 439
1783167313198 0.317357889983965 440
1783167315419 0.3173577500426251 441
1783167317669 0.317357889983965 442
1783167320134 0.31735774615536566 443
1783167322513 0.31735774874687195 444
1783167324895 0.3173577448596125 445
1783167327193 0.31735774615536566 446
1783167329801 0.31735774874687195 447
1783167332274 0.3173577409723531 448
1783167334801 0.31735774615536566 449
