1783167275686 0.4687290787850027 425
1783167278387 0.4573420764151154 426
1783167280863 0.44596637281992063 427
1783167283554 0.4357252760340387 428
1783167286108 0.424321496269233 429
1783167288598 0.4128683549045772 430
1783167291105 0.40131383709824026 431
1783167293621 0.3893048885185983 432
1783167296303 0.3773047243629268 433
1783167298804 0.36495064270497324 434
1783167301199 0.35101636713756806 435
1783167303658 0.33647422039976455 436
1783167306222 0.32229248664964044 437
1783167308721 0.30656733196759545 438
1783167310951 0.28857642527573263 439
1783167313198 0.269554263474384 440
1783167315419 0.25067942079224725 441
1783167317669 0.23248686765147095 442
1783167320134 0.21419581510441124 443
1783167322513 0.195878288334121 444
1783167324895 0.1775470560053074 445
1783167327193 0.15878798527786472 446
1783167329801 0.13839560513825527 447
1783167332274 0.11731560437727309 448
1783167334801 0.10037547133500738 449
