1783167275686 0.7304641531666959 425
1783167278387 0.7304641537599565 426
1783167280863 0.73046415167161 427
1783167283554 0.730464145954759 428
1783167286108 0.7304641634716564 429
1783167288598 0.7304641480100528 430
1783167291105 0.7304641538735611 431
1783167293621 0.730464159991742 432
1783167296303 0.7304641603240224 433
1783167298804 0.7304641599887545 434
1783167301199 0.7304641547418599 435
1783167303658 0.7304641548654772 436
1783167306222 0.7304641564521859 437
1783167308721 0.7304641562245269 438
1783167310951 0.7304641578782671 439
1783167313198 0.7304641667811785 440
1783167315419 0.7304641508683665 441
1783167317669 0.7304641438478608 442
1783167320134 0.7304641462218001 443
1783167322513 0.7304641617900846 444
1783167324895 0.7304641517616438 445
1783167327193 0.7304641548857478 446
1783167329801 0.730464152673419 447
1783167332274 0.7304641641463188 448
1783167334801 0.7304641560423909 449
