1783167275686 0.23783266116780313 425
1783167278387 0.23832918223309785 426
1783167280863 0.23883536145810716 427
1783167283554 0.23931265010667796 428
1783167286108 0.23975556911053983 429
1783167288598 0.2401686640964313 430
1783167291105 0.24056189202449538 431
1783167293621 0.24089899066496978 432
1783167296303 0.24117605299265546 433
1783167298804 0.24140996443615717 434
1783167301199 0.2415986376052553 435
1783167303658 0.24175758795304733 436
1783167306222 0.24190320311622185 437
1783167308721 0.24204343142495913 438
1783167310951 0.2421985144980929 439
1783167313198 0.2423961294645613 440
1783167315419 0.242640278048136 441
1783167317669 0.24292486211792988 442
1783167320134 0.24327043477784505 443
1783167322513 0.2436842970888723 444
1783167324895 0.24418423104692588 445
1783167327193 0.24477518942545762 446
1783167329801 0.24546524679118936 447
1783167332274 0.24625457704744555 448
1783167334801 0.24713799348947676 449
