1783167275686 0.1596208946860355 425
1783167278387 0.15962090051692465 426
1783167280863 0.15962089662966522 427
1783167283554 0.15962089792541836 428
1783167286108 0.15962089598178864 429
1783167288598 0.15962089857329492 430
1783167291105 0.15962089792541836 431
1783167293621 0.15962089662966522 432
1783167296303 0.1596208992211715 433
1783167298804 0.1596208992211715 434
1783167301199 0.15962089662966522 435
1783167303658 0.15962089727754178 436
1783167306222 0.15962089533391205 437
1783167308721 0.15962089986904807 438
1783167310951 0.15962089986904807 439
1783167313198 0.15962090051692465 440
1783167315419 0.1596208946860355 441
1783167317669 0.15962089986904807 442
1783167320134 0.15962089986904807 443
1783167322513 0.15962089727754178 444
1783167324895 0.15962089533391205 445
1783167327193 0.15962089598178864 446
1783167329801 0.15962089857329492 447
1783167332274 0.15962089727754178 448
1783167334801 0.15962089533391205 449
