1783167275686 0.8309502601623535 425
1783167278387 0.8337469878404037 426
1783167280863 0.8365643801896469 427
1783167283554 0.8393809432568757 428
1783167286108 0.8421877311623615 429
1783167288598 0.8449258415595345 430
1783167291105 0.8476050288780875 431
1783167293621 0.850232614123303 432
1783167296303 0.8527685792549796 433
1783167298804 0.8552356725153716 434
1783167301199 0.8576120552809342 435
1783167303658 0.8598756764246069 436
1783167306222 0.8620046195776566 437
1783167308721 0.8639842064484305 438
1783167310951 0.8657762978387915 439
1783167313198 0.8673289703286212 440
1783167315419 0.8686020426128221 441
1783167317669 0.869550751603168 442
1783167320134 0.8701730836992678 443
1783167322513 0.870471267596535 444
1783167324895 0.8704264734102332 445
1783167327193 0.8700355058131011 446
1783167329801 0.869274237881536 447
1783167332274 0.8681602322536967 448
1783167334801 0.8667201088822406 449
