1783167275686 0.6703919146371924 425
1783167278387 0.6703919211159581 426
1783167280863 0.6703919444395148 427
1783167283554 0.6703919237074645 428
1783167286108 0.6703919237074645 429
1783167288598 0.6703919275947239 430
1783167291105 0.6703919120456862 431
1783167293621 0.6703919198202051 432
1783167296303 0.6703919224117113 433
1783167298804 0.6703919133414393 434
1783167301199 0.6703919081584268 435
1783167303658 0.6703919172286987 436
1783167306222 0.6703919055669204 437
1783167308721 0.6703919081584268 438
1783167310951 0.670391901679661 439
1783167313198 0.6703919172286987 440
1783167315419 0.6703919327777365 441
1783167317669 0.6703919211159581 442
1783167320134 0.670391928890477 443
1783167322513 0.6703919172286987 444
1783167324895 0.6703919340734896 445
1783167327193 0.6703919055669204 446
1783167329801 0.6703919250032176 447
1783167332274 0.6703919211159581 448
1783167334801 0.670391910749933 449
