1783167275686 0.32960808536280756 425
1783167278387 0.3296080775882887 426
1783167280863 0.32960805426473205 427
1783167283554 0.3296080749967824 428
1783167286108 0.3296080749967824 429
1783167288598 0.32960807240527606 430
1783167291105 0.32960808536280756 431
1783167293621 0.3296080775882887 432
1783167296303 0.3296080775882887 433
1783167298804 0.32960808536280756 434
1783167301199 0.3296080931373265 435
1783167303658 0.329608080179795 436
1783167306222 0.3296080931373265 437
1783167308721 0.32960809054582013 438
1783167310951 0.32960809832033905 439
1783167313198 0.329608080179795 440
1783167315419 0.3296080672222635 441
1783167317669 0.329608080179795 442
1783167320134 0.3296080698137698 443
1783167322513 0.32960808277130127 444
1783167324895 0.3296080646307572 445
1783167327193 0.3296080931373265 446
1783167329801 0.3296080749967824 447
1783167332274 0.3296080775882887 448
1783167334801 0.32960808795431384 449
