1783167275686 0.31771796812181885 425
1783167278387 0.31771796876969544 426
1783167280863 0.3177179797835972 427
1783167283554 0.3177179771920909 428
1783167286108 0.3177179849666098 429
1783167288598 0.31771796682606573 430
1783167291105 0.31771798367085663 431
1783167293621 0.31771797848784405 432
1783167296303 0.31771797848784405 433
1783167298804 0.3177179849666098 434
1783167301199 0.31771797848784405 435
1783167303658 0.31771798367085663 436
1783167306222 0.31771797589633777 437
1783167308721 0.31771797589633777 438
1783167310951 0.31771797848784405 439
1783167313198 0.3177179713612017 440
1783167315419 0.3177179888538692 441
1783167317669 0.3177179862623629 442
1783167320134 0.31771798107935034 443
1783167322513 0.31771797848784405 444
1783167324895 0.31771796682606573 445
1783167327193 0.3177179797835972 446
1783167329801 0.3177179733048315 447
1783167332274 0.3177179849666098 448
1783167334801 0.3177179849666098 449
