1783167275686 0.9980975259905276 425
1783167278387 0.9994958561399708 426
1783167280863 1.0009045367655547 427
1783167283554 1.0023128597632698 428
1783167286108 1.0037162640820378 429
1783167288598 1.0050852817037832 430
1783167291105 1.0064249012781226 431
1783167293621 1.0077386887177178 432
1783167296303 1.0090066738750623 433
1783167298804 1.010240217913752 434
1783167301199 1.0114284131837927 435
1783167303658 1.0125602172768635 436
1783167306222 1.0136247355005015 437
1783167308721 1.0146144939505535 438
1783167310951 1.0155105331669683 439
1783167313198 1.01628686811613 440
1783167315419 1.016923373160155 441
1783167317669 1.0173977587534033 442
1783167320134 1.0177089105481687 443
1783167322513 1.017858007679815 444
1783167324895 1.0178355756013289 445
1783167327193 1.0176401552946672 446
1783167329801 1.017259488935056 447
1783167332274 1.016702493895655 448
1783167334801 1.015982449054718 449
