1783167275686 0.26953586547271063 425
1783167278387 0.2695358369661414 426
1783167280863 0.2695358551066855 427
1783167283554 0.26953586288120435 428
1783167286108 0.26953586028969806 429
1783167288598 0.2695358395576477 430
1783167291105 0.2695358551066855 431
1783167293621 0.26953586547271063 432
1783167296303 0.26953586028969806 433
1783167298804 0.26953585769819177 434
1783167301199 0.26953587065572326 435
1783167303658 0.2695358499236729 436
1783167306222 0.26953586028969806 437
1783167308721 0.26953585769819177 438
1783167310951 0.26953586547271063 439
1783167313198 0.26953584733216657 440
1783167315419 0.26953585769819177 441
1783167317669 0.26953586547271063 442
1783167320134 0.26953584733216657 443
1783167322513 0.26953586028969806 444
1783167324895 0.2695358395576477 445
1783167327193 0.26953586288120435 446
1783167329801 0.2695358525151792 447
1783167332274 0.26953583178312884 448
1783167334801 0.2695358499236729 449
