1783167275686 4.762221958326257 425
1783167278387 4.729014914968739 426
1783167280863 4.698443226192309 427
1783167283554 4.670826974122421 428
1783167286108 4.645756555640179 429
1783167288598 4.622472472812818 430
1783167291105 4.577587449032327 431
1783167293621 4.535273624503094 432
1783167296303 4.495252671449081 433
1783167298804 4.457692291425622 434
1783167301199 4.421814452046934 435
1783167303658 4.387703377267589 436
1783167306222 4.3556232659713086 437
1783167308721 4.325415621633115 438
1783167310951 4.296346913213315 439
1783167313198 4.268539179926333 440
1783167315419 4.246587089870287 441
1783167317669 4.224258391753487 442
1783167320134 4.202880185583363 443
1783167322513 4.182251287543255 444
1783167324895 4.162776988485585 445
1783167327193 4.145134853280109 446
1783167329801 4.128398988557898 447
1783167332274 4.112082833829134 448
1783167334801 4.097707458164381 449
