1783167275686 0.0975873039468475 425
1783167278387 0.09758730491866237 426
1783167280863 0.09758730329897093 427
1783167283554 0.09758730459472408 428
1783167286108 0.0975873039468475 429
1783167288598 0.0975873039468475 430
1783167291105 0.0975873039468475 431
1783167293621 0.09758730427078578 432
1783167296303 0.09758730491866237 433
1783167298804 0.09758730459472408 434
1783167301199 0.09758730329897093 435
1783167303658 0.09758730427078578 436
1783167306222 0.09758730459472408 437
1783167308721 0.09758730459472408 438
1783167310951 0.09758730524260065 439
1783167313198 0.09758730556653894 440
1783167315419 0.09758730427078578 441
1783167317669 0.09758730427078578 442
1783167320134 0.09758730329897093 443
1783167322513 0.09758730427078578 444
1783167324895 0.09758730232715607 445
1783167327193 0.09758730297503264 446
1783167329801 0.0975873039468475 447
1783167332274 0.09758730524260065 448
1783167334801 0.09758730459472408 449
