1782943476153 0.4151810208956401 121
1782943481195 0.4151810208956401 122
1782943483533 0.4151810208956401 123
1782943484268 0.4151810208956401 124
1782943485368 0.4151810208956401 125
1782943486100 0.4151810208956401 126
1782943487192 0.4151810208956401 127
1782943487918 0.4151810208956401 128
1782943489023 0.4151810208956401 129
1782943489749 0.4151810208956401 130
1782943490862 0.4151810208956401 131
1782943491595 0.4151810208956401 132
1782943492763 0.4151810208956401 133
1782943493508 0.4151810208956401 134
1782943494741 0.4151810208956401 135
1782943495481 0.4151810208956401 136
1782943496599 0.4151810208956401 137
1782943497325 0.4151810208956401 138
1782943498414 0.4151810208956401 139
1782943499149 0.4151810208956401 140
