1782943476153 0.8916420340538025 121
1782943481195 0.8916420340538025 122
1782943483533 0.8916420340538025 123
1782943484268 0.8916422327359518 124
1782943485368 0.8916420340538025 125
1782943486100 0.8916419545809428 126
1782943487192 0.8916419148445129 127
1782943487918 0.8916420340538025 128
1782943489023 0.8916420141855875 129
1782943489749 0.8916420737902323 130
1782943490862 0.891641894976298 131
1782943491595 0.8916420340538025 132
1782943492763 0.8916420141855875 133
1782943493508 0.8916419148445129 134
1782943494741 0.8916419148445129 135
1782943495481 0.8916420936584473 136
1782943496599 0.8916419744491577 137
1782943497325 0.8916419148445129 138
1782943498414 0.8916420340538025 139
1782943499149 0.8916420340538025 140
