1782943476153 0.02849076564113299 121
1782943481195 0.028490763778487842 122
1782943483533 0.028490764399369557 123
1782943484268 0.028490761915842693 124
1782943485368 0.028490763157606125 125
1782943486100 0.028490763157606125 126
1782943487192 0.028490762536724407 127
1782943487918 0.02849076564113299 128
1782943489023 0.028490764399369557 129
1782943489749 0.028490763778487842 130
1782943490862 0.028490764399369557 131
1782943491595 0.028490763778487842 132
1782943492763 0.028490761915842693 133
1782943493508 0.028490764399369557 134
1782943494741 0.028490762536724407 135
1782943495481 0.028490761915842693 136
1782943496599 0.028490762536724407 137
1782943497325 0.028490761915842693 138
1782943498414 0.028490761294960976 139
1782943499149 0.028490762536724407 140
