1782943476153 23.382939338684082 121
1782943481195 5.020744323730469 122
1782943483533 1.5739412307739258 123
1782943484268 0.7111718654632568 124
1782943485368 0.6975996494293213 125
1782943486100 0.7057497501373291 126
1782943487192 0.697596549987793 127
1782943487918 0.7038335800170898 128
1782943489023 0.6999423503875732 129
1782943489749 0.7054924964904785 130
1782943490862 0.7011303901672363 131
1782943491595 0.7058818340301514 132
1782943492763 0.7591588497161865 133
1782943493508 0.7217791080474854 134
1782943494741 0.7094449996948242 135
1782943495481 0.7124590873718262 136
1782943496599 0.7126491069793701 137
1782943497325 0.7049331665039062 138
1782943498414 0.7019126415252686 139
1782943499149 0.7109525203704834 140
