1782943476153 1.4232289163689864 121
1782943481195 1.4232289665623714 122
1782943483533 1.4232288159822162 123
1782943484268 1.4232290669491416 124
1782943485368 1.4232288159822162 125
1782943486100 1.4232289163689864 126
1782943487192 1.4232289163689864 127
1782943487918 1.4232289163689864 128
1782943489023 1.4232289163689864 129
1782943489749 1.4232290167557566 130
1782943490862 1.4232289163689864 131
1782943491595 1.4232289163689864 132
1782943492763 1.4232289163689864 133
1782943493508 1.4232290167557566 134
1782943494741 1.4232289163689864 135
1782943495481 1.4232289665623714 136
1782943496599 1.4232289163689864 137
1782943497325 1.4232288661756014 138
1782943498414 1.4232288159822162 139
1782943499149 1.4232287657888312 140
