1782943476153 1.3506232261657716 121
1782943481195 1.3506231307983398 122
1782943483533 1.3506231307983398 123
1782943484268 1.3506232261657716 124
1782943485368 1.3506232261657716 125
1782943486100 1.3506232261657716 126
1782943487192 1.3506232261657716 127
1782943487918 1.350623321533203 128
1782943489023 1.350623321533203 129
1782943489749 1.3506232261657716 130
1782943490862 1.3506232261657716 131
1782943491595 1.3506231307983398 132
1782943492763 1.3506231307983398 133
1782943493508 1.350623321533203 134
1782943494741 1.3506231307983398 135
1782943495481 1.3506232261657716 136
1782943496599 1.3506231307983398 137
1782943497325 1.350623321533203 138
1782943498414 1.3506232261657716 139
1782943499149 1.350623321533203 140
