1782943476153 0.22477436065673828 121
1782943481195 0.22478336095809937 122
1782943483533 0.22478465735912323 123
1782943484268 0.2247876524925232 124
1782943485368 0.22479049861431122 125
1782943486100 0.2247915118932724 126
1782943487192 0.22479189932346344 127
1782943487918 0.2247922271490097 128
1782943489023 0.22479267418384552 129
1782943489749 0.22479581832885742 130
1782943490862 0.22479604184627533 131
1782943491595 0.22479604184627533 132
1782943492763 0.22479604184627533 133
1782943493508 0.22479601204395294 134
1782943494741 0.22479601204395294 135
1782943495481 0.22479604184627533 136
1782943496599 0.22479604184627533 137
1782943497325 0.22479604184627533 138
1782943498414 0.22479604184627533 139
1782943499149 0.22479604184627533 140
