1782943476153 1.2185148964068986 121
1782943481195 1.2185148401014039 122
1782943483533 1.2185148682541513 123
1782943484268 1.2185148401014039 124
1782943485368 1.218514924559646 125
1782943486100 1.218514924559646 126
1782943487192 1.2185148964068986 127
1782943487918 1.218514924559646 128
1782943489023 1.2185149527123933 129
1782943489749 1.2185148119486566 130
1782943490862 1.218514924559646 131
1782943491595 1.2185149527123933 132
1782943492763 1.2185148964068986 133
1782943493508 1.2185148401014039 134
1782943494741 1.2185148682541513 135
1782943495481 1.2185148682541513 136
1782943496599 1.218514924559646 137
1782943497325 1.218514924559646 138
1782943498414 1.218514924559646 139
1782943499149 1.2185148682541513 140
