1782943476153 0.5748268081455574 121
1782943481195 0.5748270457612132 122
1782943483533 0.5748257459937836 123
1782943484268 0.5748268129674152 124
1782943485368 0.5748275140724551 125
1782943486100 0.5748264779713277 126
1782943487192 0.5748268081455574 127
1782943487918 0.5748273670041102 128
1782943489023 0.5748273670041102 129
1782943489749 0.574826955214002 130
1782943490862 0.5748268081455574 131
1782943491595 0.5748259698562203 132
1782943492763 0.5748254926131383 133
1782943493508 0.5748273670041102 134
1782943494741 0.5748256396816926 135
1782943495481 0.5748268081455574 136
1782943496599 0.5748258227875513 137
1782943497325 0.5748273670041102 138
1782943498414 0.5748256117793913 139
1782943499149 0.5748273670041102 140
