1782943476153 0.702297909347275 121
1782943481195 0.7022979071800178 122
1782943483533 0.7022978847709166 123
1782943484268 0.7022979494956778 124
1782943485368 0.7022979411404447 125
1782943486100 0.7022979434007269 126
1782943487192 0.7022979223346866 127
1782943487918 0.7022979483811969 128
1782943489023 0.7022979336981953 129
1782943489749 0.7022979213241065 130
1782943490862 0.7022979340929673 131
1782943491595 0.7022979061908892 132
1782943492763 0.702297925138291 133
1782943493508 0.7022979339436081 134
1782943494741 0.7022979277355028 135
1782943495481 0.7022979297839168 136
1782943496599 0.7022979176085231 137
1782943497325 0.7022978914960002 138
1782943498414 0.7022979497437892 139
1782943499149 0.7022979522031364 140
