1782943476153 1.384110649426778 121
1782943481195 1.384111722310384 122
1782943483533 1.3841119209925334 123
1782943484268 1.3841124773025513 124
1782943485368 1.3841127554575603 125
1782943486100 1.38411283493042 126
1782943487192 1.3841128746668498 127
1782943487918 1.3841129541397095 128
1782943489023 1.384113033612569 129
1782943489749 1.3841134309768677 130
1782943490862 1.3841135104497273 131
1782943491595 1.3841135104497273 132
1782943492763 1.3841135501861572 133
1782943493508 1.3841135501861572 134
1782943494741 1.3841135501861572 135
1782943495481 1.3841135501861572 136
1782943496599 1.3841135501861572 137
1782943497325 1.3841135501861572 138
1782943498414 1.3841135501861572 139
1782943499149 1.3841135501861572 140
