1782943476153 0.6606122652689616 121
1782943481195 0.6606122652689616 122
1782943483533 0.6606122652689616 123
1782943484268 0.6606122652689616 124
1782943485368 0.6606122652689616 125
1782943486100 0.6606122652689616 126
1782943487192 0.6606122652689616 127
1782943487918 0.6606122652689616 128
1782943489023 0.6606122652689616 129
1782943489749 0.6606122652689616 130
1782943490862 0.6606122652689616 131
1782943491595 0.6606122652689616 132
1782943492763 0.6606122652689616 133
1782943493508 0.6606122652689616 134
1782943494741 0.6606122652689616 135
1782943495481 0.6606122652689616 136
1782943496599 0.6606122652689616 137
1782943497325 0.6606122652689616 138
1782943498414 0.6606122652689616 139
1782943499149 0.6606122652689616 140
