1782943476153 -0.04372088114420573 121
1782943481195 -0.04372088114420573 122
1782943483533 -0.04372088114420573 123
1782943484268 -0.04372088114420573 124
1782943485368 -0.04372088114420573 125
1782943486100 -0.04372088114420573 126
1782943487192 -0.04372088114420573 127
1782943487918 -0.04372088114420573 128
1782943489023 -0.04372088114420573 129
1782943489749 -0.04372088114420573 130
1782943490862 -0.04372088114420573 131
1782943491595 -0.04372088114420573 132
1782943492763 -0.04372088114420573 133
1782943493508 -0.04372088114420573 134
1782943494741 -0.04372088114420573 135
1782943495481 -0.04372088114420573 136
1782943496599 -0.04372088114420573 137
1782943497325 -0.04372088114420573 138
1782943498414 -0.04372088114420573 139
1782943499149 -0.04372088114420573 140
