1782943476153 0.8421892325083414 121
1782943481195 0.8421892325083414 122
1782943483533 0.8421892325083414 123
1782943484268 0.8421892325083414 124
1782943485368 0.8421892325083414 125
1782943486100 0.8421892325083414 126
1782943487192 0.8421892325083414 127
1782943487918 0.8421892325083414 128
1782943489023 0.8421892325083414 129
1782943489749 0.8421892325083414 130
1782943490862 0.8421892325083414 131
1782943491595 0.8421892325083414 132
1782943492763 0.8421892325083414 133
1782943493508 0.8421892325083414 134
1782943494741 0.8421892325083414 135
1782943495481 0.8421892325083414 136
1782943496599 0.8421892325083414 137
1782943497325 0.8421892325083414 138
1782943498414 0.8421892325083414 139
1782943499149 0.8421892325083414 140
