1782943476153 0.35539036989212036 121
1782943481195 0.3554083506266276 122
1782943483533 0.35538047552108765 123
1782943484268 0.3554071287314097 124
1782943485368 0.3554047842820485 125
1782943486100 0.3554047842820485 126
1782943487192 0.3554047842820485 127
1782943487918 0.3554047842820485 128
1782943489023 0.3554047842820485 129
1782943489749 0.3554047842820485 130
1782943490862 0.355427364508311 131
1782943491595 0.355427364508311 132
1782943492763 0.355427364508311 133
1782943493508 0.355427364508311 134
1782943494741 0.355427364508311 135
1782943495481 0.355427364508311 136
1782943496599 0.355427364508311 137
1782943497325 0.355427364508311 138
1782943498414 0.355427364508311 139
1782943499149 0.355427364508311 140
