1782943476153 2.551761786142985 121
1782943481195 2.5517603556315103 122
1782943483533 2.551762421925863 123
1782943484268 2.5517603556315103 124
1782943485368 2.5517605940500894 125
1782943486100 2.5517605940500894 126
1782943487192 2.5517605940500894 127
1782943487918 2.5517605940500894 128
1782943489023 2.5517605940500894 129
1782943489749 2.55176051457723 130
1782943490862 2.5517588456471763 131
1782943491595 2.5517588456471763 132
1782943492763 2.5517588456471763 133
1782943493508 2.5517588456471763 134
1782943494741 2.5517588456471763 135
1782943495481 2.5517588456471763 136
1782943496599 2.5517588456471763 137
1782943497325 2.5517588456471763 138
1782943498414 2.5517588456471763 139
1782943499149 2.5517588456471763 140
