1782943476153 0.23257489999135336 121
1782943481195 0.23257489999135336 122
1782943483533 0.23257489999135336 123
1782943484268 0.23257489999135336 124
1782943485368 0.23257489999135336 125
1782943486100 0.23257489999135336 126
1782943487192 0.23257489999135336 127
1782943487918 0.23257489999135336 128
1782943489023 0.23257489999135336 129
1782943489749 0.23257489999135336 130
1782943490862 0.23257489999135336 131
1782943491595 0.23257489999135336 132
1782943492763 0.23257489999135336 133
1782943493508 0.23257489999135336 134
1782943494741 0.23257489999135336 135
1782943495481 0.23257489999135336 136
1782943496599 0.23257489999135336 137
1782943497325 0.23257489999135336 138
1782943498414 0.23257489999135336 139
1782943499149 0.23257489999135336 140
