1783167060830 0.20351088630116504 424
1783167063283 0.20351088370965875 425
1783167065950 0.2035108843575353 426
1783167068324 0.20351088370965875 427
1783167070662 0.20351088176602902 428
1783167072969 0.20351088565328848 429
1783167075340 0.20351088759691818 430
1783167077873 0.2035108843575353 431
1783167080260 0.20351087917452274 432
1783167082613 0.20351088111815246 433
1783167085057 0.20351088630116504 434
1783167087430 0.20351088306178217 435
1783167089839 0.2035108850054119 436
1783167092193 0.20351089018842447 437
1783167094536 0.20351088630116504 438
