1783167060830 1.0205127985581108 424
1783167063283 1.0205127959666045 425
1783167065950 1.020512808924136 426
1783167068324 1.020512808924136 427
1783167070662 1.0205127959666045 428
1783167072969 1.0205128218816675 429
1783167075340 1.0205128115156423 430
1783167077873 1.0205127752345542 431
1783167080260 1.0205128244731738 432
1783167082613 1.0205128166986548 433
1783167085057 1.0205128063326296 434
1783167087430 1.0205127856005793 435
1783167089839 1.0205128141071484 436
1783167092193 1.0205128218816675 437
1783167094536 1.0205128166986548 438
