1783167060830 1.0547074157258738 424
1783167063283 1.054707407951355 425
1783167065950 1.0547074805135312 426
1783167068324 1.0547074727390124 427
1783167070662 1.0547074416409368 428
1783167072969 1.0547073975853298 429
1783167075340 1.0547074934710627 430
1783167077873 1.0547074157258738 431
1783167080260 1.0547074494154558 432
1783167082613 1.0547074831050376 433
1783167085057 1.0547074286834053 434
1783167087430 1.0547074416409368 435
1783167089839 1.0547074183173801 436
1783167092193 1.0547075090201006 437
1783167094536 1.0547074727390124 438
