1783167060830 1.4146493374885443 424
1783167063283 1.4146493419253323 425
1783167065950 1.4146493273961256 426
1783167068324 1.414649341238291 427
1783167070662 1.4146493212205697 428
1783167072969 1.4146493357789853 429
1783167075340 1.4146493396443705 430
1783167077873 1.4146493362025674 431
1783167080260 1.4146493302510015 432
1783167082613 1.4146493170455272 433
1783167085057 1.4146493271632112 434
1783167087430 1.4146493260873334 435
1783167089839 1.4146493332105685 436
1783167092193 1.4146493202337347 437
1783167094536 1.4146493032829963 438
