1783167060830 0.0564002895056186 424
1783167063283 0.056400289985750474 425
1783167065950 0.056400289689907256 426
1783167068324 0.05640028940266298 427
1783167070662 0.056400288152143485 428
1783167072969 0.05640028975469254 429
1783167075340 0.056400290252761415 430
1783167077873 0.056400289826320775 431
1783167080260 0.0564002890388305 432
1783167082613 0.05640028808239999 433
1783167085057 0.05640028951967498 434
1783167087430 0.05640028943511065 435
1783167089839 0.056400289672743846 436
1783167092193 0.056400289903149194 437
1783167094536 0.05640028845414727 438
