1783167060830 0.6355806762694046 424
1783167063283 0.6355806816034046 425
1783167065950 0.6355806694659641 426
1783167068324 0.635580679195864 427
1783167070662 0.6355806647552944 428
1783167072969 0.6355806732658629 429
1783167075340 0.6355806781359015 430
1783167077873 0.6355806767346733 431
1783167080260 0.6355806701523862 432
1783167082613 0.6355806597581664 433
1783167085057 0.6355806672693677 434
1783167087430 0.6355806693736173 435
1783167089839 0.6355806741232699 436
1783167092193 0.6355806619198083 437
1783167094536 0.63558065210467 438
