1783167060830 2.8039295971530267 424
1783167063283 2.8039296258510147 425
1783167065950 2.803929579816863 426
1783167068324 2.80392962128157 427
1783167070662 2.803929619128338 428
1783167072969 2.803929655497646 429
1783167075340 2.803929627732171 430
1783167077873 2.8039296191853853 431
1783167080260 2.803929627833369 432
1783167082613 2.8039296467586214 433
1783167085057 2.8039296550259682 434
1783167087430 2.8039296190560945 435
1783167089839 2.8039296269876943 436
1783167092193 2.8039295765414662 437
1783167094536 2.8039296353354883 438
