1783167060830 15.941160255605526 424
1783167063283 14.404181513136706 425
1783167065950 13.036497977728489 426
1783167068324 11.828326704503596 427
1783167070662 10.758936596809116 428
1783167072969 9.833823148949783 429
1783167075340 9.028499407928802 430
1783167077873 8.319213538433146 431
1783167080260 7.696173177197359 432
1783167082613 7.140260031241652 433
1783167085057 6.644829312445494 434
1783167087430 6.212857884498878 435
1783167089839 5.828385948286101 436
1783167092193 5.478670085321635 437
1783167094536 5.157020420886299 438
