1783167060830 0.23732906601137735 424
1783167063283 0.23818661597430368 425
1783167065950 0.2390208960648372 426
1783167068324 0.239819500034421 427
1783167070662 0.2405674198684706 428
1783167072969 0.24123077047988772 429
1783167075340 0.2417908865450458 430
1783167077873 0.24226674416356467 431
1783167080260 0.24266975635493343 432
1783167082613 0.2430069330148399 433
1783167085057 0.24329488495872778 434
1783167087430 0.2435141054236076 435
1783167089839 0.24365244272418998 436
1783167092193 0.24375768276778134 437
1783167094536 0.24385494645684958 438
