1783167060830 1.038170708262402 424
1783167063283 1.0381707056708958 425
1783167065950 1.0381706875303518 426
1783167068324 1.0381707134454146 427
1783167070662 1.038170697896377 428
1783167072969 1.0381706875303518 429
1783167075340 1.038170697896377 430
1783167077873 1.0381706849388455 431
1783167080260 1.0381706953048706 432
1783167082613 1.038170697896377 433
1783167085057 1.038170708262402 434
1783167087430 1.0381706667983013 435
1783167089839 1.0381706797558328 436
1783167092193 1.0381707108539084 437
1783167094536 1.0381707030793894 438
