1783167060830 3.236728169483643 424
1783167063283 3.2359463105862356 425
1783167065950 3.235170726544182 426
1783167068324 3.2344105497939024 427
1783167070662 3.233654569221568 428
1783167072969 3.232910099803148 429
1783167075340 3.2321842739687727 430
1783167077873 3.2314722876448285 431
1783167080260 3.230786889196211 432
1783167082613 3.230129210223925 433
1783167085057 3.2294980386400547 434
1783167087430 3.228894669993476 435
1783167089839 3.228324788801288 436
1783167092193 3.2277913151424733 437
1783167094536 3.2272994633066614 438
