1783167060830 0.171730133826318 424
1783167063283 0.16895141667160002 425
1783167065950 0.1661851246557806 426
1783167068324 0.16344963676174698 427
1783167070662 0.16076258470749724 428
1783167072969 0.15808696853523346 429
1783167075340 0.15547258701458896 430
1783167077873 0.15291355281015453 431
1783167080260 0.15041965997332465 432
1783167082613 0.1480283373966813 433
1783167085057 0.14572691791893347 434
1783167087430 0.14351413334193436 435
1783167089839 0.1414131879725534 436
1783167092193 0.13943729816895464 437
1783167094536 0.13759480198116406 438
