1783167060830 0.013294569824052893 424
1783167063283 0.013294577598571777 425
1783167065950 0.013294551683508831 426
1783167068324 0.013294551683508831 427
1783167070662 0.013294538725977358 428
1783167072969 0.013294536134471064 429
1783167075340 0.013294572415559189 430
1783167077873 0.013294546500496243 431
1783167080260 0.013294567232546598 432
1783167082613 0.013294536134471064 433
1783167085057 0.013294549092002537 434
1783167087430 0.013294543908989948 435
1783167089839 0.013294582781584366 436
1783167092193 0.01329456204953401 437
1783167094536 0.013294567232546598 438
