1783104578015 0.9637451171875 87
1783104582431 0.9771728515625 88
1783104586787 0.9770914713541666 89
1783104591092 0.9873046875 90
1783104595406 0.9933268229166666 91
1783104599721 0.9946695963541666 92
1783104604037 0.9945068359375 93
1783104608350 0.9940185546875 94
1783104612720 0.9933268229166666 95
1783104617053 0.9925944010416666 96
1783104621392 0.9913736979166666 97
1783104625808 0.990478515625 98
1783104630375 0.9912516276041666 99
1783104634843 0.9906005859375 100
1783104639412 0.9899088541666666 101
1783104643899 0.9901936848958334 102
1783104648385 0.9882405598958334 103
1783104652851 0.9843343098958334 104
1783104657453 0.9786783854166666 105
1783104661963 0.9685465494791666 106
1783104666588 0.9471028645833334 107
1783104671095 0.9354654947916666 108
1783104675584 0.911865234375 109
1783104680031 0.9198811848958334 110
1783104684574 0.9076334635416666 111
1783104689034 0.8551432291666666 112
1783104693509 0.8656005859375 113
1783104698087 0.86474609375 114
1783104702591 0.8302815755208334 115
1783104707121 0.7978922526041666 116
1783104711644 0.8399658203125 117
1783104716092 0.8402099609375 118
1783104720631 0.8033040364583334 119
1783104725317 0.8008219401041666 120
1783104729983 0.7970784505208334 121
1783104734940 0.8166910807291666 122
1783104739987 0.802490234375 123
1783104744363 0.7935384114583334 124
1783104748704 0.7703450520833334 125
1783104753069 0.784423828125 126
1783104757469 0.8168131510416666 127
1783104761902 0.7943929036458334 128
1783104766296 0.7622884114583334 129
1783104770657 0.7644449869791666 130
1783104774967 0.7696940104166666 131
1783104779286 0.7628987630208334 132
1783104783600 0.7528076171875 133
1783104787924 0.7416585286458334 134
1783104792289 0.7492268880208334 135
1783104796605 0.74560546875 136
1783104802395 0.7340087890625 137
1783104806784 0.7029622395833334 138
1783104811529 0.6472981770833334 139
1783104815932 0.5816650390625 140
1783104820292 0.554931640625 141
1783104824684 0.5281982421875 142
1783104829020 0.5091756184895834 143
1783104833383 0.5286661783854166 144
1783104837717 0.4659423828125 145
1783104842074 0.458984375 146
1783104846488 0.4961140950520833 147
1783104850918 0.46490478515625 148
1783104855280 0.4756876627604167 149
1783104859707 0.4985758463541667 150
1783104864164 0.4666748046875 151
1783104868595 0.531494140625 152
1783104872961 0.4837849934895833 153
1783104877320 0.4193929036458333 154
1783104881699 0.4280802408854167 155
1783104886056 0.42425537109375 156
1783104890438 0.40966796875 157
1783104894839 0.40069580078125 158
1783104899284 0.3940022786458333 159
1783104903663 0.4043172200520833 160
1783104908048 0.40423583984375 161
1783104912427 0.3860677083333333 162
1783104916793 0.3834025065104167 163
1783104921159 0.362548828125 164
1783104925562 0.3386433919270833 165
1783104929954 0.3560384114583333 166
1783104934294 0.3117268880208333 167
1783104938659 0.3305867513020833 168
1783104943041 0.3051554361979167 169
1783104947429 0.3065185546875 170
1783104951824 0.2950032552083333 171
1783104956228 0.2929484049479167 172
1783104960728 0.2920735677083333 173
1783104965550 0.2864786783854167 174
1783104970322 0.2975667317708333 175
1783104974997 0.2848917643229167 176
1783104979351 0.31536865234375 177
1783104983726 0.3187052408854167 178
1783104988119 0.30963134765625 179
1783104992505 0.3186238606770833 180
1783104996828 0.29827880859375 181
1783105001202 0.2812296549479167 182
1783105005752 0.2812093098958333 183
1783105010192 0.2782796223958333 184
1783105014662 0.2827555338541667 185
1783105018998 0.27734375 186
1783105023408 0.2897135416666667 187
1783105027768 0.2759806315104167 188
1783105032123 0.2838134765625 189
1783105036551 0.2697957356770833 190
1783105040937 0.264617919921875 191
1783105045278 0.2637736002604167 192
1783105049675 0.26348876953125 193
1783105054028 0.2666219075520833 194
1783105058460 0.2593892415364583 195
1783105062830 0.269622802734375 196
1783105067182 0.25067138671875 197
1783105071533 0.23974609375 198
1783105075895 0.26593017578125 199
1783105080311 0.24143473307291666 200
1783105084823 0.23610432942708334 201
1783105089215 0.244476318359375 202
1783105093631 0.24460856119791666 203
1783105097991 0.2512613932291667 204
1783105102404 0.2551676432291667 205
1783105106810 0.2504170735677083 206
1783105111200 0.247528076171875 207
1783105115681 0.23692830403645834 208
1783105120087 0.238739013671875 209
1783105124468 0.228424072265625 210
1783105128838 0.232177734375 211
1783105133202 0.23424275716145834 212
1783105137605 0.229461669921875 213
1783105141968 0.236083984375 214
1783105146362 0.217620849609375 215
1783105150738 0.22150675455729166 216
1783105155135 0.21512858072916666 217
1783105159579 0.23445638020833334 218
1783105163995 0.22074381510416666 219
1783105168363 0.22038777669270834 220
1783105172759 0.22283935546875 221
1783105177132 0.218902587890625 222
1783105181482 0.21620686848958334 223
1783105185895 0.21205647786458334 224
1783105190271 0.212921142578125 225
1783105194733 0.21356201171875 226
1783105199149 0.205047607421875 227
1783105203506 0.208709716796875 228
1783105207876 0.227874755859375 229
1783105212254 0.21280924479166666 230
1783105216677 0.20461018880208334 231
1783105221122 0.21122233072916666 232
1783105225669 0.20538330078125 233
1783105230085 0.19903564453125 234
1783105234469 0.20772298177083334 235
1783105238841 0.20037841796875 236
1783105243212 0.20228068033854166 237
1783105247603 0.199188232421875 238
1783105252013 0.195770263671875 239
1783105256389 0.20328776041666666 240
1783105260727 0.18571980794270834 241
1783105265157 0.19084676106770834 242
1783105269546 0.1868896484375 243
1783105273941 0.18993123372395834 244
1783105278324 0.17804972330729166 245
1783105282742 0.191436767578125 246
1783105287111 0.18921915690104166 247
1783105291481 0.17631022135416666 248
1783105295884 0.17207845052083334 249
1783105300273 0.18547566731770834 250
1783105304659 0.16776529947916666 251
1783105309093 0.17908732096354166 252
1783105313482 0.19464111328125 253
1783105317870 0.1866455078125 254
1783105322257 0.18294270833333334 255
1783105326645 0.17730712890625 256
1783105331009 0.17155965169270834 257
1783105335406 0.18000284830729166 258
1783105339892 0.175140380859375 259
1783105344269 0.16997273763020834 260
1783105348624 0.16982014973958334 261
1783105353231 0.164306640625 262
1783105357742 0.17376708984375 263
1783105362100 0.1727294921875 264
1783105366526 0.16583251953125 265
1783105370919 0.17423502604166666 266
1783105375285 0.17018636067708334 267
1783105379646 0.17847696940104166 268
1783105383973 0.16413370768229166 269
1783105388357 0.169036865234375 270
1783105392746 0.16578165690104166 271
1783105397224 0.17316691080729166 272
1783105401615 0.16709391276041666 273
1783105406106 0.18607584635416666 274
1783105410480 0.17148844401041666 275
1783105414848 0.164764404296875 276
1783105419608 0.17262776692708334 277
1783105424438 0.17563883463541666 278
1783105429220 0.17832438151041666 279
1783105434015 0.16120402018229166 280
1783105438933 0.16023763020833334 281
1783105443544 0.169281005859375 282
1783105448201 0.16158040364583334 283
1783105452907 0.17095947265625 284
1783105457449 0.16068522135416666 285
1783105462160 0.17613728841145834 286
1783105468617 0.15839640299479166 287
1783105473128 0.15739949544270834 288
1783105477448 0.15375773111979166 289
1783105481807 0.15384928385416666 290
1783105486157 0.152557373046875 291
1783105490487 0.15299479166666666 292
1783105494898 0.152130126953125 293
1783105499372 0.15184529622395834 294
1783105503676 0.15152994791666666 295
1783105508079 0.15102132161458334 296
1783105512415 0.15073649088541666 297
1783105516781 0.15044148763020834 298
1783105521344 0.15007527669270834 299
1783105525731 0.14997355143229166 300
1783105530082 0.14995320638020834 301
1783105534381 0.14982096354166666 302
1783105538679 0.14922078450520834 303
1783105543031 0.14890543619791666 304
1783105547545 0.14933268229166666 305
1783105551927 0.14888509114583334 306
1783105556312 0.14823404947916666 307
1783105560632 0.14945475260416666 308
1783105564986 0.148895263671875 309
1783105569278 0.14825439453125 310
1783105573581 0.14882405598958334 311
1783105577886 0.14808146158854166 312
1783105582194 0.14824422200520834 313
1783105586528 0.14764404296875 314
1783105590892 0.147247314453125 315
1783105595193 0.14729817708333334 316
1783105599489 0.14720662434895834 317
1783105603792 0.147064208984375 318
1783105608133 0.14705403645833334 319
1783105612479 0.14689127604166666 320
1783105616886 0.146697998046875 321
1783105621711 0.14708455403645834 322
1783105626191 0.14600626627604166 323
1783105630640 0.14661661783854166 324
1783105635040 0.14641316731770834 325
1783105639384 0.146697998046875 326
1783105643683 0.14621988932291666 327
1783105648082 0.14692179361979166 328
1783105652407 0.146636962890625 329
1783105656784 0.14654541015625 330
1783105661145 0.14634195963541666 331
1783105665482 0.14630126953125 332
1783105670077 0.14510091145833334 333
1783105674404 0.14601643880208334 334
1783105678713 0.14626057942708334 335
1783105683070 0.14548746744791666 336
