1783104578015 1.0856142739454906 87
1783104582431 0.8116576969623566 88
1783104586787 0.6155302226543427 89
1783104591092 0.3948112328847249 90
1783104595406 0.3314119676748912 91
1783104599721 0.3318065603574117 92
1783104604037 0.28723857800165814 93
1783104608350 0.2797520657380422 94
1783104612720 0.2578483025232951 95
1783104617053 0.20451032121976218 96
1783104621392 0.18974735339482626 97
1783104625808 0.15908142924308777 98
1783104630375 0.12708001335461935 99
1783104634843 0.13105003039042154 100
1783104639412 0.1140078604221344 101
1783104643899 0.12730162342389426 102
1783104648385 0.10748282074928284 103
1783104652851 0.1256901224454244 104
1783104657453 0.11480311552683513 105
1783104661963 0.11347602804501851 106
1783104666588 0.14334658781687418 107
1783104671095 0.168543408314387 108
1783104675584 0.21822107831637064 109
1783104680031 0.15116313099861145 110
1783104684574 0.17046236991882324 111
1783104689034 0.18622944752375284 112
1783104693509 0.21129115422566733 113
1783104698087 0.2217379609743754 114
1783104702591 0.19888319571812949 115
1783104707121 0.18656147519747415 116
1783104711644 0.20496346553166708 117
1783104716092 0.24596981207529703 118
1783104720631 0.21430050333340964 119
1783104725317 0.22812798619270325 120
1783104729983 0.22783025105794272 121
1783104734940 0.24136032660802206 122
1783104739987 0.23424188296000162 123
1783104744363 0.21915864944458008 124
1783104748704 0.2593215803305308 125
1783104753069 0.23663586378097534 126
1783104757469 0.24630840619405112 127
1783104761902 0.22042141358057657 128
1783104766296 0.25501249233881634 129
1783104770657 0.22801088293393454 130
1783104774967 0.22885189453760782 131
1783104779286 0.22276046872138977 132
1783104783600 0.24793516596158346 133
1783104787924 0.22876284519831339 134
1783104792289 0.24051080147425333 135
1783104796605 0.22151283423105875 136
1783104802395 0.24764137466748556 137
1783104806784 0.3000230093797048 138
1783104811529 0.2591639757156372 139
1783104815932 0.24233238895734152 140
1783104820292 0.23703826467196146 141
1783104824684 0.2453916867574056 142
1783104829020 0.2493264377117157 143
1783104833383 0.23593787352244058 144
1783104837717 0.21927576263745627 145
1783104842074 0.20955978830655417 146
1783104846488 0.29252418875694275 147
1783104850918 0.31822092334429425 148
1783104855280 0.2837979594866435 149
1783104859707 0.3335571090380351 150
1783104864164 0.3465750018755595 151
1783104868595 0.28587039311726886 152
1783104872961 0.30853129426638287 153
1783104877320 0.3330567280451457 154
1783104881699 0.30506547292073566 155
1783104886056 0.266909122467041 156
1783104890438 0.2751501301924388 157
1783104894839 0.24818928043047586 158
1783104899284 0.23593652248382568 159
1783104903663 0.21845394372940063 160
1783104908048 0.22501019636789957 161
1783104912427 0.19886645674705505 162
1783104916793 0.20300963521003723 163
1783104921159 0.18098269899686178 164
1783104925562 0.19935973485310873 165
1783104929954 0.16626315315564474 166
1783104934294 0.1928394834200541 167
1783104938659 0.1650576094786326 168
1783104943041 0.18749510248502096 169
1783104947429 0.16589662432670593 170
1783104951824 0.16890417536099753 171
1783104956228 0.17457374930381775 172
1783104960728 0.1836352547009786 173
1783104965550 0.1855727732181549 174
1783104970322 0.1915187935034434 175
1783104974997 0.21345107754071554 176
1783104979351 0.23659047484397888 177
1783104983726 0.19630674521128336 178
1783104988119 0.21003850301106772 179
1783104992505 0.19049277901649475 180
1783104996828 0.19197099407513937 181
1783105001202 0.1983453631401062 182
1783105005752 0.19030216336250305 183
1783105010192 0.17777172724405924 184
1783105014662 0.18235601981480917 185
1783105018998 0.16518827279408774 186
1783105023408 0.19031094511349997 187
1783105027768 0.18824567397435507 188
1783105032123 0.18827656904856363 189
1783105036551 0.15524542331695557 190
1783105040937 0.1513645052909851 191
1783105045278 0.1452841560045878 192
1783105049675 0.19365120927492777 193
1783105054028 0.17358814676602682 194
1783105058460 0.16192947824796042 195
1783105062830 0.16111122568448386 196
1783105067182 0.19959598779678345 197
1783105071533 0.17265154918034872 198
1783105075895 0.1739391287167867 199
1783105080311 0.1724206805229187 200
1783105084823 0.18447269996007284 201
1783105089215 0.18253010511398315 202
1783105093631 0.15387057264645895 203
1783105097991 0.12975693742434183 204
1783105102404 0.17764044801394144 205
1783105106810 0.17400390903155008 206
1783105111200 0.15957999229431152 207
1783105115681 0.18490366141001383 208
1783105120087 0.15982056657473245 209
1783105124468 0.1605279544989268 210
1783105128838 0.14351055026054382 211
1783105133202 0.15105073650678 212
1783105137605 0.14279579122861227 213
1783105141968 0.13733699917793274 214
1783105146362 0.15517176191012064 215
1783105150738 0.15099732081095377 216
1783105155135 0.12455908457438152 217
1783105159579 0.11461878816286723 218
1783105163995 0.1471481422583262 219
1783105168363 0.20247443517049155 220
1783105172759 0.16445801655451456 221
1783105177132 0.1901703973611196 222
1783105181482 0.2014700472354889 223
1783105185895 0.19415589173634848 224
1783105190271 0.1715236703554789 225
1783105194733 0.17093291878700256 226
1783105199149 0.1511183182398478 227
1783105203506 0.18157928188641867 228
1783105207876 0.2212139368057251 229
1783105212254 0.2121130625406901 230
1783105216677 0.18825371066729227 231
1783105221122 0.16877429684003195 232
1783105225669 0.18346840143203735 233
1783105230085 0.2275803585847219 234
1783105234469 0.252582589785258 235
1783105238841 0.2041068176428477 236
1783105243212 0.2006256878376007 237
1783105247603 0.22445741295814514 238
1783105252013 0.19949931899706522 239
1783105256389 0.19033234318097433 240
1783105260727 0.26575780908266705 241
1783105265157 0.24643435080846152 242
1783105269546 0.2342650592327118 243
1783105273941 0.2405473291873932 244
1783105278324 0.26235907276471454 245
1783105282742 0.24713020523389181 246
1783105287111 0.25446270902951557 247
1783105291481 0.23126518726348877 248
1783105295884 0.19967585802078247 249
1783105300273 0.2215292751789093 250
1783105304659 0.24679096539815268 251
1783105309093 0.22799753149350485 252
1783105313482 0.25433512528737384 253
1783105317870 0.2752692798773448 254
1783105322257 0.32822240392367047 255
1783105326645 0.28257102767626446 256
1783105331009 0.32021748026212055 257
1783105335406 0.32731112837791443 258
1783105339892 0.2872402270634969 259
1783105344269 0.25940340757369995 260
1783105348624 0.2838601569334666 261
1783105353231 0.26663653055826825 262
1783105357742 0.28050089875857037 263
1783105362100 0.28761101762453717 264
1783105366526 0.3558191955089569 265
1783105370919 0.3564300537109375 266
1783105375285 0.36876368522644043 267
1783105379646 0.3540079991022746 268
1783105383973 0.29751455783843994 269
1783105388357 0.307729035615921 270
1783105392746 0.5603421032428741 271
1783105397224 0.5570533275604248 272
1783105401615 0.4647813042004903 273
1783105406106 0.5622310837109884 274
1783105410480 0.6563242673873901 275
1783105414848 0.4825902084509532 276
1783105419608 0.509440004825592 277
1783105424438 0.517610102891922 278
1783105429220 0.5591775675614675 279
1783105434015 0.5465071499347687 280
1783105438933 0.40254255135854083 281
1783105443544 0.43129300077756244 282
1783105448201 0.5699028273423513 283
1783105452907 0.6915687521298727 284
1783105457449 0.6561164359251658 285
1783105462160 0.5647548039754232 286
1783105468617 0.5271140138308207 287
1783105473128 0.5213075478871664 288
1783105477448 0.5293102165063223 289
1783105481807 0.5924898982048035 290
1783105486157 0.49704516927401227 291
1783105490487 0.4980875054995219 292
1783105494898 0.5160142282644907 293
1783105499372 0.47658809026082355 294
1783105503676 0.44949986537297565 295
1783105508079 0.4607151945432027 296
1783105512415 0.4593665500481923 297
1783105516781 0.43680641055107117 298
1783105521344 0.42550710837046307 299
1783105525731 0.40477221210797626 300
1783105530082 0.4176003336906433 301
1783105534381 0.4505106210708618 302
1783105538679 0.43387846151987713 303
1783105543031 0.3921482264995575 304
1783105547545 0.38999905188878375 305
1783105551927 0.44372350970904034 306
1783105556312 0.43744566043217975 307
1783105560632 0.4079694350560506 308
1783105564986 0.4013658861319224 309
1783105569278 0.4306873679161072 310
1783105573581 0.4606953263282776 311
1783105577886 0.3990047872066498 312
1783105582194 0.3867799441019694 313
1783105586528 0.4206077555815379 314
1783105590892 0.4107707738876343 315
1783105595193 0.3865152796109517 316
1783105599489 0.36974528431892395 317
1783105603792 0.3857659697532654 318
1783105608133 0.41656739513079327 319
1783105612479 0.3860975404580434 320
1783105616886 0.373240460952123 321
1783105621711 0.3658748467763265 322
1783105626191 0.35865570108095807 323
1783105630640 0.38001659512519836 324
1783105635040 0.37187575300534564 325
1783105639384 0.349670151869456 326
1783105643683 0.35208024581273395 327
1783105648082 0.3647682766119639 328
1783105652407 0.3760309120019277 329
1783105656784 0.37078389525413513 330
1783105661145 0.355544517437617 331
1783105665482 0.331901212533315 332
1783105670077 0.34124526381492615 333
1783105674404 0.3417844772338867 334
1783105678713 0.35596538583437604 335
1783105683070 0.35012980302174884 336
