1783104578015 1.009066676100095 87
1783104582431 1.4227198263009389 88
1783104586787 1.618173619111379 89
1783104591092 1.7507882416248322 90
1783104595406 1.7844159007072449 91
1783104599721 1.778696616490682 92
1783104604037 1.8011077344417572 93
1783104608350 1.8103089829285939 94
1783104612720 1.8368389507134755 95
1783104617053 1.8597196539243062 96
1783104621392 1.8728427688280742 97
1783104625808 1.887294203042984 98
1783104630375 1.9010357956091564 99
1783104634843 1.9120620290438335 100
1783104639412 1.919128139813741 101
1783104643899 1.9040227731068928 102
1783104648385 1.9291332761446636 103
1783104652851 1.907911092042923 104
1783104657453 1.9073149065176647 105
1783104661963 1.9140303631623585 106
1783104666588 1.8943342963854473 107
1783104671095 1.8905863066514332 108
1783104675584 1.8600325385729473 109
1783104680031 1.885149617989858 110
1783104684574 1.8633793393770854 111
1783104689034 1.8627812365690868 112
1783104693509 1.8536906739075978 113
1783104698087 1.8480142652988434 114
1783104702591 1.859999308983485 115
1783104707121 1.8530844549338024 116
1783104711644 1.8418486018975575 117
1783104716092 1.8381959199905396 118
1783104720631 1.8444900314013164 119
1783104725317 1.8399872382481892 120
1783104729983 1.8267354369163513 121
1783104734940 1.8371030588944752 122
1783104739987 1.8532625536123912 123
1783104744363 1.8533085187276204 124
1783104748704 1.8157489597797394 125
1783104753069 1.8354916671911876 126
1783104757469 1.8161635100841522 127
1783104761902 1.8437414566675823 128
1783104766296 1.8170320590337117 129
1783104770657 1.8366514643033345 130
1783104774967 1.8283534149328868 131
1783104779286 1.8364165127277374 132
1783104783600 1.816745748122533 133
1783104787924 1.8333506385485332 134
1783104792289 1.8218222359816234 135
1783104796605 1.8416080872217815 136
1783104802395 1.8288902441660564 137
1783104806784 1.816591630379359 138
1783104811529 1.8391735951105754 139
1783104815932 1.8360994855562847 140
1783104820292 1.8478016157944996 141
1783104824684 1.8433958093325298 142
1783104829020 1.8389156858126323 143
1783104833383 1.8607135514418285 144
1783104837717 1.875270773967107 145
1783104842074 1.8924829065799713 146
1783104846488 1.8414713144302368 147
1783104850918 1.836200624704361 148
1783104855280 1.8571929236253102 149
1783104859707 1.825477123260498 150
1783104864164 1.8122985462347667 151
1783104868595 1.8588579694430034 152
1783104872961 1.8674248456954956 153
1783104877320 1.8470175663630168 154
1783104881699 1.859776794910431 155
1783104886056 1.8707969983418782 156
1783104890438 1.8765979607899983 157
1783104894839 1.8872256577014923 158
1783104899284 1.8962941765785217 159
1783104903663 1.907189279794693 160
1783104908048 1.90631036957105 161
1783104912427 1.9236556092898052 162
1783104916793 1.9182516137758892 163
1783104921159 1.9339093267917633 164
1783104925562 1.9236886501312256 165
1783104929954 1.9392438232898712 166
1783104934294 1.9289577305316925 167
1783104938659 1.9410502711931865 168
1783104943041 1.9353485703468323 169
1783104947429 1.9426217178503673 170
1783104951824 1.9465558131535847 171
1783104956228 1.9433227976163228 172
1783104960728 1.9398240447044373 173
1783104965550 1.9451135595639546 174
1783104970322 1.9336941440900166 175
1783104974997 1.933994323015213 176
1783104979351 1.9217111070950825 177
1783104983726 1.9411940077940624 178
1783104988119 1.9342988729476929 179
1783104992505 1.9427905480066936 180
1783104996828 1.9420482118924458 181
1783105001202 1.9432023862997692 182
1783105005752 1.936306397120158 183
1783105010192 1.9515938758850098 184
1783105014662 1.946934352318446 185
1783105018998 1.9538956383864086 186
1783105023408 1.9408072332541149 187
1783105027768 1.949127326409022 188
1783105032123 1.9518937170505524 189
1783105036551 1.9525935451189678 190
1783105040937 1.9612111449241638 191
1783105045278 1.9596386055151622 192
1783105049675 1.9490506450335185 193
1783105054028 1.9524734914302826 194
1783105058460 1.956811010837555 195
1783105062830 1.9540911217530568 196
1783105067182 1.9480163256327312 197
1783105071533 1.9584732751051586 198
1783105075895 1.9571949640909831 199
1783105080311 1.9522660473982494 200
1783105084823 1.9543530642986298 201
1783105089215 1.9596307178338368 202
1783105093631 1.9644214908281963 203
1783105097991 1.9707025686899822 204
1783105102404 1.9678903619448345 205
1783105106810 1.9537995755672455 206
1783105111200 1.954283446073532 207
1783105115681 1.9466939369837444 208
1783105120087 1.9575335681438446 209
1783105124468 1.958866556485494 210
1783105128838 1.9606694181760151 211
1783105133202 1.9583030541737874 212
1783105137605 1.9664113024870555 213
1783105141968 1.9654671649138133 214
1783105146362 1.9644738634427388 215
1783105150738 1.9680052200953166 216
1783105155135 1.9755928019682567 217
1783105159579 1.9703220029671986 218
1783105163995 1.9666783114274342 219
1783105168363 1.9609962105751038 220
1783105172759 1.9569169878959656 221
1783105177132 1.9520280361175537 222
1783105181482 1.9573455055554707 223
1783105185895 1.9515119791030884 224
1783105190271 1.9600185851256053 225
1783105194733 1.9618679980436962 226
1783105199149 1.961312969525655 227
1783105203506 1.9510970215002696 228
1783105207876 1.946037193139394 229
1783105212254 1.954776108264923 230
1783105216677 1.9555925528208415 231
1783105221122 1.9605152904987335 232
1783105225669 1.953593651453654 233
1783105230085 1.9492258032162983 234
1783105234469 1.9485862056414287 235
1783105238841 1.959242194890976 236
1783105243212 1.9606303075949352 237
1783105247603 1.9452036619186401 238
1783105252013 1.9467574059963226 239
1783105256389 1.9485465586185455 240
1783105260727 1.9427395164966583 241
1783105265157 1.939483920733134 242
1783105269546 1.9447663923104603 243
1783105273941 1.9379921853542328 244
1783105278324 1.9219258924325306 245
1783105282742 1.9211902817090352 246
1783105287111 1.9373401006062825 247
1783105291481 1.9447171688079834 248
1783105295884 1.955916206041972 249
1783105300273 1.9453579386075337 250
1783105304659 1.9532071650028229 251
1783105309093 1.954830716053645 252
1783105313482 1.9242006540298462 253
1783105317870 1.9253721137841542 254
1783105322257 1.9282489319642384 255
1783105326645 1.9330037732919056 256
1783105331009 1.903367022673289 257
1783105335406 1.919622818628947 258
1783105339892 1.9420674939950306 259
1783105344269 1.9365499715010326 260
1783105348624 1.9182378947734833 261
1783105353231 1.9376743535200756 262
1783105357742 1.9277468820412953 263
1783105362100 1.9243601461251576 264
1783105366526 1.9105212191740673 265
1783105370919 1.915325532356898 266
1783105375285 1.9089635213216145 267
1783105379646 1.921064684788386 268
1783105383973 1.928292989730835 269
1783105388357 1.9082985321680705 270
1783105392746 1.9078737199306488 271
1783105397224 1.8657275636990864 272
1783105401615 1.8834765553474426 273
1783105406106 1.8635962506135304 274
1783105410480 1.8457979361216228 275
1783105414848 1.8707739909489949 276
1783105419608 1.8604900141557057 277
1783105424438 1.859520713488261 278
1783105429220 1.8666089177131653 279
1783105434015 1.8704681595166524 280
1783105438933 1.9021137257417042 281
1783105443544 1.8997007807095845 282
1783105448201 1.864827295144399 283
1783105452907 1.8390707274278004 284
1783105457449 1.8228349288304646 285
1783105462160 1.8494353393713634 286
1783105468617 1.8548692564169567 287
1783105473128 1.8655603726704915 288
1783105477448 1.8651543358961742 289
1783105481807 1.8402973413467407 290
1783105486157 1.8750299016634624 291
1783105490487 1.8689710398515065 292
1783105494898 1.860972026983897 293
1783105499372 1.8751532236735027 294
1783105503676 1.8816011448701222 295
1783105508079 1.8792400260766347 296
1783105512415 1.8774762749671936 297
1783105516781 1.8795288999875386 298
1783105521344 1.8899142543474834 299
1783105525731 1.8973449766635895 300
1783105530082 1.8923492133617401 301
1783105534381 1.8778081734975178 302
1783105538679 1.8812524477640789 303
1783105543031 1.8988067209720612 304
1783105547545 1.8982740640640259 305
1783105551927 1.879799763361613 306
1783105556312 1.879402180512746 307
1783105560632 1.8970818320910137 308
1783105564986 1.8972317675749462 309
1783105569278 1.8826653858025868 310
1783105573581 1.8737853666146596 311
1783105577886 1.8978057006994884 312
1783105582194 1.898661345243454 313
1783105586528 1.8866548438866932 314
1783105590892 1.8865887820720673 315
1783105595193 1.900515208641688 316
1783105599489 1.9041096170743306 317
1783105603792 1.8975790739059448 318
1783105608133 1.8881824215253193 319
1783105612479 1.8949669698874156 320
1783105616886 1.9016440014044445 321
1783105621711 1.905888557434082 322
1783105626191 1.905438482761383 323
1783105630640 1.8990381956100464 324
1783105635040 1.895882099866867 325
1783105639384 1.906427909930547 326
1783105643683 1.9079042275746663 327
1783105648082 1.9084286093711853 328
1783105652407 1.899452030658722 329
1783105656784 1.901165376106898 330
1783105661145 1.8999059200286865 331
1783105665482 1.909207691748937 332
1783105670077 1.9119879603385925 333
1783105674404 1.9126985967159271 334
1783105678713 1.9067646364370983 335
1783105683070 1.90701225399971 336
