1783104578015 0.014636544463199433 87
1783104582431 0.02838134388452346 88
1783104586787 0.03062822341119928 89
1783104591092 0.036480699417596595 90
1783104595406 0.04208379575981691 91
1783104599721 0.041425514897513276 92
1783104604037 0.04097704224848762 93
1783104608350 0.0375647162557541 94
1783104612720 0.03686458621368176 95
1783104617053 0.03284347791326829 96
1783104621392 0.029450876709066057 97
1783104625808 0.02903040820757125 98
1783104630375 0.028663564788951986 99
1783104634843 0.031435087017066814 100
1783104639412 0.02840172659312117 101
1783104643899 0.028034113162388834 102
1783104648385 0.028822914137739478 103
1783104652851 0.026100546358980865 104
1783104657453 0.025986726191185985 105
1783104661963 0.025316799098421827 106
1783104666588 0.02334957225691055 107
1783104671095 0.02120328160613279 108
1783104675584 0.022905971800215915 109
1783104680031 0.02004444177270732 110
1783104684574 0.021337547576717256 111
1783104689034 0.021576140533119074 112
1783104693509 0.02220082830821947 113
1783104698087 0.019769062652748158 114
1783104702591 0.018224339641010025 115
1783104707121 0.017371272152957064 116
1783104711644 0.01989401911251641 117
1783104716092 0.02217814219268083 118
1783104720631 0.019959496657904963 119
1783104725317 0.021266391447483744 120
1783104729983 0.020831001117937165 121
1783104734940 0.02219980074860686 122
1783104739987 0.02244467235907603 123
1783104744363 0.02247116402304249 124
1783104748704 0.021901171956145354 125
1783104753069 0.02177115802415823 126
1783104757469 0.021142222838597333 127
1783104761902 0.021733010751852036 128
1783104766296 0.021414446108342793 129
1783104770657 0.02131933899989252 130
1783104774967 0.021608850049083552 131
1783104779286 0.021023141415491244 132
1783104783600 0.022912279442061357 133
1783104787924 0.021923118297491984 134
1783104792289 0.023012996935801503 135
1783104796605 0.02229972072564237 136
1783104802395 0.12408864573717825 137
1783104806784 0.14674469612954805 138
1783104811529 0.1331257684519677 139
1783104815932 0.12608729654000203 140
1783104820292 0.13325588531230917 141
1783104824684 0.1303790967061397 142
1783104829020 0.1322645479459911 143
1783104833383 0.13703016993708414 144
1783104837717 0.13428756290193086 145
1783104842074 0.1455259323390405 146
1783104846488 0.13118944442075517 147
1783104850918 0.16913059369709713 148
1783104855280 0.15264421744195916 149
1783104859707 0.19142234487441145 150
1783104864164 0.17718557548663907 151
1783104868595 0.14292860385720826 152
1783104872961 0.1617317583088788 153
1783104877320 0.17268528554920803 154
1783104881699 0.1834767577237707 155
1783104886056 0.18020369499160513 156
1783104890438 0.19287243706357063 157
1783104894839 0.18717200399209868 158
1783104899284 0.1873696644881995 159
1783104903663 0.18554956793675156 160
1783104908048 0.18248340428325482 161
1783104912427 0.18856858282226455 162
1783104916793 0.18894080545473554 163
1783104921159 0.17995655501496835 164
1783104925562 0.18411827651336177 165
1783104929954 0.17879056587543382 166
1783104934294 0.20722999583115106 167
1783104938659 0.19849996213175636 168
1783104943041 0.2034656774867802 169
1783104947429 0.1868957490544779 170
1783104951824 0.1990836833626343 171
1783104956228 0.19426575149115177 172
1783104960728 0.1925009457632727 173
1783104965550 0.21112657053183803 174
1783104970322 0.19755008764372384 175
1783104974997 0.20349020947814692 176
1783104979351 0.20266959851615243 177
1783104983726 0.1928603019699737 178
1783104988119 0.20787825801243473 179
1783104992505 0.2081103208478818 180
1783104996828 0.17810138244825793 181
1783105001202 0.1961577117850447 182
1783105005752 0.20118044539081673 183
1783105010192 0.2008649364714262 184
1783105014662 0.21315066286730186 185
1783105018998 0.19511095389640198 186
1783105023408 0.21212427419135726 187
1783105027768 0.21740688530779861 188
1783105032123 0.2242609337682588 189
1783105036551 0.21578890181205237 190
1783105040937 0.20834139494779932 191
1783105045278 0.19311705021290168 192
1783105049675 0.19645936727501237 193
1783105054028 0.1967390833774081 194
1783105058460 0.17839075411013253 195
1783105062830 0.17321169246630017 196
1783105067182 0.20009962907402243 197
1783105071533 0.19229914094791437 198
1783105075895 0.20718620087757825 199
1783105080311 0.21223321282288413 200
1783105084823 0.21287839752941431 201
1783105089215 0.20061383259968024 202
1783105093631 0.1991976392158541 203
1783105097991 0.19333017623147067 204
1783105102404 0.20249133633202318 205
1783105106810 0.21989738289346739 206
1783105111200 0.21299317865919923 207
1783105115681 0.212130942984789 208
1783105120087 0.2222022340271196 209
1783105124468 0.22992881398901346 210
1783105128838 0.20932190045921475 211
1783105133202 0.19461740344356362 212
1783105137605 0.20104959115782076 213
1783105141968 0.1961313523952617 214
1783105146362 0.1838028682508626 215
1783105150738 0.18992991524825417 216
1783105155135 0.19817652661749954 217
1783105159579 0.19596212391157064 218
1783105163995 0.1883185213735951 219
1783105168363 0.22117978610747532 220
1783105172759 0.19837665075664046 221
1783105177132 0.19743395068511052 222
1783105181482 0.2116150588742248 223
1783105185895 0.202937391538079 224
1783105190271 0.19450207027472058 225
1783105194733 0.2032734407464609 226
1783105199149 0.18846035055039348 227
1783105203506 0.1934981703181816 228
1783105207876 0.19561873375341857 229
1783105212254 0.20929971215466303 230
1783105216677 0.21520397280033218 231
1783105221122 0.21237261452280728 232
1783105225669 0.18992620932926685 233
1783105230085 0.21220817713636245 234
1783105234469 0.20892131739507344 235
1783105238841 0.21973002611092937 236
1783105243212 0.19837201044205321 237
1783105247603 0.19759498905894016 238
1783105252013 0.18463630116886162 239
1783105256389 0.19230343181746024 240
1783105260727 0.23793278740333254 241
1783105265157 0.20235450070322025 242
1783105269546 0.21298642884822017 243
1783105273941 0.21717953228089582 244
1783105278324 0.2008328654985341 245
1783105282742 0.193242919300914 246
1783105287111 0.21780347867546745 247
1783105291481 0.2071209217634615 248
1783105295884 0.19815564787322784 249
1783105300273 0.1924568982518902 250
1783105304659 0.2024445730757759 251
1783105309093 0.19276140183112436 252
1783105313482 0.1917142638335869 253
1783105317870 0.17628052704260644 254
1783105322257 0.20836230187271523 255
1783105326645 0.21425750212815312 256
1783105331009 0.18356078585839486 257
1783105335406 0.1978395533319636 258
1783105339892 0.20186982289715938 259
1783105344269 0.20121350708297434 260
1783105348624 0.19307290172491268 261
1783105353231 0.19323085749792066 262
1783105357742 0.1893624690563536 263
1783105362100 0.19555169627882205 264
1783105366526 0.19670838388989284 265
1783105370919 0.22478820483873652 266
1783105375285 0.21115239200905025 267
1783105379646 0.20868940578405695 268
1783105383973 0.19686096978217996 269
1783105388357 0.17217644051027634 270
1783105392746 0.22833136173523302 271
1783105397224 0.20371078593061678 272
1783105401615 0.19659065223645586 273
1783105406106 0.18649240627943023 274
1783105410480 0.19451078370703953 275
1783105414848 0.18228739377217704 276
1783105419608 0.20003213236396875 277
1783105424438 0.19321785039529007 278
1783105429220 0.20916733274608504 279
1783105434015 0.19735169730682203 280
1783105438933 0.1927921545810005 281
1783105443544 0.19628592755596697 282
1783105448201 0.185708790555255 283
1783105452907 0.19446687690578882 284
1783105457449 0.17954414045214476 285
1783105462160 0.2059111366655887 286
1783105468617 0.20339001353310618 287
1783105473128 0.20231592469261714 288
1783105477448 0.19337898212023721 289
1783105481807 0.1971099733012919 290
1783105486157 0.19559416602302293 291
1783105490487 0.1918550015688619 292
1783105494898 0.1923399416866082 293
1783105499372 0.1971348770633011 294
1783105503676 0.19770922262944624 295
1783105508079 0.19856173423386791 296
1783105512415 0.19503891750431665 297
1783105516781 0.19145170821033064 298
1783105521344 0.1946478426286755 299
1783105525731 0.19138958698228445 300
1783105530082 0.1952292816432535 301
1783105534381 0.19113845890976397 302
1783105538679 0.18818947387283214 303
1783105543031 0.1896518668163485 304
1783105547545 0.20108252780514602 305
1783105551927 0.19671155841179164 306
1783105556312 0.1912509762215869 307
1783105560632 0.20544897301168497 308
1783105564986 0.21064961857240513 309
1783105569278 0.20986512928690262 310
1783105573581 0.20748273340493692 311
1783105577886 0.20900600227244112 312
1783105582194 0.20316366778685876 313
1783105586528 0.20290531732636 314
1783105590892 0.19780430046177191 315
1783105595193 0.20082328054994292 316
1783105599489 0.19661898023206212 317
1783105603792 0.20025074211006175 318
1783105608133 0.19684569789246642 319
1783105612479 0.19284750395816394 320
1783105616886 0.19495454279314936 321
1783105621711 0.1953206873979512 322
1783105626191 0.1925689072009498 323
1783105630640 0.19127536232997097 324
1783105635040 0.18833731785711008 325
1783105639384 0.1912326679495909 326
1783105643683 0.18810642926507004 327
1783105648082 0.196841174483907 328
1783105652407 0.19066056689118563 329
1783105656784 0.18996258099505314 330
1783105661145 0.18863362138573816 331
1783105665482 0.18861355774395613 332
1783105670077 0.19107577244253574 333
1783105674404 0.18529671861986505 334
1783105678713 0.18805721238297327 335
1783105683070 0.18781938046414368 336
