1783104578015 0.00463151324831362 87
1783104582431 0.00638448562744794 88
1783104586787 0.004221346434450861 89
1783104591092 0.002597914023541429 90
1783104595406 0.0020770937705720687 91
1783104599721 0.0020527662213763545 92
1783104604037 0.0022568737608771572 93
1783104608350 0.0024087563681771712 94
1783104612720 0.0026702527587535684 95
1783104617053 0.002710144563527084 96
1783104621392 0.0029753088507235934 97
1783104625808 0.002953466377687079 98
1783104630375 0.002873775137936296 99
1783104634843 0.0032871833246817805 100
1783104639412 0.0031150340417270914 101
1783104643899 0.003504527672215234 102
1783104648385 0.0034754482344674016 103
1783104652851 0.003897806766746633 104
1783104657453 0.004900846607563953 105
1783104661963 0.006179908634357765 106
1783104666588 0.00750842287629214 107
1783104671095 0.009204488446054862 108
1783104675584 0.01237377388343682 109
1783104680031 0.010568421923597996 110
1783104684574 0.015055910393576117 111
1783104689034 0.014495554181067264 112
1783104693509 0.015516644064521003 113
1783104698087 0.017537517410840083 114
1783104702591 0.01689457518878845 115
1783104707121 0.017230081759850194 116
1783104711644 0.017379831189256376 117
1783104716092 0.018478203772281213 118
1783104720631 0.019225286874091946 119
1783104725317 0.018407631840929282 120
1783104729983 0.01853028655043482 121
1783104734940 0.0189851142751159 122
1783104739987 0.021229841285461886 123
1783104744363 0.02192180719353995 124
1783104748704 0.023032831185531774 125
1783104753069 0.019594707860372526 126
1783104757469 0.019549484006115427 127
1783104761902 0.021833281662203025 128
1783104766296 0.02234488287100223 129
1783104770657 0.02125060717286868 130
1783104774967 0.021657668147422624 131
1783104779286 0.023295842604008743 132
1783104783600 0.02356273529491169 133
1783104787924 0.024143548860598062 134
1783104792289 0.025145279980428332 135
1783104796605 0.026483190536251505 136
1783104802395 0.022722379852084997 137
1783104806784 0.02613972329750715 138
1783104811529 0.026593394138219362 139
1783104815932 0.028201087649204513 140
1783104820292 0.03161961128844214 141
1783104824684 0.03281804536650998 142
1783104829020 0.034234727463329166 143
1783104833383 0.036710254755198346 144
1783104837717 0.03827198615760506 145
1783104842074 0.042216407053855154 146
1783104846488 0.0418094391058326 147
1783104850918 0.04349322090913621 148
1783104855280 0.0445754927622905 149
1783104859707 0.04157492715052497 150
1783104864164 0.04420572334710401 151
1783104868595 0.04899543804193193 152
1783104872961 0.06157775525183786 153
1783104877320 0.06104089799360415 154
1783104881699 0.06766020986836123 155
1783104886056 0.06743535669830737 156
1783104890438 0.07146808204189807 157
1783104894839 0.07609342301706962 158
1783104899284 0.08003282720228153 159
1783104903663 0.08486476299637186 160
1783104908048 0.08735839808474334 161
1783104912427 0.0891022124366494 162
1783104916793 0.0979118486061481 163
1783104921159 0.09537999629769268 164
1783104925562 0.10503980413505154 165
1783104929954 0.10610981669619635 166
1783104934294 0.11352582728260004 167
1783104938659 0.11231689534017188 168
1783104943041 0.11497973272867405 169
1783104947429 0.10738398510984376 170
1783104951824 0.11294333032833175 171
1783104956228 0.11317405786556335 172
1783104960728 0.11037586149883377 173
1783104965550 0.11212670674689841 174
1783104970322 0.1131010971855707 175
1783104974997 0.11315476155163051 176
1783104979351 0.11639229511088439 177
1783104983726 0.111256002722265 178
1783104988119 0.1165783031618353 179
1783104992505 0.11854670753102996 180
1783104996828 0.11503181563182951 181
1783105001202 0.11701046426323163 182
1783105005752 0.11434656751581813 183
1783105010192 0.11491578009136938 184
1783105014662 0.11351241072566842 185
1783105018998 0.11557048855165797 186
1783105023408 0.11777828688986497 187
1783105027768 0.11428978146528203 188
1783105032123 0.11337158106216579 189
1783105036551 0.11656335306262317 190
1783105040937 0.11089489310428623 191
1783105045278 0.11212212826892202 192
1783105049675 0.11154049199099665 193
1783105054028 0.11342948004815519 194
1783105058460 0.10868463265741853 195
1783105062830 0.10890560311023371 196
1783105067182 0.11327631821020519 197
1783105071533 0.10936788861474912 198
1783105075895 0.11363627868337293 199
1783105080311 0.1153798191512483 200
1783105084823 0.10948140716842714 201
1783105089215 0.11056057757283654 202
1783105093631 0.10614704982360906 203
1783105097991 0.11209485883528086 204
1783105102404 0.10204421296951226 205
1783105106810 0.10615727132826941 206
1783105111200 0.10325960722209533 207
1783105115681 0.11109233854451744 208
1783105120087 0.1090167506746235 209
1783105124468 0.11295053184620855 210
1783105128838 0.10788432329676285 211
1783105133202 0.10582443546020119 212
1783105137605 0.11009176460595758 213
1783105141968 0.10792950351679569 214
1783105146362 0.10743308216807061 215
1783105150738 0.11221779429905898 216
1783105155135 0.10557228590838819 217
1783105159579 0.1090076721487015 218
1783105163995 0.10318439852333104 219
1783105168363 0.11108280381160256 220
1783105172759 0.10768992632040188 221
1783105177132 0.10725163717436925 222
1783105181482 0.11129141782346015 223
1783105185895 0.102184098370534 224
1783105190271 0.1053700099483138 225
1783105194733 0.11178551566385388 226
1783105199149 0.10748519533875506 227
1783105203506 0.11627292155932493 228
1783105207876 0.1081093800012174 229
1783105212254 0.11362632778322913 230
1783105216677 0.10945066709937146 231
1783105221122 0.1126208465021542 232
1783105225669 0.10546245658904092 233
1783105230085 0.11248523568156332 234
1783105234469 0.10808824345108914 235
1783105238841 0.10736591236807753 236
1783105243212 0.10765230962422766 237
1783105247603 0.10796685598966814 238
1783105252013 0.10025239258341995 239
1783105256389 0.1067179204483716 240
1783105260727 0.11867899902114608 241
1783105265157 0.10370960443312337 242
1783105269546 0.10575662260839207 243
1783105273941 0.10608370638106834 244
1783105278324 0.10223194778902733 245
1783105282742 0.10250056105892603 246
1783105287111 0.10648637949748692 247
1783105291481 0.1086850838873718 248
1783105295884 0.10393771024002078 249
1783105300273 0.10299283717285111 250
1783105304659 0.10135396105649047 251
1783105309093 0.10055440142958653 252
1783105313482 0.11183464119198633 253
1783105317870 0.092172218810421 254
1783105322257 0.10950173680045462 255
1783105326645 0.10700757348546235 256
1783105331009 0.10980966075551339 257
1783105335406 0.09987559477830239 258
1783105339892 0.09775420956029872 259
1783105344269 0.10492213680007785 260
1783105348624 0.10486434639709091 261
1783105353231 0.1055759208196928 262
1783105357742 0.10508943362834189 263
1783105362100 0.10506402953638967 264
1783105366526 0.10287885995720998 265
1783105370919 0.10428626572307877 266
1783105375285 0.096348064858503 267
1783105379646 0.10062661585047022 268
1783105383973 0.10681601721142864 269
1783105388357 0.10407044171032896 270
1783105392746 0.1073165040421244 271
1783105397224 0.10912062212955033 272
1783105401615 0.10809998927452814 273
1783105406106 0.1039134065075344 274
1783105410480 0.10591400243852696 275
1783105414848 0.11400635602064772 276
1783105419608 0.102576030267742 277
1783105424438 0.10641437148346271 278
1783105429220 0.10663602730515352 279
1783105434015 0.10976969269319832 280
1783105438933 0.10728811572780195 281
1783105443544 0.1083890397167641 282
1783105448201 0.1107532034389243 283
1783105452907 0.1057067600138042 284
1783105457449 0.1108435500515388 285
1783105462160 0.10332843129135603 286
1783105468617 0.09658050806835665 287
1783105473128 0.10331234760106238 288
1783105477448 0.10819498424962413 289
1783105481807 0.10473261493390208 290
1783105486157 0.10535978831439156 291
1783105490487 0.10555260062960559 292
1783105494898 0.10490028173533839 293
1783105499372 0.10586697386942302 294
1783105503676 0.10766381282790631 295
1783105508079 0.10635142216736598 296
1783105512415 0.10618753226159472 297
1783105516781 0.10655960538481131 298
1783105521344 0.10626378637371751 299
1783105525731 0.1071464646588442 300
1783105530082 0.10656323113087461 301
1783105534381 0.10590010269217583 302
1783105538679 0.10773068638550165 303
1783105543031 0.10952188683171314 304
1783105547545 0.10494882301261411 305
1783105551927 0.10752245685409673 306
1783105556312 0.10866831310818122 307
1783105560632 0.10813391219383416 308
1783105564986 0.10715754978360037 309
1783105569278 0.10860785200739086 310
1783105573581 0.10814208950587843 311
1783105577886 0.1092459315321075 312
1783105582194 0.109227367185757 313
1783105586528 0.10771493514052648 314
1783105590892 0.10844329059869373 315
1783105595193 0.10868290964733802 316
1783105599489 0.10921382681855056 317
1783105603792 0.10799583772990477 318
1783105608133 0.10794795246620674 319
1783105612479 0.1090437498817295 320
1783105616886 0.11124975438992761 321
1783105621711 0.10755919970444905 322
1783105626191 0.10939765321641848 323
1783105630640 0.10847839156561868 324
1783105635040 0.10734060623833569 325
1783105639384 0.10917301689098811 326
1783105643683 0.1129569092722827 327
1783105648082 0.1077234982265689 328
1783105652407 0.11431704308922273 329
1783105656784 0.10839658982213586 330
1783105661145 0.10859737069471793 331
1783105665482 0.10892666388202203 332
1783105670077 0.1096018438886313 333
1783105674404 0.1132022727579393 334
1783105678713 0.11203672441978924 335
1783105683070 0.10875825863541216 336
