1783104578015 0.0 87
1783104582431 0.0 88
1783104586787 0.0 89
1783104591092 0.0 90
1783104595406 0.0 91
1783104599721 0.0 92
1783104604037 0.0 93
1783104608350 0.0 94
1783104612720 0.0 95
1783104617053 0.0 96
1783104621392 0.0 97
1783104625808 0.0 98
1783104630375 0.0 99
1783104634843 0.0 100
1783104639412 0.0 101
1783104643899 0.0 102
1783104648385 0.0 103
1783104652851 0.0 104
1783104657453 0.0 105
1783104661963 0.0 106
1783104666588 0.0 107
1783104671095 0.0 108
1783104675584 0.0 109
1783104680031 0.0 110
1783104684574 0.0 111
1783104689034 0.0 112
1783104693509 0.0 113
1783104698087 0.0 114
1783104702591 0.0 115
1783104707121 0.0 116
1783104711644 0.0 117
1783104716092 0.0 118
1783104720631 0.0 119
1783104725317 0.0 120
1783104729983 0.0 121
1783104734940 0.0 122
1783104739987 0.0 123
1783104744363 0.0 124
1783104748704 0.0 125
1783104753069 0.0 126
1783104757469 0.0 127
1783104761902 0.0 128
1783104766296 0.0 129
1783104770657 0.0 130
1783104774967 0.0 131
1783104779286 0.0 132
1783104783600 0.0 133
1783104787924 0.0 134
1783104792289 0.0 135
1783104796605 0.0 136
1783104802395 0.11676841974258423 137
1783104806784 0.11341072122255962 138
1783104811529 0.10661972562472026 139
1783104815932 0.09414749344189961 140
1783104820292 0.098855326573054 141
1783104824684 0.10974153876304626 142
1783104829020 0.08402538299560547 143
1783104833383 0.10223573446273804 144
1783104837717 0.08702707290649414 145
1783104842074 0.09095999598503113 146
1783104846488 0.12212180097897847 147
1783104850918 0.09244679411252339 148
1783104855280 0.08413209517796834 149
1783104859707 0.05872748792171478 150
1783104864164 0.07487539947032928 151
1783104868595 0.10079428553581238 152
1783104872961 0.05653642117977142 153
1783104877320 0.07129938900470734 154
1783104881699 0.04529016216595968 155
1783104886056 0.03415855516990026 156
1783104890438 0.04002872109413147 157
1783104894839 0.04317501187324524 158
1783104899284 0.03591730942328771 159
1783104903663 0.028000541031360626 160
1783104908048 0.029912178715070088 161
1783104912427 0.0248392919699351 162
1783104916793 0.025296737750371296 163
1783104921159 0.02391356478134791 164
1783104925562 0.021460185448328655 165
1783104929954 0.01811868945757548 166
1783104934294 0.01946007212003072 167
1783104938659 0.02326160917679469 168
1783104943041 0.02236289034287135 169
1783104947429 0.02460333953301112 170
1783104951824 0.024562562505404156 171
1783104956228 0.02766352891921997 172
1783104960728 0.014482469608386358 173
1783104965550 0.025735507408777874 174
1783104970322 0.02977437029282252 175
1783104974997 0.020549314717451733 176
1783104979351 0.023035292824109394 177
1783104983726 0.01621450111269951 178
1783104988119 0.01811184734106064 179
1783104992505 0.015213680764039358 180
1783104996828 0.018981467932462692 181
1783105001202 0.01333625614643097 182
1783105005752 0.008379981542627016 183
1783105010192 0.014083688457806906 184
1783105014662 0.02139396220445633 185
1783105018998 0.01692303642630577 186
1783105023408 0.00912850225965182 187
1783105027768 0.007056604449947675 188
1783105032123 0.011628096302350363 189
1783105036551 0.008384172494212786 190
1783105040937 0.00495818102111419 191
1783105045278 0.022081896662712097 192
1783105049675 0.003526817075908184 193
1783105054028 0.014078410963217417 194
1783105058460 0.009694816544651985 195
1783105062830 0.012372696151336035 196
1783105067182 0.01282463346918424 197
1783105071533 0.009054592500130335 198
1783105075895 0.0067457811286052065 199
1783105080311 0.008672182137767473 200
1783105084823 0.010857672741015753 201
1783105089215 0.01168495292464892 202
1783105093631 0.0017023103622098763 203
1783105097991 0.008956437930464745 204
1783105102404 0.0024078174804647765 205
1783105106810 0.0011585388177384932 206
1783105111200 0.010163530086477598 207
1783105115681 0.0032821133111914 208
1783105120087 0.003759500260154406 209
1783105124468 0.018110454082489014 210
1783105128838 0.0034070530285437903 211
1783105133202 0.004221206220487754 212
1783105137605 0.009359162921706835 213
1783105141968 0.010391665001710257 214
1783105146362 0.0 215
1783105150738 0.0031335406626264253 216
1783105155135 0.006933624545733134 217
1783105159579 0.004475184716284275 218
1783105163995 0.0021776591117183366 219
1783105168363 0.0047416770830750465 220
1783105172759 0.002446974472453197 221
1783105177132 0.0 222
1783105181482 0.007657639682292938 223
1783105185895 0.0036131246015429497 224
1783105190271 0.006328561653693517 225
1783105194733 0.006288008764386177 226
1783105199149 0.00939512811601162 227
1783105203506 0.004577429965138435 228
1783105207876 0.012656792998313904 229
1783105212254 0.0021161289575199285 230
1783105216677 3.927118571785589e-05 231
1783105221122 0.006578146169583003 232
1783105225669 0.0069604429105917616 233
1783105230085 0.0006607423226038615 234
1783105234469 0.0074724989632765455 235
1783105238841 0.004908778704702854 236
1783105243212 3.654923784779385e-05 237
1783105247603 0.0 238
1783105252013 0.0020695842492083707 239
1783105256389 0.001627715149273475 240
1783105260727 0.003240736201405525 241
1783105265157 0.009210054452220598 242
1783105269546 0.0051079777379830675 243
1783105273941 0.0013857600279152393 244
1783105278324 0.002462150373806556 245
1783105282742 0.0 246
1783105287111 0.002290472543487946 247
1783105291481 0.0 248
1783105295884 0.0 249
1783105300273 0.0 250
1783105304659 0.0 251
1783105309093 0.0002853257853227357 252
1783105313482 0.0009795345055560272 253
1783105317870 0.010151749476790428 254
1783105322257 0.004227370334168275 255
1783105326645 0.004773423386116822 256
1783105331009 0.009707112486163775 257
1783105335406 0.0 258
1783105339892 0.00354534729073445 259
1783105344269 0.001967117345581452 260
1783105348624 0.005787815277775128 261
1783105353231 0.0011642029664168756 262
1783105357742 0.0 263
1783105362100 0.0015659250008563201 264
1783105366526 0.014970611780881882 265
1783105370919 0.0058122264842192335 266
1783105375285 0.0 267
1783105379646 0.0 268
1783105383973 0.0014283442869782448 269
1783105388357 0.0 270
1783105392746 0.003647776320576668 271
1783105397224 0.007980353509386381 272
1783105401615 0.0 273
1783105406106 0.0 274
1783105410480 0.0 275
1783105414848 0.0 276
1783105419608 0.0 277
1783105424438 0.0 278
1783105429220 0.0030748763432105384 279
1783105434015 0.0 280
1783105438933 0.0 281
1783105443544 9.773009999965628e-05 282
1783105448201 0.0 283
1783105452907 0.0 284
1783105457449 0.0005719446732352177 285
1783105462160 0.010307898124059042 286
1783105468617 0.002836343521873156 287
1783105473128 0.0 288
1783105477448 0.0 289
1783105481807 0.0 290
1783105486157 0.0 291
1783105490487 0.0 292
1783105494898 0.0 293
1783105499372 8.505417887742321e-05 294
1783105503676 0.0 295
1783105508079 0.0 296
1783105512415 0.0 297
1783105516781 0.0 298
1783105521344 0.0 299
1783105525731 0.0 300
1783105530082 0.0 301
1783105534381 0.0 302
1783105538679 0.0 303
1783105543031 0.0 304
1783105547545 0.0004975580765555302 305
1783105551927 0.0 306
1783105556312 0.0025761444121599197 307
1783105560632 0.002794787287712097 308
1783105564986 0.0024007411363224187 309
1783105569278 0.00046086148358881474 310
1783105573581 0.0 311
1783105577886 0.0 312
1783105582194 0.0 313
1783105586528 0.0 314
1783105590892 0.0 315
1783105595193 0.0 316
1783105599489 0.0 317
1783105603792 0.0 318
1783105608133 0.0 319
1783105612479 0.0 320
1783105616886 0.0 321
1783105621711 0.0 322
1783105626191 0.0 323
1783105630640 0.0 324
1783105635040 0.0 325
1783105639384 0.0 326
1783105643683 0.0 327
1783105648082 0.0 328
1783105652407 0.0 329
1783105656784 0.0 330
1783105661145 0.0 331
1783105665482 0.0 332
1783105670077 0.0 333
1783105674404 0.0 334
1783105678713 0.0 335
1783105683070 0.0 336
