1783104578015 3.9568538483060505 87
1783104582431 3.977030833926231 88
1783104586787 3.981374263551261 89
1783104591092 3.9740682203846434 90
1783104595406 3.94613031396014 91
1783104599721 3.9127158832709 92
1783104604037 3.9286796788479683 93
1783104608350 3.922180929562433 94
1783104612720 3.9032410384086726 95
1783104617053 3.8929697211106977 96
1783104621392 3.9034298495938944 97
1783104625808 3.90920944350219 98
1783104630375 3.9298234779568832 99
1783104634843 3.927372033604806 100
1783104639412 3.941537533545626 101
1783104643899 3.9344221707724656 102
1783104648385 3.951789650395032 103
1783104652851 3.9066622026023747 104
1783104657453 3.9024047916552753 105
1783104661963 3.9039368570122868 106
1783104666588 3.8396984670378917 107
1783104671095 3.9055032989128815 108
1783104675584 3.832549396985757 109
1783104680031 3.4451152018096103 110
1783104684574 3.9072352115111593 111
1783104689034 3.840168690588255 112
1783104693509 3.8458947116006974 113
1783104698087 3.8363444354464167 114
1783104702591 3.872533813447409 115
1783104707121 3.8890281436142327 116
1783104711644 3.900776101577661 117
1783104716092 3.8561498721103913 118
1783104720631 3.8216775000355416 119
1783104725317 3.822568283501417 120
1783104729983 3.8005582171037164 121
1783104734940 3.8121101624126688 122
1783104739987 3.7910569530196248 123
1783104744363 3.834687496162024 124
1783104748704 3.837086090988801 125
1783104753069 3.812202975138511 126
1783104757469 3.7039191657687973 127
1783104761902 3.795419176583943 128
1783104766296 3.844913877683352 129
1783104770657 3.8323403785081176 130
1783104774967 3.8534478098822222 131
1783104779286 3.7621570055781177 132
1783104783600 3.8532746943023937 133
1783104787924 3.82421265344383 134
1783104792289 3.8533159200993343 135
1783104796605 3.718448938700861 136
1783104802395 3.770916804542104 137
1783104806784 3.7845888409608555 138
1783104811529 3.7074122060821395 139
1783104815932 3.772017002313888 140
1783104820292 3.806924387671337 141
1783104824684 3.81279932549467 142
1783104829020 3.7214511199625595 143
1783104833383 3.793310851746794 144
1783104837717 3.747391526263755 145
1783104842074 3.7103946334257802 146
1783104846488 3.6238862147410718 147
1783104850918 3.7835184361427454 148
1783104855280 3.8857525441965595 149
1783104859707 3.830004065561275 150
1783104864164 3.9162708013700254 151
1783104868595 3.097904077771753 152
1783104872961 3.5675806295560357 153
1783104877320 3.7751310882146303 154
1783104881699 3.6037277784942563 155
1783104886056 3.7764739503410136 156
1783104890438 3.7990150633221162 157
1783104894839 3.7115820691405865 158
1783104899284 3.7947813924492277 159
1783104903663 3.8734301344514215 160
1783104908048 3.8309647644221414 161
1783104912427 3.677247239956653 162
1783104916793 3.8410013951667934 163
1783104921159 3.6528695962723483 164
1783104925562 3.728163282659198 165
1783104929954 3.7092979081188537 166
1783104934294 3.753403590835246 167
1783104938659 3.736166177059847 168
1783104943041 3.682557050205075 169
1783104947429 3.740762215471008 170
1783104951824 3.7662721092134497 171
1783104956228 3.7318267023311122 172
1783104960728 3.7124158877208995 173
1783104965550 3.747736048071758 174
1783104970322 3.658823917378715 175
1783104974997 3.7170429254147828 176
1783104979351 3.7239945712442246 177
1783104983726 3.596667744808261 178
1783104988119 3.760356748392048 179
1783104992505 3.755714209111375 180
1783104996828 3.7192695939575864 181
1783105001202 3.744251971188433 182
1783105005752 3.7977961859240934 183
1783105010192 3.699102982189197 184
1783105014662 3.801535484153027 185
1783105018998 3.659918795944914 186
1783105023408 3.7379432030888027 187
1783105027768 3.7721595357414777 188
1783105032123 3.7965913492712526 189
1783105036551 3.7777068089613546 190
1783105040937 3.680674248992261 191
1783105045278 3.7319627441335244 192
1783105049675 3.7238345467660214 193
1783105054028 3.752069740881806 194
1783105058460 3.5968061116367327 195
1783105062830 3.672100569422908 196
1783105067182 3.7709363434889265 197
1783105071533 3.734279674868567 198
1783105075895 3.753901534718429 199
1783105080311 3.756531260503557 200
1783105084823 3.721566978008241 201
1783105089215 3.72919941752218 202
1783105093631 3.8086798016062016 203
1783105097991 3.5680248731404407 204
1783105102404 3.7227322887453096 205
1783105106810 3.7423083907575116 206
1783105111200 3.7818784906460716 207
1783105115681 3.8031841321427673 208
1783105120087 3.780257282110006 209
1783105124468 3.817080405540463 210
1783105128838 3.794923304575551 211
1783105133202 3.664943467721361 212
1783105137605 3.7938061344667617 213
1783105141968 3.693870250446846 214
1783105146362 3.717028508787856 215
1783105150738 3.7131243864993575 216
1783105155135 3.7448200139962124 217
1783105159579 3.5780305491324023 218
1783105163995 3.7253285050391174 219
1783105168363 3.7089905450698697 220
1783105172759 3.500590006970769 221
1783105177132 3.636468862002905 222
1783105181482 3.7920628910849294 223
1783105185895 3.7303405531988307 224
1783105190271 3.7410249885842206 225
1783105194733 3.7193768558166522 226
1783105199149 3.5925955613497167 227
1783105203506 3.658103692349125 228
1783105207876 3.773396856973386 229
1783105212254 3.759092230776061 230
1783105216677 3.718595394750332 231
1783105221122 3.6996695698651307 232
1783105225669 3.63889684143513 233
1783105230085 3.6960110718074066 234
1783105234469 3.794262769836395 235
1783105238841 3.7627164799198702 236
1783105243212 3.593577329836855 237
1783105247603 3.7216406256081895 238
1783105252013 3.775126431317471 239
1783105256389 3.7860067982120733 240
1783105260727 3.809654370407167 241
1783105265157 3.774458710108677 242
1783105269546 3.7567136354138153 243
1783105273941 3.808388642551197 244
1783105278324 3.8408575038276305 245
1783105282742 3.805731750193077 246
1783105287111 3.8813311882118566 247
1783105291481 3.7708613394987256 248
1783105295884 3.778180996033679 249
1783105300273 3.8051488100671254 250
1783105304659 3.893833231992359 251
1783105309093 3.811763296022482 252
1783105313482 3.874049159120414 253
1783105317870 3.8113600631871694 254
1783105322257 3.8547252344506795 255
1783105326645 3.883663773259485 256
1783105331009 3.8268419474260456 257
1783105335406 3.8942302124867623 258
1783105339892 3.832238705779785 259
1783105344269 3.832176310279911 260
1783105348624 3.868014657574564 261
1783105353231 3.8630739904578264 262
1783105357742 3.8379858486746845 263
1783105362100 3.8779128684739717 264
1783105366526 3.830853158407557 265
1783105370919 3.815566953566989 266
1783105375285 3.8313922603263504 267
1783105379646 3.839164150774476 268
1783105383973 3.791754092759119 269
1783105388357 3.826944118348026 270
1783105392746 3.887692856697967 271
1783105397224 3.8063996302735643 272
1783105401615 3.744569524119946 273
1783105406106 3.89797639406926 274
1783105410480 3.8913069009919465 275
1783105414848 3.827900749155415 276
1783105419608 3.880914870540894 277
1783105424438 3.8545951243317487 278
1783105429220 3.8467816182965144 279
1783105434015 3.8182264567435347 280
1783105438933 3.874450803212375 281
1783105443544 3.8945249674011855 282
1783105448201 3.8830407626880077 283
1783105452907 3.89989672688132 284
1783105457449 3.8841105957148456 285
1783105462160 3.8226670495417436 286
1783105468617 3.8076386923472847 287
1783105473128 3.857893672115244 288
1783105477448 3.8737333943151984 289
1783105481807 3.8450348623982733 290
1783105486157 3.857034682139625 291
1783105490487 3.8600507011264225 292
1783105494898 3.8453407376725828 293
1783105499372 3.86145589934144 294
1783105503676 3.874870091844381 295
1783105508079 3.8629845341427735 296
1783105512415 3.858008658734795 297
1783105516781 3.853838482846573 298
1783105521344 3.860216788897263 299
1783105525731 3.862726436853903 300
1783105530082 3.857929638018646 301
1783105534381 3.8480751464001717 302
1783105538679 3.8618373983944028 303
1783105543031 3.864704963702166 304
1783105547545 3.8675086569714234 305
1783105551927 3.859669431725502 306
1783105556312 3.881694159257707 307
1783105560632 3.8788105018788612 308
1783105564986 3.8761184499746526 309
1783105569278 3.896817130104368 310
1783105573581 3.886486975389712 311
1783105577886 3.879993518249638 312
1783105582194 3.878039220982504 313
1783105586528 3.8664423739216645 314
1783105590892 3.8634184166392127 315
1783105595193 3.8697261968926147 316
1783105599489 3.8739054638952015 317
1783105603792 3.8665895184488 318
1783105608133 3.857017056834547 319
1783105612479 3.85937743679365 320
1783105616886 3.8686858741026167 321
1783105621711 3.859639462287302 322
1783105626191 3.8687384313134565 323
1783105630640 3.8578762204392447 324
1783105635040 3.8510732589484302 325
1783105639384 3.859500335309725 326
1783105643683 3.873911201691236 327
1783105648082 3.857949223487362 328
1783105652407 3.867235924422785 329
1783105656784 3.8594741513398527 330
1783105661145 3.8559779200860653 331
1783105665482 3.8458685966982564 332
1783105670077 3.865213792678349 333
1783105674404 3.851639882063378 334
1783105678713 3.8677960760640473 335
1783105683070 3.854009719648292 336
