1783104578015 0.2884915769100189 87
1783104582431 0.28349754214286804 88
1783104586787 0.2772725820541382 89
1783104591092 0.2815147340297699 90
1783104595406 0.285604327917099 91
1783104599721 0.3036884069442749 92
1783104604037 0.30362582206726074 93
1783104608350 0.28286629915237427 94
1783104612720 0.28671813011169434 95
1783104617053 0.2951759397983551 96
1783104621392 0.29516568779945374 97
1783104625808 0.29565712809562683 98
1783104630375 0.3007570803165436 99
1783104634843 0.30754172801971436 100
1783104639412 0.2992306053638458 101
1783104643899 0.29521945118904114 102
1783104648385 0.30107030272483826 103
1783104652851 0.29818496108055115 104
1783104657453 0.2781398296356201 105
1783104661963 0.28777292370796204 106
1783104666588 0.29339054226875305 107
1783104671095 0.29041725397109985 108
1783104675584 0.271887868642807 109
1783104680031 0.2147553414106369 110
1783104684574 0.22572050988674164 111
1783104689034 0.295903742313385 112
1783104693509 0.25142011046409607 113
1783104698087 0.22559155523777008 114
1783104702591 0.24930794537067413 115
1783104707121 0.2963441014289856 116
1783104711644 0.23687827587127686 117
1783104716092 0.23748795688152313 118
1783104720631 0.26111510396003723 119
1783104725317 0.23000429570674896 120
1783104729983 0.25716736912727356 121
1783104734940 0.22777163982391357 122
1783104739987 0.2717272937297821 123
1783104744363 0.2317696213722229 124
1783104748704 0.27555301785469055 125
1783104753069 0.23252511024475098 126
1783104757469 0.22375589609146118 127
1783104761902 0.2459215670824051 128
1783104766296 0.25010764598846436 129
1783104770657 0.24036675691604614 130
1783104774967 0.27345922589302063 131
1783104779286 0.2385886162519455 132
1783104783600 0.2597257196903229 133
1783104787924 0.2284812480211258 134
1783104792289 0.23721419274806976 135
1783104796605 0.22515183687210083 136
1783104802395 0.24168658256530762 137
1783104806784 0.17752934992313385 138
1783104811529 0.28138720989227295 139
1783104815932 0.24234746396541595 140
1783104820292 0.26143503189086914 141
1783104824684 0.24520565569400787 142
1783104829020 0.28230535984039307 143
1783104833383 0.21348337829113007 144
1783104837717 0.2787143886089325 145
1783104842074 0.22677236795425415 146
1783104846488 0.25043871998786926 147
1783104850918 0.24063199758529663 148
1783104855280 0.2039547711610794 149
1783104859707 0.19009120762348175 150
1783104864164 0.2453497052192688 151
1783104868595 0.17126493155956268 152
1783104872961 0.22222091257572174 153
1783104877320 0.20293302834033966 154
1783104881699 0.2278456836938858 155
1783104886056 0.20360223948955536 156
1783104890438 0.18788005411624908 157
1783104894839 0.18667657673358917 158
1783104899284 0.1923867017030716 159
1783104903663 0.13966645300388336 160
1783104908048 0.18375158309936523 161
1783104912427 0.171012282371521 162
1783104916793 0.18850059807300568 163
1783104921159 0.18744820356369019 164
1783104925562 0.18637986481189728 165
1783104929954 0.1789928525686264 166
1783104934294 0.17650900781154633 167
1783104938659 0.1831369549036026 168
1783104943041 0.19257062673568726 169
1783104947429 0.18588268756866455 170
1783104951824 0.18227045238018036 171
1783104956228 0.19326470792293549 172
1783104960728 0.1916298121213913 173
1783104965550 0.19011110067367554 174
1783104970322 0.18248902261257172 175
1783104974997 0.19304436445236206 176
1783104979351 0.17403030395507812 177
1783104983726 0.18045537173748016 178
1783104988119 0.18263250589370728 179
1783104992505 0.20044808089733124 180
1783104996828 0.18444335460662842 181
1783105001202 0.21361936628818512 182
1783105005752 0.18782025575637817 183
1783105010192 0.19204212725162506 184
1783105014662 0.18203626573085785 185
1783105018998 0.19135968387126923 186
1783105023408 0.17093485593795776 187
1783105027768 0.17917181551456451 188
1783105032123 0.19755256175994873 189
1783105036551 0.19251619279384613 190
1783105040937 0.19532479345798492 191
1783105045278 0.2074916511774063 192
1783105049675 0.18589621782302856 193
1783105054028 0.19240808486938477 194
1783105058460 0.18730603158473969 195
1783105062830 0.1999378204345703 196
1783105067182 0.20959562063217163 197
1783105071533 0.19105859100818634 198
1783105075895 0.21507573127746582 199
1783105080311 0.18586988747119904 200
1783105084823 0.20301996171474457 201
1783105089215 0.18902325630187988 202
1783105093631 0.20251156389713287 203
1783105097991 0.18583808839321136 204
1783105102404 0.17139244079589844 205
1783105106810 0.16768229007720947 206
1783105111200 0.1785091608762741 207
1783105115681 0.16722531616687775 208
1783105120087 0.17879171669483185 209
1783105124468 0.16975677013397217 210
1783105128838 0.17934049665927887 211
1783105133202 0.157020702958107 212
1783105137605 0.18399983644485474 213
1783105141968 0.19343358278274536 214
1783105146362 0.15944720804691315 215
1783105150738 0.1419222205877304 216
1783105155135 0.16923308372497559 217
1783105159579 0.16654853522777557 218
1783105163995 0.15126319229602814 219
1783105168363 0.15843120217323303 220
1783105172759 0.16919881105422974 221
1783105177132 0.16501812636852264 222
1783105181482 0.1910994052886963 223
1783105185895 0.1707102209329605 224
1783105190271 0.17739419639110565 225
1783105194733 0.1909879893064499 226
1783105199149 0.162802591919899 227
1783105203506 0.18014822900295258 228
1783105207876 0.17424465715885162 229
1783105212254 0.16457733511924744 230
1783105216677 0.1511567384004593 231
1783105221122 0.17701302468776703 232
1783105225669 0.19104862213134766 233
1783105230085 0.17372779548168182 234
1783105234469 0.1939539760351181 235
1783105238841 0.15946434438228607 236
1783105243212 0.19306831061840057 237
1783105247603 0.16388170421123505 238
1783105252013 0.1874736100435257 239
1783105256389 0.21215187013149261 240
1783105260727 0.2000965029001236 241
1783105265157 0.19665662944316864 242
1783105269546 0.1804836392402649 243
1783105273941 0.18177807331085205 244
1783105278324 0.17682085931301117 245
1783105282742 0.18964530527591705 246
1783105287111 0.23193417489528656 247
1783105291481 0.15067322552204132 248
1783105295884 0.1887526959180832 249
1783105300273 0.1746821254491806 250
1783105304659 0.1746039241552353 251
1783105309093 0.21956928074359894 252
1783105313482 0.2125280350446701 253
1783105317870 0.22007928788661957 254
1783105322257 0.21768595278263092 255
1783105326645 0.20544470846652985 256
1783105331009 0.2169932723045349 257
1783105335406 0.22409264743328094 258
1783105339892 0.1822054386138916 259
1783105344269 0.17102640867233276 260
1783105348624 0.1954718381166458 261
1783105353231 0.2042519450187683 262
1783105357742 0.19649577140808105 263
1783105362100 0.1903247833251953 264
1783105366526 0.21097682416439056 265
1783105370919 0.1647558957338333 266
1783105375285 0.18725191056728363 267
1783105379646 0.15637771785259247 268
1783105383973 0.19824564456939697 269
1783105388357 0.185392364859581 270
1783105392746 0.17584997415542603 271
1783105397224 0.18536591529846191 272
1783105401615 0.20350871980190277 273
1783105406106 0.21798266470432281 274
1783105410480 0.20886076986789703 275
1783105414848 0.19468915462493896 276
1783105419608 0.18219740688800812 277
1783105424438 0.18880736827850342 278
1783105429220 0.20713530480861664 279
1783105434015 0.20298625528812408 280
1783105438933 0.18790291249752045 281
1783105443544 0.2187788039445877 282
1783105448201 0.1913626343011856 283
1783105452907 0.24125830829143524 284
1783105457449 0.1872301548719406 285
1783105462160 0.18661029636859894 286
1783105468617 0.1751711219549179 287
1783105473128 0.18020741641521454 288
1783105477448 0.18513494729995728 289
1783105481807 0.18800300359725952 290
1783105486157 0.18210136890411377 291
1783105490487 0.18733663856983185 292
1783105494898 0.18575526773929596 293
1783105499372 0.18317799270153046 294
1783105503676 0.19097506999969482 295
1783105508079 0.19037072360515594 296
1783105512415 0.1879231184720993 297
1783105516781 0.18688590824604034 298
1783105521344 0.18546701967716217 299
1783105525731 0.18915583193302155 300
1783105530082 0.1885823756456375 301
1783105534381 0.1869397759437561 302
1783105538679 0.18502549827098846 303
1783105543031 0.18940956890583038 304
1783105547545 0.19317954778671265 305
1783105551927 0.19083261489868164 306
1783105556312 0.19091428816318512 307
1783105560632 0.19790863990783691 308
1783105564986 0.19848251342773438 309
1783105569278 0.20213447511196136 310
1783105573581 0.20577828586101532 311
1783105577886 0.19725607335567474 312
1783105582194 0.19937090575695038 313
1783105586528 0.19681423902511597 314
1783105590892 0.19185328483581543 315
1783105595193 0.1900762915611267 316
1783105599489 0.19551999866962433 317
1783105603792 0.19426949322223663 318
1783105608133 0.19235467910766602 319
1783105612479 0.18787318468093872 320
1783105616886 0.19045935571193695 321
1783105621711 0.1910753697156906 322
1783105626191 0.19354121387004852 323
1783105630640 0.19032275676727295 324
1783105635040 0.18786799907684326 325
1783105639384 0.1832883507013321 326
1783105643683 0.19741684198379517 327
1783105648082 0.19203878939151764 328
1783105652407 0.1902790665626526 329
1783105656784 0.1900227814912796 330
1783105661145 0.18779052793979645 331
1783105665482 0.18525449931621552 332
1783105670077 0.18995529413223267 333
1783105674404 0.1882169395685196 334
1783105678713 0.1875045746564865 335
1783105683070 0.1882876306772232 336
