1783104578015 0.9447418704452835 87
1783104582431 1.391371483896293 88
1783104586787 1.5949762001728462 89
1783104591092 1.7423700037630556 90
1783104595406 1.7761919778605124 91
1783104599721 1.7687829739029166 92
1783104604037 1.7920420878113326 93
1783104608350 1.8002882867152188 94
1783104612720 1.8275311580668931 95
1783104617053 1.8513364520461333 96
1783104621392 1.864218244401526 97
1783104625808 1.8795867554879075 98
1783104630375 1.8955572051334335 99
1783104634843 1.90678509174365 100
1783104639412 1.9131730482152207 101
1783104643899 1.8964734274113824 102
1783104648385 1.9202616022042458 103
1783104652851 1.9010534274681499 104
1783104657453 1.8991393234367084 105
1783104661963 1.9046751288325117 106
1783104666588 1.8880777067662255 107
1783104671095 1.884770410711115 108
1783104675584 1.852728288121684 109
1783104680031 1.8815612063115956 110
1783104684574 1.8476044869767145 111
1783104689034 1.8483078596903715 112
1783104693509 1.8402034054953968 113
1783104698087 1.8414922836070817 114
1783104702591 1.8593010152114848 115
1783104707121 1.8433728336547472 116
1783104711644 1.831747579721304 117
1783104716092 1.825660350317437 118
1783104720631 1.8402594079907308 119
1783104725317 1.8262952560787409 120
1783104729983 1.8160782913567644 121
1783104734940 1.8299370573375935 122
1783104739987 1.8486231870429461 123
1783104744363 1.8456079390689806 124
1783104748704 1.7990371044417073 125
1783104753069 1.826200151776934 126
1783104757469 1.7980648238825745 127
1783104761902 1.8364525666108003 128
1783104766296 1.8054246145379471 129
1783104770657 1.829220096024451 130
1783104774967 1.8155435669223166 131
1783104779286 1.8238697828011032 132
1783104783600 1.8021033308008214 133
1783104787924 1.823277720638174 134
1783104792289 1.8091841885384092 135
1783104796605 1.8290281852905692 136
1783104802395 1.8482073296858563 137
1783104806784 1.824582974622204 138
1783104811529 1.84526840230109 139
1783104815932 1.8400557121450114 140
1783104820292 1.8492949962280874 141
1783104824684 1.8403230668383286 142
1783104829020 1.8326739708453754 143
1783104833383 1.8627320804137135 144
1783104837717 1.8825318131285664 145
1783104842074 1.9035200743241745 146
1783104846488 1.8411681598520533 147
1783104850918 1.832307035743589 148
1783104855280 1.8611061654081706 149
1783104859707 1.8203051498958043 150
1783104864164 1.8025592803955077 151
1783104868595 1.9081945432199015 152
1783104872961 1.8616330891439359 153
1783104877320 1.8434405613871454 154
1783104881699 1.832473872298255 155
1783104886056 1.8451357351644748 156
1783104890438 1.8373874412255486 157
1783104894839 1.841460633622318 158
1783104899284 1.8422235838572185 159
1783104903663 1.8442998166354196 160
1783104908048 1.850614447342722 161
1783104912427 1.8629482372387036 162
1783104916793 1.863159476601331 163
1783104921159 1.8729737583594985 164
1783104925562 1.8702647095707836 165
1783104929954 1.881229110698604 166
1783104934294 1.8848931998996945 167
1783104938659 1.8918505329074282 168
1783104943041 1.889420312254505 169
1783104947429 1.9009357897821302 170
1783104951824 1.905754509762194 171
1783104956228 1.8973902883559373 172
1783104960728 1.905258073543845 173
1783104965550 1.8959417520842938 174
1783104970322 1.8901682968456222 175
1783104974997 1.8681091248043 176
1783104979351 1.8507344838882926 177
1783104983726 1.8706289521653994 178
1783104988119 1.870094969048855 179
1783104992505 1.881427380702925 180
1783104996828 1.8879832663187166 181
1783105001202 1.8917593170956868 182
1783105005752 1.8894487627012366 183
1783105010192 1.8943670562028023 184
1783105014662 1.8994007084323683 185
1783105018998 1.9020632310962 186
1783105023408 1.883102897403837 187
1783105027768 1.888553872680664 188
1783105032123 1.8904202341417848 189
1783105036551 1.9122400221481821 190
1783105040937 1.9133937216516752 191
1783105045278 1.9237471924056209 192
1783105049675 1.8943557516176102 193
1783105054028 1.908291544780195 194
1783105058460 1.9047054763601607 195
1783105062830 1.9093555142379708 196
1783105067182 1.898559092742873 197
1783105071533 1.9173889351437632 198
1783105075895 1.9161710739135742 199
1783105080311 1.9185688008680268 200
1783105084823 1.910548117201207 201
1783105089215 1.9203334997508152 202
1783105093631 1.93758720703125 203
1783105097991 1.9507999198749093 204
1783105102404 1.9135956078767777 205
1783105106810 1.9102947164819868 206
1783105111200 1.92274787388935 207
1783105115681 1.909774917852683 208
1783105120087 1.9275895492735056 209
1783105124468 1.9356479785021614 210
1783105128838 1.9360911910598342 211
1783105133202 1.934207372367382 212
1783105137605 1.9444876626431282 213
1783105141968 1.9467993849202205 214
1783105146362 1.9332462506634849 215
1783105150738 1.9463605290639425 216
1783105155135 1.956301168812737 217
1783105159579 1.945714458823204 218
1783105163995 1.9427783896985429 219
1783105168363 1.9204494814216952 220
1783105172759 1.9246641332452947 221
1783105177132 1.9155814778452684 222
1783105181482 1.9321564283947017 223
1783105185895 1.918328920323798 224
1783105190271 1.9350679203279302 225
1783105194733 1.944368122899255 226
1783105199149 1.933864849323822 227
1783105203506 1.9168283537866668 228
1783105207876 1.900491319853684 229
1783105212254 1.915662517516992 230
1783105216677 1.9239582435664704 231
1783105221122 1.9337717568604307 232
1783105225669 1.9117371921233315 233
1783105230085 1.9032091301503105 234
1783105234469 1.923152677572457 235
1783105238841 1.9289804939040565 236
1783105243212 1.922908482832067 237
1783105247603 1.9165913148930198 238
1783105252013 1.9223941124890693 239
1783105256389 1.9159511573047845 240
1783105260727 1.9093696313745836 241
1783105265157 1.9089633869674971 242
1783105269546 1.9233548272802947 243
1783105273941 1.9104870519330424 244
1783105278324 1.89141860087353 245
1783105282742 1.8956722311071448 246
1783105287111 1.9139410313931944 247
1783105291481 1.924293231627124 248
1783105295884 1.9432836436060295 249
1783105300273 1.9238927074380823 250
1783105304659 1.9471735177739633 251
1783105309093 1.9394886593858736 252
1783105313482 1.900364585356279 253
1783105317870 1.9119325710734132 254
1783105322257 1.8924637313486883 255
1783105326645 1.9144649635720872 256
1783105331009 1.8724908763638128 257
1783105335406 1.8933709128864522 258
1783105339892 1.9297552671588836 259
1783105344269 1.914298452279359 260
1783105348624 1.8990704306849726 261
1783105353231 1.9153984419262136 262
1783105357742 1.9099202026413287 263
1783105362100 1.9008519406804067 264
1783105366526 1.8981815602657568 265
1783105370919 1.8911407701896898 266
1783105375285 1.903518369427551 267
1783105379646 1.8939417128993714 268
1783105383973 1.9073974373696865 269
1783105388357 1.8810887568205306 270
1783105392746 1.878562738578817 271
1783105397224 1.8096509866547166 272
1783105401615 1.8463527343792623 273
1783105406106 1.830054155417851 274
1783105410480 1.7816976310562913 275
1783105414848 1.8276841134736033 276
1783105419608 1.8490672205008714 277
1783105424438 1.8211548742419945 278
1783105429220 1.8576089775847315 279
1783105434015 1.8407706009079872 280
1783105438933 1.8854704015066197 281
1783105443544 1.8807308956838402 282
1783105448201 1.8245882567034444 283
1783105452907 1.8011467685807223 284
1783105457449 1.7747566174549663 285
1783105462160 1.8449725757945667 286
1783105468617 1.851460297902425 287
1783105473128 1.85338826698832 288
1783105477448 1.847852763284016 289
1783105481807 1.8281987081438102 290
1783105486157 1.864285753161051 291
1783105490487 1.8573323642874782 292
1783105494898 1.8455239235358094 293
1783105499372 1.862476810430869 294
1783105503676 1.8688825643401041 295
1783105508079 1.8668495190688987 296
1783105512415 1.8646612912901839 297
1783105516781 1.866960278089802 298
1783105521344 1.8779927443839743 299
1783105525731 1.8883072971719916 300
1783105530082 1.8806159653717385 301
1783105534381 1.8626355757465713 302
1783105538679 1.8648755042783676 303
1783105543031 1.8853537835807443 304
1783105547545 1.8898118186335993 305
1783105551927 1.8634738188523512 306
1783105556312 1.8617099204430214 307
1783105560632 1.8849036259437675 308
1783105564986 1.8848576256723115 309
1783105569278 1.8657843170387478 310
1783105573581 1.8541547833066998 311
1783105577886 1.8816460316666717 312
1783105582194 1.8857940400935018 313
1783105586528 1.8704777741284104 314
1783105590892 1.8680665906169267 315
1783105595193 1.8862619985745648 316
1783105599489 1.892188260602732 317
1783105603792 1.8826410015177282 318
1783105608133 1.869286752319336 319
1783105612479 1.8775687325733765 320
1783105616886 1.8867749335981232 321
1783105621711 1.8933030113341316 322
1783105626191 1.8912940360082664 323
1783105630640 1.881803962448687 324
1783105635040 1.8823887218128552 325
1783105639384 1.8906061256988138 326
1783105643683 1.8928852052702896 327
1783105648082 1.8966411026344423 328
1783105652407 1.8802531190620837 329
1783105656784 1.8833294439470112 330
1783105661145 1.884562360178126 331
1783105665482 1.8943648906733026 332
1783105670077 1.8974997967104368 333
1783105674404 1.8957564223046397 334
1783105678713 1.892659179807648 335
1783105683070 1.8913718242394297 336
