1783104586787 1.6876457186712734 89
1783104591092 1.762352523803711 90
1783104595406 1.7931437408910194 91
1783104599721 1.793504604127159 92
1783104604037 1.8073747762931152 93
1783104608350 1.8157347990066541 94
1783104612720 1.8441856255692042 95
1783104617053 1.8660192709833012 96
1783104621392 1.8795834756975798 97
1783104625808 1.8938144949442444 98
1783104630375 1.9047428464132643 99
1783104634843 1.9165720471358978 100
1783104639412 1.9252207005277593 101
1783104643899 1.9088564308478033 102
1783104648385 1.9323503911582733 103
1783104652851 1.9114874778514865 104
1783104657453 1.9116835375680434 105
1783104661963 1.9166255398073058 106
1783104666588 1.9001115792440473 107
1783104671095 1.8925083030599728 108
1783104675584 1.862546349137756 109
1783104680031 1.877796409553851 110
1783104684574 1.8703785157280337 111
1783104689034 1.8667176302601485 112
1783104693509 1.862236947636474 113
1783104698087 1.8511022849161116 114
1783104702591 1.8576724687056108 115
1783104707121 1.8529513261534951 116
1783104711644 1.8453613180001205 117
1783104716092 1.8397986144362297 118
1783104720631 1.8413197560447347 119
1783104725317 1.847033720750075 120
1783104729983 1.8303660828134287 121
1783104734940 1.8397120020320359 122
1783104739987 1.853612166382247 123
1783104744363 1.8532462782616062 124
1783104748704 1.8171209808964057 125
1783104753069 1.841147667795255 126
1783104757469 1.8157452034062165 127
1783104761902 1.8453507881380071 128
1783104766296 1.8214924560263868 129
1783104770657 1.840265757755862 130
1783104774967 1.8329591472007647 131
1783104779286 1.8395552215782651 132
1783104783600 1.8235461730251694 133
1783104787924 1.8371903412917565 134
1783104792289 1.829256404110075 135
1783104796605 1.8449363166855508 136
1783104802395 1.8204443679903843 137
1783104806784 1.8106789490567194 138
1783104811529 1.8342730388740183 139
1783104815932 1.8349044556151368 140
1783104820292 1.84870319740445 141
1783104824684 1.8447684044260615 142
1783104829020 1.8392868834244995 143
1783104833383 1.8627573584046815 144
1783104837717 1.8760105456624712 145
1783104842074 1.8975024442792439 146
1783104846488 1.83817138671875 147
1783104850918 1.8374109326984673 148
1783104855280 1.8555543283649731 149
1783104859707 1.8256250073295492 150
1783104864164 1.8058798898479895 151
1783104868595 1.8574079944021886 152
1783104872961 1.862617397159105 153
1783104877320 1.8459665470213686 154
1783104881699 1.867458710025445 155
1783104886056 1.877395523207833 156
1783104890438 1.8879410659898772 157
1783104894839 1.8955388623614644 158
1783104899284 1.9051244837757 159
1783104903663 1.9160759503328348 160
1783104908048 1.9160387626061073 161
1783104912427 1.9357669601264231 162
1783104916793 1.9251299790635024 163
1783104921159 1.9435405831587942 164
1783104925562 1.9290822527444422 165
1783104929954 1.9468042055765789 166
1783104934294 1.935205767535692 167
1783104938659 1.9483091519522546 168
1783104943041 1.9450161795385295 169
1783104947429 1.951635314197075 170
1783104951824 1.9560797488103148 171
1783104956228 1.9554725004956612 172
1783104960728 1.9514866579186518 173
1783104965550 1.9598599677794195 174
1783104970322 1.9473552035122383 175
1783104974997 1.9507413883457654 176
1783104979351 1.9363504403026393 177
1783104983726 1.9591945622591365 178
1783104988119 1.9501788842417027 179
1783104992505 1.9619623763723009 180
1783104996828 1.9584465577316834 181
1783105001202 1.9556209148151333 182
1783105005752 1.946749110455676 183
1783105010192 1.966381244874269 184
1783105014662 1.9610077524648128 185
1783105018998 1.9685720690738693 186
1783105023408 1.9545549786639957 187
1783105027768 1.9628954002989984 188
1783105032123 1.9651163423804219 189
1783105036551 1.9634115955871336 190
1783105040937 1.9753001645314607 191
1783105045278 1.9720526297433036 192
1783105049675 1.963618036300417 193
1783105054028 1.9646715291881662 194
1783105058460 1.9718477822900788 195
1783105062830 1.9659012913985736 196
1783105067182 1.9626744357919632 197
1783105071533 1.9701822954422596 198
1783105075895 1.968327050356521 199
1783105080311 1.9626006349992524 200
1783105084823 1.966824355961338 201
1783105089215 1.9715740183673838 202
1783105093631 1.9757118617915452 203
1783105097991 1.9791957324571183 204
1783105102404 1.975849791134105 205
1783105106810 1.9628043584120172 206
1783105111200 1.9631003647927907 207
1783105115681 1.9574452837775735 208
1783105120087 1.968187128330913 209
1783105124468 1.970565176342037 210
1783105128838 1.97017566228317 211
1783105133202 1.9674978509218772 212
1783105137605 1.9768991370371052 213
1783105141968 1.9755141251867758 214
1783105146362 1.9743717290423244 215
1783105150738 1.9775508166634463 216
1783105155135 1.9832432712544366 217
1783105159579 1.9768186710224078 218
1783105163995 1.977074712769598 219
1783105168363 1.975988217227897 220
1783105172759 1.9666241994982299 221
1783105177132 1.9645444183509722 222
1783105181482 1.9704251865445055 223
1783105185895 1.9631916095258852 224
1783105190271 1.9715559445894681 225
1783105194733 1.9747615035291741 226
1783105199149 1.9698173850635632 227
1783105203506 1.962439324915755 228
1783105207876 1.9612204291429165 229
1783105212254 1.9711826270078205 230
1783105216677 1.9708222504850224 231
1783105221122 1.972102696235191 232
1783105225669 1.9652996742349433 233
1783105230085 1.9664852357522036 234
1783105234469 1.966341406445262 235
1783105238841 1.9725650101311123 236
1783105243212 1.9731012952470417 237
1783105247603 1.957242094102453 238
1783105252013 1.9598354987048228 239
1783105256389 1.960601620989078 240
1783105260727 1.961016876826344 241
1783105265157 1.9526913382790305 242
1783105269546 1.958933838930997 243
1783105273941 1.9513856720836182 244
1783105278324 1.9375573644098245 245
1783105282742 1.930532586719343 246
1783105287111 1.9542882766723633 247
1783105291481 1.9576963329315185 248
1783105295884 1.9655822771942644 249
1783105300273 1.957583343652755 250
1783105304659 1.9678259724618241 251
1783105309093 1.9699121080834459 252
1783105313482 1.9409675203973746 253
1783105317870 1.9463911159340583 254
1783105322257 1.9511614414530063 255
1783105326645 1.956343017848192 256
1783105331009 1.9264505241627332 257
1783105335406 1.945624899575399 258
1783105339892 1.9651975330553557 259
1783105344269 1.9561270288946504 260
1783105348624 1.9421747644089267 261
1783105353231 1.959741386824739 262
1783105357742 1.9535612850761854 263
1783105362100 1.9475997088032384 264
1783105366526 1.9455724833483365 265
1783105370919 1.9419206265567783 266
1783105375285 1.9399140637095382 267
1783105379646 1.9461974184695068 268
1783105383973 1.9517440498538963 269
1783105388357 1.9261301207800015 270
1783105392746 1.944447621777283 271
1783105397224 1.9035243694598858 272
1783105401615 1.9120987018100224 273
1783105406106 1.9131427072669445 274
1783105410480 1.9016813197399134 275
1783105414848 1.9107041567196905 276
1783105419608 1.9121356553297777 277
1783105424438 1.8996406772100314 278
1783105429220 1.9032103987764721 279
1783105434015 1.902798558329488 280
1783105438933 1.9382791645708073 281
1783105443544 1.9370953846713264 282
1783105448201 1.9166189890203726 283
1783105452907 1.9053547370001442 284
1783105457449 1.873322662387349 285
1783105462160 1.9079429206741885 286
1783105468617 1.9083880147626322 287
1783105473128 1.916371504465739 288
1783105477448 1.917180912669112 289
1783105481807 1.8957707508190258 290
1783105486157 1.9237213410104665 291
1783105490487 1.9163636815362644 292
1783105494898 1.909858762105306 293
1783105499372 1.9219524484596504 294
1783105503676 1.9252032633092 295
1783105508079 1.9238360450148735 296
1783105512415 1.9200678958793995 297
1783105516781 1.9196902241946188 298
1783105521344 1.930793520082464 299
1783105525731 1.9350687581665662 300
1783105530082 1.93232670996062 301
1783105534381 1.9176376944570528 302
1783105538679 1.9197378086503267 303
1783105543031 1.9345096258705339 304
1783105547545 1.9355149666468303 305
1783105551927 1.9186646102629985 306
1783105556312 1.918654694800656 307
1783105560632 1.9360120875756148 308
1783105564986 1.9347308169920931 309
1783105569278 1.9229144448215523 310
1783105573581 1.9154707920404128 311
1783105577886 1.933777786436535 312
1783105582194 1.9328948889942852 313
1783105586528 1.9250207204745178 314
1783105590892 1.922946531960679 315
1783105595193 1.9356564741868238 316
1783105599489 1.9371112539161066 317
1783105603792 1.933668626222574 318
1783105608133 1.9254762471648696 319
1783105612479 1.928611220645069 320
1783105616886 1.9346207223287444 321
1783105621711 1.940236479780299 322
1783105626191 1.9369433638794396 323
1783105630640 1.9339243344763788 324
1783105635040 1.9292371204921177 325
1783105639384 1.9375751242989498 326
1783105643683 1.937954610188802 327
1783105648082 1.9427697031121505 328
1783105652407 1.9317194888466283 329
1783105656784 1.9351307671479505 330
1783105661145 1.9304509576761497 331
1783105665482 1.9374055789067195 332
1783105670077 1.9439599358256738 333
1783105674404 1.9426368299031624 334
1783105678713 1.9391880960606818 335
1783105683070 1.9386591965985147 336
