1783104578015 1.2640595436096191 87
1783104855280 1.9823622703552246 149
1783104864164 1.9439093562534877 151
1783104872961 1.961207208962276 153
1783104877320 1.961348032621744 154
1783104881699 1.9548250698652423 155
1783104886056 1.9573969867867482 156
1783104890438 1.9582565742990246 157
1783104894839 1.9581740180172595 158
1783104899284 1.9578487378741622 159
1783104903663 1.9496970298395355 160
1783104908048 1.9568968803278413 161
1783104912427 1.9660393761543158 162
1783104916793 1.9622298456007434 163
1783104921159 1.968187457007618 164
1783104925562 1.9678976165234519 165
1783104929954 1.9682500642074248 166
1783104934294 1.978905219536323 167
1783104938659 1.9763737809601554 168
1783104943041 1.9828160334149854 169
1783104947429 1.9834902215146732 170
1783104951824 1.987603749200137 171
1783104956228 1.9856261114717055 172
1783104960728 1.990777990358685 173
1783104965550 1.9885937879133004 174
1783104970322 1.9889471652308695 175
1783104974997 1.9824723358651326 176
1783104979351 1.9751653584959281 177
1783104983726 1.978595718993203 178
1783104988119 1.978154132428687 179
1783104992505 1.9831395828578333 180
1783104996828 1.9898982217782524 181
1783105001202 1.9928687213781278 182
1783105005752 1.991414759451883 183
1783105010192 1.9910566179796279 184
1783105014662 1.992989086567011 185
1783105018998 1.9922631788253784 186
1783105023408 1.9878207243288668 187
1783105027768 1.9909763624688157 188
1783105032123 1.9840722732452136 189
1783105036551 1.99351460248178 190
1783105040937 1.9887358781303621 191
1783105045278 1.9927171034406321 192
1783105049675 1.9915176002488544 193
1783105054028 1.9943493798474692 194
1783105058460 1.983244518438975 195
1783105062830 1.9844390468494681 196
1783105067182 1.9765494434362443 197
1783105071533 1.990689223703712 198
1783105075895 1.9736242677826663 199
1783105080311 1.9859202015004893 200
1783105084823 1.9683718245370048 201
1783105089215 1.9774350452251879 202
1783105093631 1.9758697039420954 203
1783105097991 1.9927056275105548 204
1783105102404 1.9780652188809118 205
1783105106810 1.9721062201146042 206
1783105111200 1.9619084567256784 207
1783105115681 1.951785074038939 208
1783105120087 1.9604072853370949 209
1783105124468 1.95634589908279 210
1783105128838 1.9636138866150301 211
1783105133202 1.9576424289059329 212
1783105137605 1.9627189960294558 213
1783105141968 1.9710490468160469 214
1783105146362 1.965278650046418 215
1783105150738 1.96894956385714 216
1783105155135 1.9839005386029032 217
1783105159579 1.9823939241624777 218
1783105163995 1.966464334375718 219
1783105168363 1.9508141640786294 220
1783105172759 1.9626071853637694 221
1783105177132 1.947245467864038 222
1783105181482 1.9553109219966045 223
1783105185895 1.9479406058382827 224
1783105190271 1.9555732824077887 225
1783105194733 1.9588593242324401 226
1783105199149 1.9662810065890053 227
1783105203506 1.9478853293481817 228
1783105207876 1.94176326762276 229
1783105212254 1.959207369289857 230
1783105216677 1.947806495909003 231
1783105221122 1.9665546049694502 232
1783105225669 1.9508671672631663 233
1783105230085 1.939355722701397 234
1783105234469 1.9369992119925363 235
1783105238841 1.958875016537969 236
1783105243212 1.9613612544152044 237
1783105247603 1.938628929273217 238
1783105252013 1.9375156903607949 239
1783105256389 1.9453410580074306 240
1783105260727 1.9333461787965562 241
1783105265157 1.9285665044979172 242
1783105269546 1.9404108318580588 243
1783105273941 1.9293957584900476 244
1783105278324 1.9081895069966 245
1783105282742 1.9088867028554282 246
1783105287111 1.9265565157447178 247
1783105291481 1.9367932459351362 248
1783105295884 1.949821810973318 249
1783105300273 1.938505719779548 250
1783105304659 1.941329350547185 251
1783105309093 1.9422540861306732 252
1783105313482 1.9111653041384746 253
1783105317870 1.899761592797442 254
1783105322257 1.905490676238931 255
1783105326645 1.9052391270644793 256
1783105331009 1.875458924881535 257
1783105335406 1.8975755931397722 258
1783105339892 1.9158524686331426 259
1783105344269 1.9156944591485587 260
1783105348624 1.8933200679474593 261
1783105353231 1.9156032146367812 262
1783105357742 1.8929695113343912 263
1783105362100 1.9037162990264545 264
1783105366526 1.8715126762737277 265
1783105370919 1.8821361896603606 266
1783105375285 1.8745259781958352 267
1783105379646 1.893369660777281 268
1783105383973 1.8946647330849433 269
1783105388357 1.8802095223929136 270
1783105392746 1.8696134069377808 271
1783105397224 1.8195687292753162 272
1783105401615 1.8489070071114435 273
1783105406106 1.8107570317507529 274
1783105410480 1.791353451239096 275
1783105414848 1.8204711970576533 276
1783105419608 1.8036487484706267 277
1783105424438 1.8135947101521042 278
1783105429220 1.8251678889781788 279
1783105434015 1.8303110777774705 280
1783105438933 1.8584702059348919 281
1783105443544 1.8620714286848299 282
1783105448201 1.7961713465248665 283
1783105452907 1.75917825954301 284
1783105457449 1.7479001340095712 285
1783105462160 1.782804538677265 286
1783105468617 1.7968427811846726 287
1783105473128 1.802305652002394 288
1783105477448 1.8003564881313596 289
1783105481807 1.770273292098694 290
1783105486157 1.815365530683108 291
1783105490487 1.81008026763385 292
1783105494898 1.8001521679723687 293
1783105499372 1.8188338212019048 294
1783105503676 1.8281558167307 295
1783105508079 1.8248311665593362 296
1783105512415 1.8235727215104283 297
1783105516781 1.8266826972883417 298
1783105521344 1.8393062001651095 299
1783105525731 1.850951497147723 300
1783105530082 1.8443275702317883 301
1783105534381 1.8261840582130213 302
1783105538679 1.8301273778252938 303
1783105543031 1.85393388569355 304
1783105547545 1.8522068490475088 305
1783105551927 1.8289565325748582 306
1783105556312 1.8268521155341197 307
1783105560632 1.8503953178595056 308
1783105564986 1.8505521653827868 309
1783105569278 1.8307041825488974 310
1783105573581 1.8203388810404586 311
1783105577886 1.850426803110428 312
1783105582194 1.8547938972614275 313
1783105586528 1.838181354671533 314
1783105590892 1.840419800716129 315
1783105595193 1.8550103255463457 316
1783105599489 1.86248392889029 317
1783105603792 1.8530002697741137 318
1783105608133 1.8406868426327778 319
1783105612479 1.850581102500494 320
1783105616886 1.8578604647987766 321
1783105621711 1.8647078000582182 322
1783105626191 1.864041816645227 323
1783105630640 1.8553585991371258 324
1783105635040 1.852818602474577 325
1783105639384 1.8671849775064677 326
1783105643683 1.8683693454867716 327
1783105648082 1.8654563768260974 328
1783105652407 1.854516396155724 329
1783105656784 1.8581845636396963 330
1783105661145 1.8609140752309776 331
1783105665482 1.8729302658498468 332
1783105670077 1.8732803095425807 333
1783105674404 1.8727654444204795 334
1783105678713 1.863388850216121 335
1783105683070 1.8677221604479037 336
