1783104578015 4.0 87
1783104582431 5.0 88
1783104586787 3.0 89
1783104591092 2.0 90
1783104595406 2.0 91
1783104599721 2.0 92
1783104604037 2.0 93
1783104608350 2.0 94
1783104612720 3.0 95
1783104617053 2.0 96
1783104621392 2.0 97
1783104625808 2.0 98
1783104630375 2.0 99
1783104634843 2.0 100
1783104639412 2.0 101
1783104643899 2.0 102
1783104648385 2.0 103
1783104652851 2.0 104
1783104657453 2.0 105
1783104661963 3.0 106
1783104666588 3.0 107
1783104671095 5.0 108
1783104675584 3.0 109
1783104680031 4.0 110
1783104684574 3.0 111
1783104689034 3.0 112
1783104693509 3.0 113
1783104698087 4.0 114
1783104702591 3.0 115
1783104707121 2.0 116
1783104711644 2.0 117
1783104716092 3.0 118
1783104720631 2.0 119
1783104725317 2.0 120
1783104729983 2.0 121
1783104734940 3.0 122
1783104739987 4.0 123
1783104744363 2.0 124
1783104748704 2.0 125
1783104753069 2.0 126
1783104757469 3.0 127
1783104761902 2.0 128
1783104766296 2.0 129
1783104770657 2.0 130
1783104774967 2.0 131
1783104779286 2.0 132
1783104783600 2.0 133
1783104787924 2.0 134
1783104792289 2.0 135
1783104796605 2.0 136
1783104802395 3.0 137
1783104806784 3.0 138
1783104811529 2.0 139
1783104815932 2.0 140
1783104820292 3.0 141
1783104824684 2.0 142
1783104829020 2.0 143
1783104833383 3.0 144
1783104837717 2.0 145
1783104842074 4.0 146
1783104846488 3.0 147
1783104850918 4.0 148
1783104855280 2.0 149
1783104859707 3.0 150
1783104864164 3.0 151
1783104868595 3.0 152
1783104872961 3.0 153
1783104877320 2.0 154
1783104881699 2.0 155
1783104886056 2.0 156
1783104890438 3.0 157
1783104894839 3.0 158
1783104899284 3.0 159
1783104903663 3.0 160
1783104908048 3.0 161
1783104912427 3.0 162
1783104916793 3.0 163
1783104921159 3.0 164
1783104925562 3.0 165
1783104929954 3.0 166
1783104934294 4.0 167
1783104938659 3.0 168
1783104943041 4.0 169
1783104947429 4.0 170
1783104951824 4.0 171
1783104956228 4.0 172
1783104960728 4.0 173
1783104965550 4.0 174
1783104970322 3.0 175
1783104974997 3.0 176
1783104979351 3.0 177
1783104983726 3.0 178
1783104988119 3.0 179
1783104992505 3.0 180
1783104996828 3.0 181
1783105001202 3.0 182
1783105005752 3.0 183
1783105010192 4.0 184
1783105014662 3.0 185
1783105018998 3.0 186
1783105023408 3.0 187
1783105027768 3.0 188
1783105032123 4.0 189
1783105036551 3.0 190
1783105040937 4.0 191
1783105045278 3.0 192
1783105049675 3.0 193
1783105054028 3.0 194
1783105058460 3.0 195
1783105062830 3.0 196
1783105067182 3.0 197
1783105071533 3.0 198
1783105075895 3.0 199
1783105080311 3.0 200
1783105084823 3.0 201
1783105089215 3.0 202
1783105093631 4.0 203
1783105097991 3.0 204
1783105102404 4.0 205
1783105106810 2.0 206
1783105111200 2.0 207
1783105115681 2.0 208
1783105120087 2.0 209
1783105124468 3.0 210
1783105128838 2.0 211
1783105133202 2.0 212
1783105137605 2.0 213
1783105141968 3.0 214
1783105146362 3.0 215
1783105150738 3.0 216
1783105155135 4.0 217
1783105159579 3.0 218
1783105163995 3.0 219
1783105168363 3.0 220
1783105172759 3.0 221
1783105177132 3.0 222
1783105181482 3.0 223
1783105185895 3.0 224
1783105190271 3.0 225
1783105194733 3.0 226
1783105199149 3.0 227
1783105203506 3.0 228
1783105207876 3.0 229
1783105212254 3.0 230
1783105216677 3.0 231
1783105221122 3.0 232
1783105225669 3.0 233
1783105230085 3.0 234
1783105234469 3.0 235
1783105238841 3.0 236
1783105243212 3.0 237
1783105247603 3.0 238
1783105252013 2.0 239
1783105256389 2.0 240
1783105260727 3.0 241
1783105265157 2.0 242
1783105269546 3.0 243
1783105273941 2.0 244
1783105278324 2.0 245
1783105282742 3.0 246
1783105287111 2.0 247
1783105291481 3.0 248
1783105295884 3.0 249
1783105300273 2.0 250
1783105304659 3.0 251
1783105309093 3.0 252
1783105313482 3.0 253
1783105317870 3.0 254
1783105322257 3.0 255
1783105326645 3.0 256
1783105331009 3.0 257
1783105335406 3.0 258
1783105339892 3.0 259
1783105344269 3.0 260
1783105348624 3.0 261
1783105353231 3.0 262
1783105357742 3.0 263
1783105362100 3.0 264
1783105366526 3.0 265
1783105370919 3.0 266
1783105375285 3.0 267
1783105379646 3.0 268
1783105383973 3.0 269
1783105388357 3.0 270
1783105392746 3.0 271
1783105397224 3.0 272
1783105401615 3.0 273
1783105406106 3.0 274
1783105410480 3.0 275
1783105414848 3.0 276
1783105419608 3.0 277
1783105424438 3.0 278
1783105429220 3.0 279
1783105434015 3.0 280
1783105438933 3.0 281
1783105443544 3.0 282
1783105448201 3.0 283
1783105452907 3.0 284
1783105457449 3.0 285
1783105462160 3.0 286
1783105468617 3.0 287
1783105473128 3.0 288
1783105477448 3.0 289
1783105481807 3.0 290
1783105486157 3.0 291
1783105490487 3.0 292
1783105494898 3.0 293
1783105499372 3.0 294
1783105503676 3.0 295
1783105508079 3.0 296
1783105512415 3.0 297
1783105516781 3.0 298
1783105521344 3.0 299
1783105525731 3.0 300
1783105530082 3.0 301
1783105534381 3.0 302
1783105538679 3.0 303
1783105543031 3.0 304
1783105547545 3.0 305
1783105551927 3.0 306
1783105556312 3.0 307
1783105560632 3.0 308
1783105564986 3.0 309
1783105569278 3.0 310
1783105573581 3.0 311
1783105577886 3.0 312
1783105582194 3.0 313
1783105586528 3.0 314
1783105590892 3.0 315
1783105595193 3.0 316
1783105599489 3.0 317
1783105603792 3.0 318
1783105608133 3.0 319
1783105612479 3.0 320
1783105616886 3.0 321
1783105621711 3.0 322
1783105626191 3.0 323
1783105630640 3.0 324
1783105635040 3.0 325
1783105639384 3.0 326
1783105643683 3.0 327
1783105648082 3.0 328
1783105652407 3.0 329
1783105656784 3.0 330
1783105661145 3.0 331
1783105665482 3.0 332
1783105670077 3.0 333
1783105674404 3.0 334
1783105678713 3.0 335
1783105683070 3.0 336
