1783104578015 0.6316747019688288 87
1783104582431 0.5938477069139481 88
1783104586787 0.566683808962504 89
1783104591092 0.5938871403535207 90
1783104595406 0.6226391841967901 91
1783104599721 0.6311618536710739 92
1783104604037 0.6301282644271851 93
1783104608350 0.6261851588884989 94
1783104612720 0.6214931607246399 95
1783104617053 0.6169649014870325 96
1783104621392 0.609966923793157 97
1783104625808 0.6054290185372034 98
1783104630375 0.6097115327914556 99
1783104634843 0.6069631030162176 100
1783104639412 0.6025425593058268 101
1783104643899 0.604311615228653 102
1783104648385 0.5946559607982635 103
1783104652851 0.577333594361941 104
1783104657453 0.5574165607492129 105
1783104661963 0.5275066122412682 106
1783104666588 0.48288154353698093 107
1783104671095 0.4620841145515442 108
1783104675584 0.42910482982794446 109
1783104680031 0.4586673552791278 110
1783104684574 0.4296996022264163 111
1783104689034 0.36629412323236465 112
1783104693509 0.3760217030843099 113
1783104698087 0.3816298171877861 114
1783104702591 0.35957526912291843 115
1783104707121 0.3289496526122093 116
1783104711644 0.35071267435948056 117
1783104716092 0.35166772951682407 118
1783104720631 0.3260868390401204 119
1783104725317 0.3252815057833989 120
1783104729983 0.31985368331273395 121
1783104734940 0.33590012540419895 122
1783104739987 0.32424096763134 123
1783104744363 0.3139541099468867 124
1783104748704 0.30194708208243054 125
1783104753069 0.30659545461336773 126
1783104757469 0.33405156433582306 127
1783104761902 0.31524880478779477 128
1783104766296 0.29467132687568665 129
1783104770657 0.29587360223134357 130
1783104774967 0.3001573284467061 131
1783104779286 0.29163336257139844 132
1783104783600 0.283073569337527 133
1783104787924 0.2764303336540858 134
1783104792289 0.27707364906867343 135
1783104796605 0.278329739967982 136
1783104802395 0.2820412615935008 137
1783104806784 0.2714049393932025 138
1783104811529 0.24567261214057604 139
1783104815932 0.2282398430009683 140
1783104820292 0.2316065008441607 141
1783104824684 0.22273588925600052 142
1783104829020 0.22961308186252913 143
1783104833383 0.233933474868536 144
1783104837717 0.2268230840563774 145
1783104842074 0.2118160923322042 146
1783104846488 0.247077743212382 147
1783104850918 0.21996821835637093 148
1783104855280 0.2231765737136205 149
1783104859707 0.2208335337539514 150
1783104864164 0.20740303893884024 151
1783104868595 0.24521668503681818 152
1783104872961 0.21217316637436548 153
1783104877320 0.1928323693573475 154
1783104881699 0.18358086173733076 155
1783104886056 0.1805565282702446 156
1783104890438 0.1715658778945605 157
1783104894839 0.16689307863513628 158
1783104899284 0.16145885673662028 159
1783104903663 0.16690171882510185 160
1783104908048 0.16297739930450916 161
1783104912427 0.15399961297710738 162
1783104916793 0.15698501157263914 163
1783104921159 0.14808855081597963 164
1783104925562 0.14189793231586614 165
1783104929954 0.15451208191613355 166
1783104934294 0.1409446938584248 167
1783104938659 0.1477996880809466 168
1783104943041 0.1395829158524672 169
1783104947429 0.13998677829901376 170
1783104951824 0.13814201268057028 171
1783104956228 0.1379609356323878 172
1783104960728 0.1381761102626721 173
1783104965550 0.13751155386368433 174
1783104970322 0.13806728087365627 175
1783104974997 0.13727888527015844 176
1783104979351 0.14506390566627184 177
1783104983726 0.14835444216926894 178
1783104988119 0.14379463655253252 179
1783104992505 0.14477367885410786 180
1783104996828 0.1394911470512549 181
1783105001202 0.13528934183220068 182
1783105005752 0.1340044749279817 183
1783105010192 0.13500183572371802 184
1783105014662 0.13347352234025797 185
1783105018998 0.13430011520783106 186
1783105023408 0.13591739597419897 187
1783105027768 0.13460793470342955 188
1783105032123 0.13297834061086178 189
1783105036551 0.13159092081089815 190
1783105040937 0.1312688502172629 191
1783105045278 0.12714235919217268 192
1783105049675 0.12821947472790876 193
1783105054028 0.12956788949668407 194
1783105058460 0.1278245591868957 195
1783105062830 0.1304419736067454 196
1783105067182 0.12659159675240517 197
1783105071533 0.12427096689740817 198
1783105075895 0.12835177344580492 199
1783105080311 0.12541495077311993 200
1783105084823 0.12330516862372558 201
1783105089215 0.1235800323386987 202
1783105093631 0.12397198813656966 203
1783105097991 0.12440709521373113 204
1783105102404 0.12411744023362796 205
1783105106810 0.1285486618677775 206
1783105111200 0.12652374679843584 207
1783105115681 0.12236499600112438 208
1783105120087 0.1213758314649264 209
1783105124468 0.12084472924470901 210
1783105128838 0.12243203694621722 211
1783105133202 0.12174582419296105 212
1783105137605 0.11993089877068996 213
1783105141968 0.12008119188249111 214
1783105146362 0.11732967880864938 215
1783105150738 0.11664119859536488 216
1783105155135 0.11743832627932231 217
1783105159579 0.12117645082374413 218
1783105163995 0.1173635683953762 219
1783105168363 0.1182834121088187 220
1783105172759 0.11890043939153354 221
1783105177132 0.11638454720377922 222
1783105181482 0.11639536234239738 223
1783105185895 0.11520277398327987 224
1783105190271 0.11590377862254779 225
1783105194733 0.11715836388369401 226
1783105199149 0.11383869250615437 227
1783105203506 0.11489544560511906 228
1783105207876 0.11727638728916645 229
1783105212254 0.11533865332603455 230
1783105216677 0.11322937409083049 231
1783105221122 0.11522175309558709 232
1783105225669 0.1118319674084584 233
1783105230085 0.11274481316407521 234
1783105234469 0.11381144014497598 235
1783105238841 0.11273836034039657 236
1783105243212 0.11403222878774007 237
1783105247603 0.11293920998771985 238
1783105252013 0.11166727729141712 239
1783105256389 0.11286376789212227 240
1783105260727 0.11177001769344012 241
1783105265157 0.11244417602817218 242
1783105269546 0.11129762573788564 243
1783105273941 0.11085086377958457 244
1783105278324 0.1094353658457597 245
1783105282742 0.11221220033864181 246
1783105287111 0.11235135514289141 247
1783105291481 0.10951397692163785 248
1783105295884 0.10806532576680183 249
1783105300273 0.11043326929211617 250
1783105304659 0.10795350559055805 251
1783105309093 0.1083938330411911 252
1783105313482 0.11344434569279353 253
1783105317870 0.1112406849861145 254
1783105322257 0.10980336802701156 255
1783105326645 0.10874420963227749 256
1783105331009 0.10855172512431939 257
1783105335406 0.10748408734798431 258
1783105339892 0.10827189590781927 259
1783105344269 0.10840873668591182 260
1783105348624 0.1073960851257046 261
1783105353231 0.10577540472149849 262
1783105357742 0.10892127826809883 263
1783105362100 0.10799404109517734 264
1783105366526 0.10731660295277834 265
1783105370919 0.1079565491527319 266
1783105375285 0.10733047189811866 267
1783105379646 0.10806895637263854 268
1783105383973 0.10648071331282456 269
1783105388357 0.10697885323315859 270
1783105392746 0.10608926508575678 271
1783105397224 0.10710599428663652 272
1783105401615 0.10530407602588336 273
1783105406106 0.10844659650077422 274
1783105410480 0.10754707735031843 275
1783105414848 0.10658080379168193 276
1783105419608 0.10765193464855354 277
1783105424438 0.10692470893263817 278
1783105429220 0.10841235673675935 279
1783105434015 0.10548113938421011 280
1783105438933 0.1054292352249225 281
1783105443544 0.10644763863335054 282
1783105448201 0.10486679213742416 283
1783105452907 0.10762009893854459 284
1783105457449 0.10624339121083419 285
1783105462160 0.10802669264376163 286
1783105468617 0.10471487355728944 287
1783105473128 0.10400236242761214 288
1783105477448 0.10351591557264328 289
1783105481807 0.10406164048860471 290
1783105486157 0.1031632050871849 291
1783105490487 0.10325683187693357 292
1783105494898 0.10306443553417921 293
1783105499372 0.10270280515154202 294
1783105503676 0.10270318916688363 295
1783105508079 0.10259183434148629 296
1783105512415 0.1025057453662157 297
1783105516781 0.10230677264432113 298
1783105521344 0.10199160904934008 299
1783105525731 0.10196931877483924 300
1783105530082 0.10206402993450563 301
1783105534381 0.10205244210859139 302
1783105538679 0.10172031757732232 303
1783105543031 0.10147435776889324 304
1783105547545 0.10169074063499768 305
1783105551927 0.1017208428432544 306
1783105556312 0.10142189326385657 307
1783105560632 0.10133042403807242 308
1783105564986 0.10152544391651948 309
1783105569278 0.10096690244972706 310
1783105573581 0.10126194233695666 311
1783105577886 0.10086314162860315 312
1783105582194 0.1010223130385081 313
1783105586528 0.1009724090496699 314
1783105590892 0.10064159457882245 315
1783105595193 0.10048710803190868 316
1783105599489 0.10078342507282893 317
1783105603792 0.10069626290351152 318
1783105608133 0.10051422069470088 319
1783105612479 0.10029197484254837 320
1783105616886 0.10006196393320958 321
1783105621711 0.1003798684105277 322
1783105626191 0.10013975451389949 323
1783105630640 0.1002159584313631 324
1783105635040 0.10003160467992227 325
1783105639384 0.09985242877155542 326
1783105643683 0.10013334794590871 327
1783105648082 0.10024623883267243 328
1783105652407 0.10003571926305692 329
1783105656784 0.10000702024747928 330
1783105661145 0.09965020945916574 331
1783105665482 0.09953333375354607 332
1783105670077 0.09942000141988198 333
1783105674404 0.09987547931571801 334
1783105678713 0.09953265047321717 335
1783105683070 0.09979661150525014 336
