1783104578015 0.7165054062306712 87
1783104582431 0.6207597216400192 88
1783104586787 0.6073382423064247 89
1783104591092 0.5647391839902705 90
1783104595406 0.6187023194286833 91
1783104599721 0.6718039604176774 92
1783104604037 0.6711154408278214 93
1783104608350 0.6559177029196382 94
1783104612720 0.6804129167969624 95
1783104617053 0.6741335929306556 96
1783104621392 0.6936791770301167 97
1783104625808 0.7088993608926311 98
1783104630375 0.6873938312009616 99
1783104634843 0.6742892662661389 100
1783104639412 0.7062321609807332 101
1783104643899 0.6806136478705577 102
1783104648385 0.7441137587493131 103
1783104652851 0.6692441583283172 104
1783104657453 0.6499298777962662 105
1783104661963 0.7117789697354305 106
1783104666588 0.6120818346521752 107
1783104671095 0.7150104699882788 108
1783104675584 0.6942043867414549 109
1783104680031 0.6630289186399148 110
1783104684574 0.6648835019191076 111
1783104689034 0.6954424428340227 112
1783104693509 0.6947689756894203 113
1783104698087 0.6958336672900653 114
1783104702591 0.6573471037716971 115
1783104707121 0.6526421272506558 116
1783104711644 0.6866218893751964 117
1783104716092 0.7263438749622351 118
1783104720631 0.6194584991284311 119
1783104725317 0.7117916396081542 120
1783104729983 0.6675655489141388 121
1783104734940 0.7309131095213108 122
1783104739987 0.6648606274018735 123
1783104744363 0.6867189108488527 124
1783104748704 0.7018241148609811 125
1783104753069 0.718636679696059 126
1783104757469 0.6911938110526504 127
1783104761902 0.693935307855375 128
1783104766296 0.718472429218762 129
1783104770657 0.7386657250696698 130
1783104774967 0.7366497652988584 131
1783104779286 0.7060360618665388 132
1783104783600 0.753018390258514 133
1783104787924 0.7087796868244024 134
1783104792289 0.7463641097161179 135
1783104796605 0.7424009060599758 136
1783104802395 0.6138553781168355 137
1783104806784 0.6093326169081364 138
1783104811529 0.593131708865934 139
1783104815932 0.5626710605615788 140
1783104820292 0.6222082623834151 141
1783104824684 0.6113286732996558 142
1783104829020 0.610977251561922 143
1783104833383 0.6003043320217025 144
1783104837717 0.5746917114898897 145
1783104842074 0.5809959543241573 146
1783104846488 0.42658730821913254 147
1783104850918 0.5528101434080853 148
1783104855280 0.5351479061703217 149
1783104859707 0.6608747597349741 150
1783104864164 0.6260014473641944 151
1783104868595 0.5678517660573505 152
1783104872961 0.468551153902339 153
1783104877320 0.5946704980473264 154
1783104881699 0.5814935606433284 155
1783104886056 0.5896451132006281 156
1783104890438 0.5629434958323832 157
1783104894839 0.5305762988571422 158
1783104899284 0.5269014011717635 159
1783104903663 0.5305062637923467 160
1783104908048 0.5866365176207138 161
1783104912427 0.47399480627791624 162
1783104916793 0.5525681311218232 163
1783104921159 0.46410050128203695 164
1783104925562 0.6206938471267497 165
1783104929954 0.5640562307494483 166
1783104934294 0.632657126743304 167
1783104938659 0.5660423784855905 168
1783104943041 0.6611074416094443 169
1783104947429 0.7181357688908087 170
1783104951824 0.6918447862205331 171
1783104956228 0.6747523296774093 172
1783104960728 0.6882019119088721 173
1783104965550 0.6729777297663085 174
1783104970322 0.5934500067138847 175
1783104974997 0.5757302536478004 176
1783104979351 0.5749967751382917 177
1783104983726 0.5272646686805199 178
1783104988119 0.5889610737685327 179
1783104992505 0.5782073290277979 180
1783104996828 0.623843882342893 181
1783105001202 0.6241198255257535 182
1783105005752 0.6312326178451911 183
1783105010192 0.6380410809690947 184
1783105014662 0.6231621205388125 185
1783105018998 0.6303362170592239 186
1783105023408 0.6424382845438704 187
1783105027768 0.6606523798537521 188
1783105032123 0.6637638045886854 189
1783105036551 0.6541796622495468 190
1783105040937 0.6689477536863105 191
1783105045278 0.6286331710670431 192
1783105049675 0.6495335253802613 193
1783105054028 0.6185733239670091 194
1783105058460 0.5784001832281194 195
1783105062830 0.6085008376505329 196
1783105067182 0.631349583900905 197
1783105071533 0.637699605316369 198
1783105075895 0.6572297552112061 199
1783105080311 0.6411249949318121 200
1783105084823 0.6579252730232891 201
1783105089215 0.6748786016458488 202
1783105093631 0.6723114617881406 203
1783105097991 0.5732435354206039 204
1783105102404 0.6356098013562205 205
1783105106810 0.7000798232111974 206
1783105111200 0.6804459923044485 207
1783105115681 0.6986900310978141 208
1783105120087 0.7014010899119093 209
1783105124468 0.672576510537605 210
1783105128838 0.6855576968574068 211
1783105133202 0.6904332817056389 212
1783105137605 0.7055458351973091 213
1783105141968 0.6358822455063704 214
1783105146362 0.6820807951277388 215
1783105150738 0.7041662671864666 216
1783105155135 0.6390156797302408 217
1783105159579 0.6523412292004026 218
1783105163995 0.6501603485201103 219
1783105168363 0.6287268082389624 220
1783105172759 0.6211154501042376 221
1783105177132 0.6525007486501436 222
1783105181482 0.665563530528405 223
1783105185895 0.6867661168130924 224
1783105190271 0.703369844413965 225
1783105194733 0.6612399630013013 226
1783105199149 0.6767265154276617 227
1783105203506 0.6711307524768202 228
1783105207876 0.6581619827770085 229
1783105212254 0.6595219851560661 230
1783105216677 0.6914182904362939 231
1783105221122 0.670004515546926 232
1783105225669 0.6947594383572405 233
1783105230085 0.6899874150637378 234
1783105234469 0.6803870165883802 235
1783105238841 0.6457513746605003 236
1783105243212 0.6532781650153247 237
1783105247603 0.7256629242417606 238
1783105252013 0.7166626087051601 239
1783105256389 0.6863742695416328 240
1783105260727 0.6630977469772716 241
1783105265157 0.7155186859437067 242
1783105269546 0.7088364435950241 243
1783105273941 0.728004530784899 244
1783105278324 0.7392216922435334 245
1783105282742 0.7504342479500729 246
1783105287111 0.7101797530460191 247
1783105291481 0.7373636052955553 248
1783105295884 0.7163440972816194 249
1783105300273 0.734418296210659 250
1783105304659 0.6933008245218262 251
1783105309093 0.717803118966389 252
1783105313482 0.7214179455187929 253
1783105317870 0.7129517704403998 254
1783105322257 0.7076131073539166 255
1783105326645 0.7253901675262874 256
1783105331009 0.7304380757768447 257
1783105335406 0.7340524681953257 258
1783105339892 0.7004496653384643 259
1783105344269 0.7259827334731788 260
1783105348624 0.7439593884831314 261
1783105353231 0.7397529537428146 262
1783105357742 0.7313403959700189 263
1783105362100 0.7532722946499497 264
1783105366526 0.7155544695147804 265
1783105370919 0.7238231893147784 266
1783105375285 0.7374351377959308 267
1783105379646 0.7423422758249613 268
1783105383973 0.7391722915528903 269
1783105388357 0.7663905131107166 270
1783105392746 0.6450523993966403 271
1783105397224 0.7193525337491425 272
1783105401615 0.7299918574392406 273
1783105406106 0.7287039957977938 274
1783105410480 0.718889714185543 275
1783105414848 0.7395332418765549 276
1783105419608 0.7532993136787046 277
1783105424438 0.7639087280046527 278
1783105429220 0.7259427609601891 279
1783105434015 0.7365327157820897 280
1783105438933 0.755335297629912 281
1783105443544 0.7212650250302507 282
1783105448201 0.7521251870190087 283
1783105452907 0.7147696825396513 284
1783105457449 0.7233795914914264 285
1783105462160 0.7318971969086285 286
1783105468617 0.7580000556730419 287
1783105473128 0.7459794091211025 288
1783105477448 0.731126007615118 289
1783105481807 0.748913535392402 290
1783105486157 0.7490028523831139 291
1783105490487 0.7455798387010547 292
1783105494898 0.7530385100138011 293
1783105499372 0.7494203362634719 294
1783105503676 0.7469396603016722 295
1783105508079 0.7498245299126435 296
1783105512415 0.750881953627539 297
1783105516781 0.7558775532807922 298
1783105521344 0.7500104991841482 299
1783105525731 0.7502238428203386 300
1783105530082 0.7427959980693388 301
1783105534381 0.7560452125255074 302
1783105538679 0.7490652029342849 303
1783105543031 0.7517340981459649 304
1783105547545 0.7443863886835702 305
1783105551927 0.7522117851766813 306
1783105556312 0.7457388444933333 307
1783105560632 0.752657589253896 308
1783105564986 0.7661699925161135 309
1783105569278 0.7389511403158321 310
1783105573581 0.7532943274748957 311
1783105577886 0.7501488799473538 312
1783105582194 0.7555506051016051 313
1783105586528 0.7534031732464067 314
1783105590892 0.7575057980167804 315
1783105595193 0.7542411773676706 316
1783105599489 0.7566525358014352 317
1783105603792 0.7489538889499466 318
1783105608133 0.7596659258986039 319
1783105612479 0.7567152954863765 320
1783105616886 0.7556473432761822 321
1783105621711 0.7643384912440059 322
1783105626191 0.7504804008975924 323
1783105630640 0.755806822636739 324
1783105635040 0.7593426817285298 325
1783105639384 0.7629601523718145 326
1783105643683 0.7606803984274327 327
1783105648082 0.7515118438182803 328
1783105652407 0.7465009400259569 329
1783105656784 0.7621444799053645 330
1783105661145 0.7572689027451229 331
1783105665482 0.7721400792559073 332
1783105670077 0.7566469704652764 333
1783105674404 0.7568350838705836 334
1783105678713 0.7501027654338399 335
1783105683070 0.7648476876479915 336
