1783104578015 0.9388487932434645 87
1783104582431 0.9327521308097454 88
1783104586787 0.9544727359571915 89
1783104591092 0.9633463771681637 90
1783104595406 0.9642827513521522 91
1783104599721 0.9551579255971663 92
1783104604037 0.9530494301454354 93
1783104608350 0.9582402442177064 94
1783104612720 0.9448560078879668 95
1783104617053 0.9517112590625247 96
1783104621392 0.9571543166764904 97
1783104625808 0.9608765263275069 98
1783104630375 0.9600890557730514 99
1783104634843 0.9604251217194969 100
1783104639412 0.9624829370646671 101
1783104643899 0.9747212085519871 102
1783104648385 0.9540017053705098 103
1783104652851 0.9636157060743522 104
1783104657453 0.9749330153034802 105
1783104661963 0.9533551127016349 106
1783104666588 0.9601936505858872 107
1783104671095 0.8782322424895024 108
1783104675584 0.9347163811030462 109
1783104680031 0.9493969312509157 110
1783104684574 0.9753860585471844 111
1783104689034 0.9510793527958166 112
1783104693509 0.9532089382211312 113
1783104698087 0.8994885931201854 114
1783104702591 0.9195067862298472 115
1783104707121 0.9704600784848365 116
1783104711644 0.9667554605760075 117
1783104716092 0.9465565579473246 118
1783104720631 0.9658257531497784 119
1783104725317 0.9627849994275524 120
1783104729983 0.9703263061107034 121
1783104734940 0.908255023711808 122
1783104739987 0.932672015512594 123
1783104744363 0.957739308466136 124
1783104748704 0.952908359353616 125
1783104753069 0.9555328011779114 126
1783104757469 0.9772590283330653 127
1783104761902 0.9597052174506971 128
1783104766296 0.9593475423984775 129
1783104770657 0.9543444021976238 130
1783104774967 0.9735113091523339 131
1783104779286 0.9688967014142092 132
1783104783600 0.9577161739008951 133
1783104787924 0.968242454265769 134
1783104792289 0.9663420368948201 135
1783104796605 0.9626204365902896 136
1783104802395 0.8914770490581958 137
1783104806784 0.9465659717019705 138
1783104811529 0.9738329277260341 139
1783104815932 0.9683025765660532 140
1783104820292 0.9279249958005041 141
1783104824684 0.9696501026171708 142
1783104829020 0.9739229643174734 143
1783104833383 0.9660291295131662 144
1783104837717 0.9599084001174184 145
1783104842074 0.9259981529407608 146
1783104846488 0.9502432208262764 147
1783104850918 0.9434710291335153 148
1783104855280 0.9637533987088273 149
1783104859707 0.9083646772064427 150
1783104864164 0.9254794620840731 151
1783104868595 0.956783776695625 152
1783104872961 0.9659163418182062 153
1783104877320 0.9515894732058715 154
1783104881699 0.9608465109209905 155
1783104886056 0.9555919320622257 156
1783104890438 0.9557637050493882 157
1783104894839 0.9634243187291726 158
1783104899284 0.9692881547158917 159
1783104903663 0.971392600477182 160
1783104908048 0.9570672685551936 161
1783104912427 0.9721521206251272 162
1783104916793 0.9619880091720362 163
1783104921159 0.9765020348328627 164
1783104925562 0.9549518731203822 165
1783104929954 0.9614102894685819 166
1783104934294 0.9391499380514275 167
1783104938659 0.9542864636660547 168
1783104943041 0.9400405154481174 169
1783104947429 0.8994122023730998 170
1783104951824 0.8937907434005249 171
1783104956228 0.9086734208976398 172
1783104960728 0.8948641696420571 173
1783104965550 0.9102174615291382 174
1783104970322 0.9665516283072253 175
1783104974997 0.9769158351855719 176
1783104979351 0.9761058699164898 177
1783104983726 0.9799733359204956 178
1783104988119 0.9659570809515924 179
1783104992505 0.961590710626112 180
1783104996828 0.95341741246084 181
1783105001202 0.9532186989372767 182
1783105005752 0.9566391917786986 183
1783105010192 0.9492416458837939 184
1783105014662 0.9596181548754785 185
1783105018998 0.9550031277775632 186
1783105023408 0.9609059900531611 187
1783105027768 0.9578551263071517 188
1783105032123 0.9512378562209798 189
1783105036551 0.9593568365223143 190
1783105040937 0.9337594542020491 191
1783105045278 0.9515755656207198 192
1783105049675 0.9649960321269645 193
1783105054028 0.9760805355212071 194
1783105058460 0.9682310180304973 195
1783105062830 0.98062501775093 196
1783105067182 0.9740716935770252 197
1783105071533 0.9732319015765089 198
1783105075895 0.9577250658808073 199
1783105080311 0.9652663650091894 200
1783105084823 0.9603372493030347 201
1783105089215 0.9593303870915385 202
1783105093631 0.9416388027872147 203
1783105097991 0.9568073039377228 204
1783105102404 0.9400793085355206 205
1783105106810 0.959572681233604 206
1783105111200 0.9702702182479549 207
1783105115681 0.9765203098700078 208
1783105120087 0.9695428236738808 209
1783105124468 0.9690106845766678 210
1783105128838 0.9694724190840766 211
1783105133202 0.9679532880929975 212
1783105137605 0.95880905081096 213
1783105141968 0.9717983814618796 214
1783105146362 0.9681787250572073 215
1783105150738 0.9519791818127076 216
1783105155135 0.9435183843375109 217
1783105159579 0.9650862710371277 218
1783105163995 0.9726743133618075 219
1783105168363 0.9721279817921525 220
1783105172759 0.9725759816568545 221
1783105177132 0.976925893562763 222
1783105181482 0.956026856354173 223
1783105185895 0.9718323647695714 224
1783105190271 0.9610622190926663 225
1783105194733 0.9663814057990529 226
1783105199149 0.9685513413707115 227
1783105203506 0.9781027896391735 228
1783105207876 0.9769092832444465 229
1783105212254 0.9721161607168303 230
1783105216677 0.9680146377653062 231
1783105221122 0.9623238948857419 232
1783105225669 0.9701836395272946 233
1783105230085 0.9719950295714955 234
1783105234469 0.9645772487543575 235
1783105238841 0.9621278709181653 236
1783105243212 0.9530480555622819 237
1783105247603 0.9688654698116778 238
1783105252013 0.973415503301954 239
1783105256389 0.9771022982739956 240
1783105260727 0.975595309774409 241
1783105265157 0.9746184921073255 242
1783105269546 0.9686200669720689 243
1783105273941 0.9629121728391686 244
1783105278324 0.9790654980927137 245
1783105282742 0.972628827537715 246
1783105287111 0.9754265961579839 247
1783105291481 0.9565250226828766 248
1783105295884 0.957391303081652 249
1783105300273 0.9613077757225685 250
1783105304659 0.953047549468821 251
1783105309093 0.953175852366087 252
1783105313482 0.9796652107380547 253
1783105317870 0.9798743831135699 254
1783105322257 0.9769302117667639 255
1783105326645 0.9746723625745538 256
1783105331009 0.9732772064974262 257
1783105335406 0.9707732655614575 258
1783105339892 0.9692932404384016 259
1783105344269 0.9712206897209885 260
1783105348624 0.9686015390621842 261
1783105353231 0.96477220001782 262
1783105357742 0.9724666520722659 263
1783105362100 0.9674742927993352 264
1783105366526 0.9774257500000315 265
1783105370919 0.9715665296819341 266
1783105375285 0.9707799627436408 267
1783105379646 0.9617408637113556 268
1783105383973 0.971550684896417 269
1783105388357 0.9681405155502106 270
1783105392746 0.957623461858966 271
1783105397224 0.9795575387410609 272
1783105401615 0.9652810588933254 273
1783105406106 0.9768188027477401 274
1783105410480 0.9776098198401565 275
1783105414848 0.9748418040841914 276
1783105419608 0.9730805924537399 277
1783105424438 0.9731033441484499 278
1783105429220 0.9699933270713519 279
1783105434015 0.9749651954944065 280
1783105438933 0.9609190632236663 281
1783105443544 0.9663368423267875 282
1783105448201 0.9735918631079818 283
1783105452907 0.9795443539967955 284
1783105457449 0.9786352441381493 285
1783105462160 0.975893771299444 286
1783105468617 0.9682247943582047 287
1783105473128 0.9733160630361879 288
1783105477448 0.9778235705280903 289
1783105481807 0.9760352328032513 290
1783105486157 0.9727659846322037 291
1783105490487 0.9748307744357826 292
1783105494898 0.9757254165654802 293
1783105499372 0.9739778836930837 294
1783105503676 0.9734661671924322 295
1783105508079 0.9737001632153334 296
1783105512415 0.9742088000075767 297
1783105516781 0.9743269932416183 298
1783105521344 0.9747915491300502 299
1783105525731 0.9718301156791136 300
1783105530082 0.9747463774841106 301
1783105534381 0.9738113457455096 302
1783105538679 0.9765616117953438 303
1783105543031 0.9723222859772593 304
1783105547545 0.9718626399434723 305
1783105551927 0.974514311186392 306
1783105556312 0.9761856351787094 307
1783105560632 0.9687388084732826 308
1783105564986 0.9667520823980481 309
1783105569278 0.9772918064359238 310
1783105573581 0.9753025462625913 311
1783105577886 0.9741664718220165 312
1783105582194 0.9715500405444556 313
1783105586528 0.974158452866218 314
1783105590892 0.9743180061331604 315
1783105595193 0.9741003933010989 316
1783105599489 0.9718331034990877 317
1783105603792 0.9748685463710668 318
1783105608133 0.9732726981197195 319
1783105612479 0.9748738014980711 320
1783105616886 0.9737292269660021 321
1783105621711 0.9701493315916879 322
1783105626191 0.974721294351002 323
1783105630640 0.9744501033383709 324
1783105635040 0.973930515088408 325
1783105639384 0.97251477975888 326
1783105643683 0.9709801262969511 327
1783105648082 0.9735475897753387 328
1783105652407 0.9759832507139482 329
1783105656784 0.9729036808825685 330
1783105661145 0.9738008223906767 331
1783105665482 0.9695582694688413 332
1783105670077 0.9742047302486543 333
1783105674404 0.9740000214118135 334
1783105678713 0.9762407947039913 335
1783105683070 0.9714533558534857 336
