1783104578015 0.17963449905316034 87
1783104582431 0.18324650824069977 88
1783104586787 0.19920663411418596 89
1783104591092 0.18865509952108064 90
1783104595406 0.18574919924139977 91
1783104599721 0.18679880475004515 92
1783104604037 0.18185277904073396 93
1783104608350 0.19118933628002802 94
1783104612720 0.203793382893006 95
1783104617053 0.19008906309803328 96
1783104621392 0.19194587444265684 97
1783104625808 0.1775039571026961 98
1783104630375 0.16047169889012972 99
1783104634843 0.18713644022742906 100
1783104639412 0.1789041149119536 101
1783104643899 0.17044130464394888 102
1783104648385 0.18749537443121275 103
1783104652851 0.17388855293393135 104
1783104657453 0.1623570074637731 105
1783104661963 0.16993435099720955 106
1783104666588 0.18063574408491453 107
1783104671095 0.20043005918463072 108
1783104675584 0.20265736182530722 109
1783104680031 0.17161731918652853 110
1783104684574 0.16641726096471152 111
1783104689034 0.1770873280862967 112
1783104693509 0.19219041243195534 113
1783104698087 0.19189233581225076 114
1783104702591 0.19120995327830315 115
1783104707121 0.17247881119449934 116
1783104711644 0.17439940944314003 117
1783104716092 0.20673426489035288 118
1783104720631 0.18863562618692717 119
1783104725317 0.19412417461474737 120
1783104729983 0.17636651918292046 121
1783104734940 0.20343216756979624 122
1783104739987 0.2229608235259851 123
1783104744363 0.20593173305193582 124
1783104748704 0.18885421877106032 125
1783104753069 0.19411898280183473 126
1783104757469 0.18196243916948637 127
1783104761902 0.19403735920786858 128
1783104766296 0.19055947040518126 129
1783104770657 0.1899030295511087 130
1783104774967 0.1823821204404036 131
1783104779286 0.18795364970962206 132
1783104783600 0.1836149481435617 133
1783104787924 0.18817082544167837 134
1783104792289 0.18406830603877702 135
1783104796605 0.19082208847006163 136
1783104802395 0.19954623033603033 137
1783104806784 0.22891361514727274 138
1783104811529 0.22339697927236557 139
1783104815932 0.20653068025906882 140
1783104820292 0.2185700461268425 141
1783104824684 0.2172287553548813 142
1783104829020 0.21667336920897165 143
1783104833383 0.23930333058039346 144
1783104837717 0.25036681567629177 145
1783104842074 0.28923631832003593 146
1783104846488 0.2716452442109585 147
1783104850918 0.29299243291219074 148
1783104855280 0.3021433527270953 149
1783104859707 0.28539401416977245 150
1783104864164 0.28544917205969494 151
1783104868595 0.3113110202054183 152
1783104872961 0.37293102343877155 153
1783104877320 0.34577927986780804 154
1783104881699 0.3449417178829511 155
1783104886056 0.3284485340118408 156
1783104890438 0.3678137535850207 157
1783104894839 0.37358735998471576 158
1783104899284 0.38280607014894485 159
1783104903663 0.3958653435111046 160
1783104908048 0.4112074573834737 161
1783104912427 0.4693357174595197 162
1783104916793 0.45634138335784274 163
1783104921159 0.4889661992589633 164
1783104925562 0.47574423750241596 165
1783104929954 0.5091675966978073 166
1783104934294 0.5207090203960737 167
1783104938659 0.5497657830516497 168
1783104943041 0.5542255615194639 169
1783104947429 0.5710265139738718 170
1783104951824 0.6293200055758158 171
1783104956228 0.6362411975860596 172
1783104960728 0.6512166783213615 173
1783104965550 0.6983715891838074 174
1783104970322 0.67503289381663 175
1783104974997 0.6911263565222422 176
1783104979351 0.6785986597339312 177
1783104983726 0.7321919625004133 178
1783104988119 0.7668208827575048 179
1783104992505 0.838875080148379 180
1783104996828 0.8403453429539999 181
1783105001202 0.8752346436182658 182
1783105005752 0.8640162398417791 183
1783105010192 0.9212782432635626 184
1783105014662 0.9302305926879247 185
1783105018998 0.9946552664041519 186
1783105023408 0.9980305234591166 187
1783105027768 1.005483756462733 188
1783105032123 1.0703359693288803 189
1783105036551 1.0682979027430217 190
1783105040937 1.1253612438837688 191
1783105045278 1.1581816126902897 192
1783105049675 1.2121221721172333 193
1783105054028 1.1460477312405903 194
1783105058460 1.245213692386945 195
1783105062830 1.2186948955059052 196
1783105067182 1.322534402211507 197
1783105071533 1.3477115233739216 198
1783105075895 1.4072022040685017 199
1783105080311 1.466968168814977 200
1783105084823 1.5033914645512898 201
1783105089215 1.488766352335612 202
1783105093631 1.6190621654192607 203
1783105097991 1.6804896195729573 204
1783105102404 1.6954019367694855 205
1783105106810 1.4587712436914444 206
1783105111200 1.4573138306538265 207
1783105115681 1.4331286897261937 208
1783105120087 1.468932420015335 209
1783105124468 1.703535109758377 210
1783105128838 1.6896277318398158 211
1783105133202 1.7134490062793095 212
1783105137605 1.7949757079283397 213
1783105141968 1.9044618606567383 214
1783105146362 1.9315366645654042 215
1783105150738 2.0187655289967856 216
1783105155135 2.1868476470311484 217
1783105159579 1.8317812979221344 218
1783105163995 2.0966748694578805 219
1783105168363 2.1731388866901398 220
1783105172759 1.8584081331888835 221
1783105177132 2.0671832164128623 222
1783105181482 2.2332584162553153 223
1783105185895 2.052439163128535 224
1783105190271 2.1371188163757324 225
1783105194733 2.250057806571325 226
1783105199149 2.1976093550523124 227
1783105203506 2.0743318696816764 228
1783105207876 2.2382866938908896 229
1783105212254 2.42933780948321 230
1783105216677 2.4057350556055703 231
1783105221122 2.4358710845311484 232
1783105225669 2.339019606510798 233
1783105230085 2.4967265725135803 234
1783105234469 2.62377538283666 235
1783105238841 2.702668567498525 236
1783105243212 2.881256401538849 237
1783105247603 2.5310549636681876 238
1783105252013 2.4082607328891754 239
1783105256389 2.458654294411341 240
1783105260727 2.7290972073872886 241
1783105265157 2.568465789159139 242
1783105269546 2.769541392723719 243
1783105273941 2.68163072069486 244
1783105278324 2.2711292803287506 245
1783105282742 2.177372540036837 246
1783105287111 2.746355324983597 247
1783105291481 2.9517137110233307 248
1783105295884 3.0004229048887887 249
1783105300273 2.9363143841425576 250
1783105304659 3.32741779088974 251
1783105309093 3.2883028586705527 252
1783105313482 2.572665274143219 253
1783105317870 2.70829971631368 254
1783105322257 3.050115684668223 255
1783105326645 2.9451763331890106 256
1783105331009 2.6649131079514823 257
1783105335406 3.133134295543035 258
1783105339892 3.3069996734460196 259
1783105344269 3.1759642561276755 260
1783105348624 2.9920862913131714 261
1783105353231 3.289699117342631 262
1783105357742 3.155982563893 263
1783105362100 3.1329544683297477 264
1783105366526 3.3493054608503976 265
1783105370919 3.4921254018942514 266
1783105375285 3.427800943454107 267
1783105379646 3.664471129576365 268
1783105383973 3.563141385714213 269
1783105388357 3.0021411081155143 270
1783105392746 4.004324873288472 271
1783105397224 3.4981376032034555 272
1783105401615 3.510590056578318 273
1783105406106 3.648484766483307 274
1783105410480 3.654775540033976 275
1783105414848 3.501055737336477 276
1783105419608 3.4771913389364877 277
1783105424438 3.455749491850535 278
1783105429220 3.933478613694509 279
1783105434015 3.7902324199676514 280
1783105438933 3.810882101456324 281
1783105443544 4.1695020000139875 282
1783105448201 3.90544863541921 283
1783105452907 3.874366899331411 284
1783105457449 3.6067660748958588 285
1783105462160 3.785618325074514 286
1783105468617 3.807200868924459 287
1783105473128 3.937279840310415 288
1783105477448 4.012195805708568 289
1783105481807 3.854700525601705 290
1783105486157 4.072701533635457 291
1783105490487 4.015697956085205 292
1783105494898 3.9559488693873086 293
1783105499372 4.080811560153961 294
1783105503676 4.0971977313359575 295
1783105508079 4.116951823234558 296
1783105512415 4.11429766813914 297
1783105516781 4.027242600917816 298
1783105521344 4.202673494815826 299
1783105525731 4.246468007564545 300
1783105530082 4.251019279162089 301
1783105534381 4.12244588136673 302
1783105538679 4.128434618314107 303
1783105543031 4.249608238538106 304
1783105547545 4.285595039526622 305
1783105551927 4.17835130294164 306
1783105556312 4.179274658362071 307
1783105560632 4.370137294133504 308
1783105564986 4.330000460147858 309
1783105569278 4.263467053572337 310
1783105573581 4.231378694375356 311
1783105577886 4.413301547368367 312
1783105582194 4.3842876354853315 313
1783105586528 4.346467316150665 314
1783105590892 4.309130092461904 315
1783105595193 4.4980050921440125 316
1783105599489 4.454042156537374 317
1783105603792 4.473484893639882 318
1783105608133 4.42041556040446 319
1783105612479 4.445017218589783 320
1783105616886 4.562633156776428 321
1783105621711 4.592209577560425 322
1783105626191 4.594117144743602 323
1783105630640 4.593255082766215 324
1783105635040 4.430674930413564 325
1783105639384 4.5770256121953325 326
1783105643683 4.58131206035614 327
1783105648082 4.692468881607056 328
1783105652407 4.642932156721751 329
1783105656784 4.63365250825882 330
1783105661145 4.578819692134857 331
1783105665482 4.61512432495753 332
1783105670077 4.762856483459473 333
1783105674404 4.765110830465953 334
1783105678713 4.73424490292867 335
1783105683070 4.759440064430237 336
