1783104578015 0.26053697367509204 87
1783104582431 0.25366706152757007 88
1783104586787 0.16676620642344156 89
1783104591092 0.13829935093720755 90
1783104595406 0.12322654326756795 91
1783104599721 0.1106083740790685 92
1783104604037 0.10262987017631531 93
1783104608350 0.10102186600367229 94
1783104612720 0.10188614825407664 95
1783104617053 0.09386350214481354 96
1783104621392 0.08625811338424683 97
1783104625808 0.07653011381626129 98
1783104630375 0.06883006294568379 99
1783104634843 0.06912985940774281 100
1783104639412 0.0668515960375468 101
1783104643899 0.06258473793665568 102
1783104648385 0.0555181751648585 103
1783104652851 0.07170901199181874 104
1783104657453 0.06507123013337453 105
1783104661963 0.06100167830785116 106
1783104666588 0.0659786860148112 107
1783104671095 0.06340967118740082 108
1783104675584 0.07193129758040111 109
1783104680031 0.09202703833580017 110
1783104684574 0.07850582400957744 111
1783104689034 0.06582535306612651 112
1783104693509 0.04975785811742147 113
1783104698087 0.045328463117281594 114
1783104702591 0.05924036602179209 115
1783104707121 0.07605798542499542 116
1783104711644 0.05139857033888499 117
1783104716092 0.05316890776157379 118
1783104720631 0.056761537988980613 119
1783104725317 0.05164786179860433 120
1783104729983 0.048640539248784385 121
1783104734940 0.04658040404319763 122
1783104739987 0.04602323969205221 123
1783104744363 0.04358713825543722 124
1783104748704 0.049342080950737 125
1783104753069 0.04682721197605133 126
1783104757469 0.049266611536343895 127
1783104761902 0.03551640113194784 128
1783104766296 0.04283182819684347 129
1783104770657 0.04004924496014913 130
1783104774967 0.04872175554434458 131
1783104779286 0.034039696057637535 132
1783104783600 0.04078287382920583 133
1783104787924 0.036262571811676025 134
1783104792289 0.044974327087402344 135
1783104796605 0.03341806928316752 136
1783104802395 0.05887390673160553 137
1783104806784 0.06301350891590118 138
1783104811529 0.09506672620773315 139
1783104815932 0.06141300996144613 140
1783104820292 0.055095210671424866 141
1783104824684 0.049494221806526184 142
1783104829020 0.06320869425932567 143
1783104833383 0.06869342923164368 144
1783104837717 0.054181456565856934 145
1783104842074 0.058289741476376854 146
1783104846488 0.10408071180184682 147
1783104850918 0.10521979629993439 148
1783104855280 0.08300106227397919 149
1783104859707 0.085372989376386 150
1783104864164 0.08400048315525055 151
1783104868595 0.11115506788094838 152
1783104872961 0.11224424839019775 153
1783104877320 0.08923445641994476 154
1783104881699 0.07637686530749004 155
1783104886056 0.08184081315994263 156
1783104890438 0.07062308490276337 157
1783104894839 0.06201303005218506 158
1783104899284 0.0620254377524058 159
1783104903663 0.06727038323879242 160
1783104908048 0.0709666113058726 161
1783104912427 0.0648275117079417 162
1783104916793 0.06089242299397787 163
1783104921159 0.05918071170647939 164
1783104925562 0.055308411518732704 165
1783104929954 0.058430989583333336 166
1783104934294 0.05063728988170624 167
1783104938659 0.05636438230673472 168
1783104943041 0.05313729246457418 169
1783104947429 0.05750606954097748 170
1783104951824 0.06557951867580414 171
1783104956228 0.056781003872553505 172
1783104960728 0.052154084046681724 173
1783104965550 0.05964758495489756 174
1783104970322 0.0620011438926061 175
1783104974997 0.0652036964893341 176
1783104979351 0.06158022085825602 177
1783104983726 0.06057608127593994 178
1783104988119 0.05747250219186147 179
1783104992505 0.054330214858055115 180
1783104996828 0.05452026426792145 181
1783105001202 0.04491029679775238 182
1783105005752 0.04299394289652506 183
1783105010192 0.04315837721029917 184
1783105014662 0.04330335557460785 185
1783105018998 0.04525050024191538 186
1783105023408 0.04274106025695801 187
1783105027768 0.03930602471033732 188
1783105032123 0.04822952548662821 189
1783105036551 0.05043112734953562 190
1783105040937 0.04980341593424479 191
1783105045278 0.044304812947909035 192
1783105049675 0.05993979672590891 193
1783105054028 0.05693031350771586 194
1783105058460 0.05535560349623362 195
1783105062830 0.052998205025990806 196
1783105067182 0.04948762059211731 197
1783105071533 0.04213307797908783 198
1783105075895 0.05040830373764038 199
1783105080311 0.04105903704961141 200
1783105084823 0.036661515633265175 201
1783105089215 0.03633780777454376 202
1783105093631 0.055866539478302 203
1783105097991 0.05043397347132365 204
1783105102404 0.043940300742785134 205
1783105106810 0.04425978660583496 206
1783105111200 0.05058042208353678 207
1783105115681 0.0380303164323171 208
1783105120087 0.033945903182029724 209
1783105124468 0.03150038421154022 210
1783105128838 0.03252807756265005 211
1783105133202 0.03756977121035258 212
1783105137605 0.040757457415262856 213
1783105141968 0.0417339156071345 214
1783105146362 0.0373410830895106 215
1783105150738 0.031355977058410645 216
1783105155135 0.041586294770240784 217
1783105159579 0.04890215893586477 218
1783105163995 0.04462840656439463 219
1783105168363 0.04257837434609731 220
1783105172759 0.04476795097192129 221
1783105177132 0.04949057102203369 222
1783105181482 0.040819828708966575 223
1783105185895 0.034896661837895714 224
1783105190271 0.032170236110687256 225
1783105194733 0.02911170820395152 226
1783105199149 0.03231865664323171 227
1783105203506 0.03631235162417094 228
1783105207876 0.03685555358727773 229
1783105212254 0.03223139047622681 230
1783105216677 0.030559733510017395 231
1783105221122 0.029866720239321392 232
1783105225669 0.029320364197095234 233
1783105230085 0.029695138335227966 234
1783105234469 0.0288668026526769 235
1783105238841 0.029238690932591755 236
1783105243212 0.028807441393534344 237
1783105247603 0.027056867877642315 238
1783105252013 0.02807772159576416 239
1783105256389 0.030916546781857807 240
1783105260727 0.04013986885547638 241
1783105265157 0.03882513443628947 242
1783105269546 0.028436526656150818 243
1783105273941 0.03174212574958801 244
1783105278324 0.026548529664675396 245
1783105282742 0.028691420952479046 246
1783105287111 0.0276495764652888 247
1783105291481 0.03742108245690664 248
1783105295884 0.031346733371416725 249
1783105300273 0.03019226590792338 250
1783105304659 0.02529663344224294 251
1783105309093 0.03207627932230631 252
1783105313482 0.03194094697634379 253
1783105317870 0.03596181174119314 254
1783105322257 0.03150584797064463 255
1783105326645 0.02833952009677887 256
1783105331009 0.028152565161387127 257
1783105335406 0.025638545552889507 258
1783105339892 0.021272475520769756 259
1783105344269 0.020565693577130634 260
1783105348624 0.022130027413368225 261
1783105353231 0.02414192259311676 262
1783105357742 0.026019901037216187 263
1783105362100 0.027958080172538757 264
1783105366526 0.0284109761317571 265
1783105370919 0.024008403221766155 266
1783105375285 0.020829732219378155 267
1783105379646 0.028578539689381916 268
1783105383973 0.02634791036446889 269
1783105388357 0.02687924603621165 270
1783105392746 0.024198184410731 271
1783105397224 0.026389524340629578 272
1783105401615 0.029917751749356587 273
1783105406106 0.02993759016195933 274
1783105410480 0.023371105392773945 275
1783105414848 0.021076425909996033 276
1783105419608 0.024069671829541523 277
1783105424438 0.02292742331822713 278
1783105429220 0.031398201982180275 279
1783105434015 0.02958144247531891 280
1783105438933 0.02400551736354828 281
1783105443544 0.025362764795621235 282
1783105448201 0.023125842213630676 283
1783105452907 0.02526096999645233 284
1783105457449 0.022425179680188496 285
1783105462160 0.023077701528867085 286
1783105468617 0.01641598840554555 287
1783105473128 0.016389161348342896 288
1783105477448 0.014727418621381124 289
1783105481807 0.014010036985079447 290
1783105486157 0.013745794693628946 291
1783105490487 0.013471821943918863 292
1783105494898 0.01336336632569631 293
1783105499372 0.012062932054201761 294
1783105503676 0.012474199136098226 295
1783105508079 0.01285037895043691 296
1783105512415 0.012382134795188904 297
1783105516781 0.012203559279441833 298
1783105521344 0.012094080448150635 299
1783105525731 0.011950622002283732 300
1783105530082 0.012143850326538086 301
1783105534381 0.012590120236078898 302
1783105538679 0.012774080038070679 303
1783105543031 0.012094706296920776 304
1783105547545 0.012422531843185425 305
1783105551927 0.013307387630144754 306
1783105556312 0.01338699460029602 307
1783105560632 0.01328882078329722 308
1783105564986 0.014640008409818014 309
1783105569278 0.013376444578170776 310
1783105573581 0.012849723299344381 311
1783105577886 0.012461220224698385 312
1783105582194 0.012429063518842062 313
1783105586528 0.011968394120534262 314
1783105590892 0.01217395563920339 315
1783105595193 0.011985595027605692 316
1783105599489 0.011602193117141724 317
1783105603792 0.012127568324406942 318
1783105608133 0.012106016278266907 319
1783105612479 0.011979619661966959 320
1783105616886 0.012096126874287924 321
1783105621711 0.012023935715357462 322
1783105626191 0.012085651357968649 323
1783105630640 0.011885831753412882 324
1783105635040 0.011472160617510477 325
1783105639384 0.011930033564567566 326
1783105643683 0.011404102047284445 327
1783105648082 0.012215311328570047 328
1783105652407 0.012489686409632364 329
1783105656784 0.01218584676583608 330
1783105661145 0.011881371339162191 331
1783105665482 0.012445290883382162 332
1783105670077 0.012199118733406067 333
1783105674404 0.012172967195510864 334
1783105678713 0.012177581588427225 335
1783105683070 0.01293450097242991 336
