1783104578015 0.5796165789167086 87
1783104582431 0.5950634976228079 88
1783104586787 0.5398567939798037 89
1783104591092 0.5911769345402718 90
1783104595406 0.6036377896865209 91
1783104599721 0.6188724736372629 92
1783104604037 0.6530356133977572 93
1783104608350 0.6708327084779739 94
1783104612720 0.6773531138896942 95
1783104617053 0.687252958615621 96
1783104621392 0.6557792077461878 97
1783104625808 0.6840765327215195 98
1783104630375 0.6687460069855055 99
1783104634843 0.6811136951049169 100
1783104639412 0.6726883947849274 101
1783104643899 0.6703499207894007 102
1783104648385 0.6532985667387644 103
1783104652851 0.6393111745516459 104
1783104657453 0.6837907433509827 105
1783104661963 0.6251058802008629 106
1783104666588 0.6584125285347303 107
1783104671095 0.6702525615692139 108
1783104675584 0.637865866223971 109
1783104680031 0.6874640683333079 110
1783104684574 0.6407536938786507 111
1783104689034 0.6704216624299685 112
1783104693509 0.6678117016951243 113
1783104698087 0.6955959498882294 114
1783104702591 0.6557516107956568 115
1783104707121 0.672663281361262 116
1783104711644 0.670978715022405 117
1783104716092 0.6774140298366547 118
1783104720631 0.7012001946568489 119
1783104725317 0.6544269074996313 120
1783104729983 0.6731025179227194 121
1783104734940 0.6844522555669149 122
1783104739987 0.7075863281885783 123
1783104744363 0.6589217285315195 124
1783104748704 0.6963968376318613 125
1783104753069 0.680683322250843 126
1783104757469 0.7182997713486353 127
1783104761902 0.6764994536836942 128
1783104766296 0.7101858456929525 129
1783104770657 0.6664396300911903 130
1783104774967 0.7205654780069987 131
1783104779286 0.6931751196583112 132
1783104783600 0.721725602944692 133
1783104787924 0.6895108719666799 134
1783104792289 0.7332794815301895 135
1783104796605 0.6920946588118871 136
1783104802395 0.5902784739931425 137
1783104806784 0.6344044531385103 138
1783104811529 0.5504701311389605 139
1783104815932 0.607592411339283 140
1783104820292 0.5814161648352941 141
1783104824684 0.5886979053417841 142
1783104829020 0.5941964487234751 143
1783104833383 0.5881476576129595 144
1783104837717 0.581404335796833 145
1783104842074 0.591705617805322 146
1783104846488 0.5509612212578455 147
1783104850918 0.4969177469611168 148
1783104855280 0.576873982946078 149
1783104859707 0.5947981228431066 150
1783104864164 0.5042016071577867 151
1783104868595 0.5003853936990103 152
1783104872961 0.5989498198032379 153
1783104877320 0.5499151746431986 154
1783104881699 0.5518555318315824 155
1783104886056 0.5796062424778938 156
1783104890438 0.572760172188282 157
1783104894839 0.5693143631021181 158
1783104899284 0.5833132018645605 159
1783104903663 0.5756920253237089 160
1783104908048 0.5676227882504463 161
1783104912427 0.5774807458122572 162
1783104916793 0.5604819928606352 163
1783104921159 0.5877663269639015 164
1783104925562 0.542780930797259 165
1783104929954 0.5892103761434555 166
1783104934294 0.5765665645400683 167
1783104938659 0.6070632288853327 168
1783104943041 0.5593188305695852 169
1783104947429 0.5821090539296468 170
1783104951824 0.601321630179882 171
1783104956228 0.6003984858592352 172
1783104960728 0.6009362116456032 173
1783104965550 0.5792763580878576 174
1783104970322 0.5953413819273313 175
1783104974997 0.6284114246567091 176
1783104979351 0.6008835782607397 177
1783104983726 0.609761061767737 178
1783104988119 0.5981406345963478 179
1783104992505 0.5971876333157221 180
1783104996828 0.5932362253467242 181
1783105001202 0.6187568108240763 182
1783105005752 0.6154047424594561 183
1783105010192 0.6238791818420092 184
1783105014662 0.6206729660431544 185
1783105018998 0.6234115486343702 186
1783105023408 0.6221320529778799 187
1783105027768 0.6320233891407648 188
1783105032123 0.6378801167011261 189
1783105036551 0.6408926844596863 190
1783105040937 0.6440077026685079 191
1783105045278 0.6259394685427347 192
1783105049675 0.6603987266620001 193
1783105054028 0.6199201693137487 194
1783105058460 0.6739202588796616 195
1783105062830 0.6486537382006645 196
1783105067182 0.6616684049367905 197
1783105071533 0.6319331874450048 198
1783105075895 0.67206971347332 199
1783105080311 0.6471900393565496 200
1783105084823 0.6722080161174139 201
1783105089215 0.6349990963935852 202
1783105093631 0.6783186793327332 203
1783105097991 0.6630952805280685 204
1783105102404 0.6512946163614591 205
1783105106810 0.6633227070172628 206
1783105111200 0.676580493648847 207
1783105115681 0.6714222530523936 208
1783105120087 0.6943330069382986 209
1783105124468 0.6895220726728439 210
1783105128838 0.693114846944809 211
1783105133202 0.6729020377000173 212
1783105137605 0.6865773548682531 213
1783105141968 0.6768093059460322 214
1783105146362 0.7005213648080826 215
1783105150738 0.6856586784124374 216
1783105155135 0.7050023525953293 217
1783105159579 0.6769059350093206 218
1783105163995 0.6784622818231583 219
1783105168363 0.6667577177286148 220
1783105172759 0.6945921530326208 221
1783105177132 0.6635781625906626 222
1783105181482 0.6853191405534744 223
1783105185895 0.6740977913141251 224
1783105190271 0.7028358032306036 225
1783105194733 0.6968779514233271 226
1783105199149 0.6971152971188227 227
1783105203506 0.6829851418733597 228
1783105207876 0.7008248070875803 229
1783105212254 0.6754168123006821 230
1783105216677 0.7066194812456766 231
1783105221122 0.6895444641510645 232
1783105225669 0.7088896532853445 233
1783105230085 0.688224121928215 234
1783105234469 0.7093392660220464 235
1783105238841 0.7113936195770899 236
1783105243212 0.7003077765305837 237
1783105247603 0.6834395776192347 238
1783105252013 0.7273894051710764 239
1783105256389 0.72263536353906 240
1783105260727 0.7026825199524561 241
1783105265157 0.7078489462534586 242
1783105269546 0.7094704359769821 243
1783105273941 0.726948156952858 244
1783105278324 0.6997012595335642 245
1783105282742 0.7430268873771032 246
1783105287111 0.7088865886131922 247
1783105291481 0.7093255370855331 248
1783105295884 0.7208465884129206 249
1783105300273 0.7254418085018793 250
1783105304659 0.7095714658498764 251
1783105309093 0.7318541904290518 252
1783105313482 0.7104263603687286 253
1783105317870 0.7448016703128815 254
1783105322257 0.6982144564390182 255
1783105326645 0.7383111814657847 256
1783105331009 0.7230516423781713 257
1783105335406 0.7371582488218943 258
1783105339892 0.7184077898661295 259
1783105344269 0.7218281229337057 260
1783105348624 0.7188629458347956 261
1783105353231 0.7527580360571543 262
1783105357742 0.7147114723920822 263
1783105362100 0.7370575567086538 264
1783105366526 0.7255179832379023 265
1783105370919 0.7304163773854574 266
1783105375285 0.7157974044481913 267
1783105379646 0.7451691875855128 268
1783105383973 0.7260383168856303 269
1783105388357 0.7386466513077418 270
1783105392746 0.7165766358375549 271
1783105397224 0.708676482240359 272
1783105401615 0.7274160285790762 273
1783105406106 0.7407290637493134 274
1783105410480 0.7266782770554224 275
1783105414848 0.7303683360417684 276
1783105419608 0.7397431234518687 277
1783105424438 0.7399944414695104 278
1783105429220 0.7326803853114446 279
1783105434015 0.7184676031271616 280
1783105438933 0.7332450449466705 281
1783105443544 0.7503738105297089 282
1783105448201 0.7273722738027573 283
1783105452907 0.7476572245359421 284
1783105457449 0.746294175585111 285
1783105462160 0.7247878809769949 286
1783105468617 0.7472749004761378 287
1783105473128 0.7404986421267191 288
1783105477448 0.7511638601620992 289
1783105481807 0.7340883612632751 290
1783105486157 0.7505037933588028 291
1783105490487 0.7495349744955698 292
1783105494898 0.7457230736811956 293
1783105499372 0.7560215691725413 294
1783105503676 0.7493976404269537 295
1783105508079 0.750160793463389 296
1783105512415 0.7486647566159567 297
1783105516781 0.7542421271403631 298
1783105521344 0.7556722412506739 299
1783105525731 0.7520127048095068 300
1783105530082 0.749840036034584 301
1783105534381 0.7449437379837036 302
1783105538679 0.7561088303724924 303
1783105543031 0.7564116368691126 304
1783105547545 0.7518653869628906 305
1783105551927 0.7399039516846339 306
1783105556312 0.7541152834892273 307
1783105560632 0.7570061484972636 308
1783105564986 0.7513156533241272 309
1783105569278 0.7577711095412573 310
1783105573581 0.7426332434018453 311
1783105577886 0.7585368653138479 312
1783105582194 0.753253181775411 313
1783105586528 0.751172756155332 314
1783105590892 0.7556555767854055 315
1783105595193 0.759302020072937 316
1783105599489 0.7561514725287756 317
1783105603792 0.7544329514106115 318
1783105608133 0.7500674476226171 319
1783105612479 0.7604232529799143 320
1783105616886 0.7607201089461645 321
1783105621711 0.7576623062292734 322
1783105626191 0.7558199067910513 323
1783105630640 0.7547398656606674 324
1783105635040 0.7580919961134592 325
1783105639384 0.7627213597297668 326
1783105643683 0.7603651434183121 327
1783105648082 0.7574454247951508 328
1783105652407 0.7505819002787272 329
1783105656784 0.755826269586881 330
1783105661145 0.7601668188969294 331
1783105665482 0.7617170065641403 332
1783105670077 0.758235290646553 333
1783105674404 0.7613876511653265 334
1783105678713 0.7562787433465322 335
1783105683070 0.7573188046614329 336
