1783104578015 0.5742856363455454 87
1783104582431 0.5354839041829109 88
1783104586787 0.5270012021064758 89
1783104591092 0.48388157536586124 90
1783104595406 0.4390391210714976 91
1783104599721 0.3651135216156642 92
1783104604037 0.2813219204545021 93
1783104608350 0.2023662862678369 94
1783104612720 0.09964096421996753 95
1783104617053 0.03199942161639532 96
1783104621392 0.023635632048050564 97
1783104625808 0.013908191273609797 98
1783104630375 0.01172263796130816 99
1783104634843 0.012769519040981928 100
1783104639412 0.012907125055789948 101
1783104643899 0.012496219327052435 102
1783104648385 0.030865495403607685 103
1783104652851 0.035248116900523506 104
1783104657453 0.014780803273121515 105
1783104661963 0.024497068176666897 106
1783104666588 0.014611060420672098 107
1783104671095 0.021700585881869 108
1783104675584 0.01633632928133011 109
1783104680031 0.06341170892119408 110
1783104684574 0.018757258852322895 111
1783104689034 0.01334839810927709 112
1783104693509 0.01555918405453364 113
1783104698087 0.034066898127396904 114
1783104702591 0.013316571712493896 115
1783104707121 0.004834365099668503 116
1783104711644 0.01825214425722758 117
1783104716092 0.007120401908953984 118
1783104720631 0.006752268721659978 119
1783104725317 0.014052304128805796 120
1783104729983 0.007909548779328665 121
1783104734940 0.025226976722478867 122
1783104739987 0.00583987683057785 123
1783104744363 0.0009011849761009216 124
1783104748704 0.0366690568625927 125
1783104753069 0.0019797061880429587 126
1783104757469 0.0030798030396302543 127
1783104761902 0.0007522478699684143 128
1783104766296 0.04010586068034172 129
1783104770657 0.0024019616345564523 130
1783104774967 0.06450319662690163 131
1783104779286 0.007046752919753392 132
1783104783600 0.038115972032149635 133
1783104787924 0.0012281537055969238 134
1783104792289 0.02034512038032214 135
1783104796605 0.0010165944695472717 136
1783104802395 0.13013813644647598 137
1783104806784 0.05293398971358935 138
1783104811529 0.008338311066230139 139
1783104815932 0.004489788164695104 140
1783104820292 0.011580990006526312 141
1783104824684 0.00911242018143336 142
1783104829020 0.0021514669060707092 143
1783104833383 0.02126394460598628 144
1783104837717 0.007003539552291234 145
1783104842074 0.011683621754248938 146
1783104846488 0.02029734601577123 147
1783104850918 0.0023010186851024628 148
1783104855280 0.0011219146351019542 149
1783104859707 0.0077507706979910536 150
1783104864164 0.02454867586493492 151
1783104868595 0.044889592876036964 152
1783104872961 0.011099716027577719 153
1783104877320 0.00024159749348958334 154
1783104881699 0.0 155
1783104886056 0.0 156
1783104890438 0.002818852663040161 157
1783104894839 0.0 158
1783104899284 0.0 159
1783104903663 0.0 160
1783104908048 0.0027136380473772683 161
1783104912427 0.003877102086941401 162
1783104916793 0.0017858731249968212 163
1783104921159 0.0 164
1783104925562 0.005939981589714686 165
1783104929954 0.0071069660286108656 166
1783104934294 0.008695963770151138 167
1783104938659 0.0 168
1783104943041 0.0 169
1783104947429 0.0 170
1783104951824 0.0011951786776383717 171
1783104956228 0.0 172
1783104960728 0.0 173
1783104965550 0.005443586657444636 174
1783104970322 0.0 175
1783104974997 0.0 176
1783104979351 0.005952268838882446 177
1783104983726 0.0 178
1783104988119 0.005766203006108602 179
1783104992505 0.0 180
1783104996828 0.0 181
1783105001202 0.0031388488908608756 182
1783105005752 0.0010444285968939464 183
1783105010192 0.0 184
1783105014662 0.0008497387170791626 185
1783105018998 0.0 186
1783105023408 0.004460432877143224 187
1783105027768 0.0 188
1783105032123 0.0 189
1783105036551 0.0 190
1783105040937 0.0 191
1783105045278 0.0 192
1783105049675 0.00181841974457105 193
1783105054028 0.0018067844212055206 194
1783105058460 0.0 195
1783105062830 0.00030793870488802594 196
1783105067182 0.0 197
1783105071533 0.0 198
1783105075895 0.004237021009127299 199
1783105080311 0.0 200
1783105084823 0.0 201
1783105089215 0.0 202
1783105093631 0.0007501368721326193 203
1783105097991 0.0 204
1783105102404 0.003690142184495926 205
1783105106810 0.0 206
1783105111200 0.0 207
1783105115681 0.00016005088885625204 208
1783105120087 0.0 209
1783105124468 0.008027882625659307 210
1783105128838 0.0 211
1783105133202 0.0029751347998778024 212
1783105137605 0.0 213
1783105141968 0.0 214
1783105146362 0.0 215
1783105150738 0.0 216
1783105155135 0.0 217
1783105159579 0.005937529106934865 218
1783105163995 0.0 219
1783105168363 0.0032966832319895425 220
1783105172759 0.0 221
1783105177132 0.016582440584897995 222
1783105181482 0.003036788354317347 223
1783105185895 0.0 224
1783105190271 0.0 225
1783105194733 0.0 226
1783105199149 9.131928284962972e-05 227
1783105203506 0.006278126190106074 228
1783105207876 0.0015406372646490734 229
1783105212254 0.00021334116657574972 230
1783105216677 0.0 231
1783105221122 0.0 232
1783105225669 0.0 233
1783105230085 0.0013901727894941966 234
1783105234469 0.0 235
1783105238841 0.0 236
1783105243212 0.0 237
1783105247603 0.0003325442473093669 238
1783105252013 0.0 239
1783105256389 0.0011518349250157673 240
1783105260727 0.0006069677571455637 241
1783105265157 0.0 242
1783105269546 0.0 243
1783105273941 0.0006766741474469503 244
1783105278324 0.0 245
1783105282742 0.0 246
1783105287111 0.00610324243704478 247
1783105291481 0.0 248
1783105295884 0.0 249
1783105300273 0.0 250
1783105304659 0.0 251
1783105309093 0.0 252
1783105313482 0.0007179131110509237 253
1783105317870 0.0 254
1783105322257 0.004439465701580048 255
1783105326645 0.0 256
1783105331009 0.0 257
1783105335406 0.0 258
1783105339892 0.0 259
1783105344269 0.0 260
1783105348624 0.0 261
1783105353231 0.0 262
1783105357742 0.0 263
1783105362100 0.0 264
1783105366526 0.0021179206669330597 265
1783105370919 0.0078061843911806745 266
1783105375285 0.0 267
1783105379646 0.0 268
1783105383973 0.0 269
1783105388357 0.0 270
1783105392746 0.004467318455378215 271
1783105397224 0.0 272
1783105401615 0.0 273
1783105406106 0.0 274
1783105410480 0.008772499859333038 275
1783105414848 0.0 276
1783105419608 0.0 277
1783105424438 0.00011832763751347859 278
1783105429220 0.017064304401477177 279
1783105434015 0.0 280
1783105438933 0.0 281
1783105443544 0.0 282
1783105448201 0.0 283
1783105452907 0.0 284
1783105457449 0.0 285
1783105462160 0.0 286
1783105468617 0.0 287
1783105473128 0.0 288
1783105477448 0.0 289
1783105481807 0.00011858219901720683 290
1783105486157 0.0 291
1783105490487 0.0 292
1783105494898 0.0 293
1783105499372 0.0 294
1783105503676 0.0 295
1783105508079 0.0 296
1783105512415 0.0 297
1783105516781 0.0 298
1783105521344 0.0 299
1783105525731 0.0 300
1783105530082 0.0020422848562399545 301
1783105534381 0.0 302
1783105538679 0.0 303
1783105543031 0.0 304
1783105547545 0.00165523961186409 305
1783105551927 0.0 306
1783105556312 0.0 307
1783105560632 0.0 308
1783105564986 0.0 309
1783105569278 0.0 310
1783105573581 0.0 311
1783105577886 0.0 312
1783105582194 0.0 313
1783105586528 0.0012720500429471333 314
1783105590892 0.0 315
1783105595193 0.0 316
1783105599489 0.0 317
1783105603792 0.0009805212418238323 318
1783105608133 0.0 319
1783105612479 0.0 320
1783105616886 0.0 321
1783105621711 0.0 322
1783105626191 0.0 323
1783105630640 0.0 324
1783105635040 0.0 325
1783105639384 0.0 326
1783105643683 0.0 327
1783105648082 0.003263720621665319 328
1783105652407 0.0 329
1783105656784 0.0 330
1783105661145 0.0 331
1783105665482 0.0 332
1783105670077 0.0 333
1783105674404 0.0 334
1783105678713 0.002518482506275177 335
1783105683070 0.0 336
