1783104578015 9.154356400171915 87
1783104582431 8.572850704193115 88
1783104586787 8.002816677093506 89
1783104591092 7.428041378657023 90
1783104595406 6.9164912303288775 91
1783104599721 6.579333265622457 92
1783104604037 6.309891700744629 93
1783104608350 6.0632156531016035 94
1783104612720 5.828805963198344 95
1783104617053 5.5973533391952515 96
1783104621392 5.3795786301294966 97
1783104625808 5.1608591477076216 98
1783104630375 4.945827444394429 99
1783104634843 4.741426269213359 100
1783104639412 4.545830647150676 101
1783104643899 4.375056167443593 102
1783104648385 4.238016128540039 103
1783104652851 4.134273131688436 104
1783104657453 4.054998238881429 105
1783104661963 4.001059651374817 106
1783104666588 3.980281352996826 107
1783104671095 3.972899079322815 108
1783104675584 3.9689433773358664 109
1783104680031 3.971867859363556 110
1783104684574 3.954829156398773 111
1783104689034 3.9481789072354636 112
1783104693509 3.936566929022471 113
1783104698087 3.9404831329981485 114
1783104702591 3.951342980066935 115
1783104707121 3.9453781048456826 116
1783104711644 3.9336761633555093 117
1783104716092 3.9303929011027017 118
1783104720631 3.9281738996505737 119
1783104725317 3.9278842210769653 120
1783104729983 3.920718491077423 121
1783104734940 3.9278587301572165 122
1783104739987 3.929356276988983 123
1783104744363 3.9219857255617776 124
1783104748704 3.9225605130195618 125
1783104753069 3.915912707646688 126
1783104757469 3.9196300903956094 127
1783104761902 3.913841485977173 128
1783104766296 3.9149449865023294 129
1783104770657 3.9105201363563538 130
1783104774967 3.9224316676457724 131
1783104779286 3.9079160491625466 132
1783104783600 3.909270425637563 133
1783104787924 3.90737654765447 134
1783104792289 3.904632091522217 135
1783104796605 3.902135451634725 136
1783104802395 3.987664798895518 137
1783104806784 3.896094004313151 138
1783104811529 3.89481121301651 139
1783104815932 3.8850226402282715 140
1783104820292 3.902384579181671 141
1783104824684 3.9097675879796348 142
1783104829020 3.9286518891652427 143
1783104833383 3.939833402633667 144
1783104837717 3.9432795445124307 145
1783104842074 3.9453985691070557 146
1783104846488 3.99032990137736 147
1783104850918 3.954074521859487 148
1783104855280 3.9494391679763794 149
1783104859707 3.945838153362274 150
1783104864164 3.94409708182017 151
1783104868595 3.983879009882609 152
1783104872961 3.947083751360575 153
1783104877320 3.924394687016805 154
1783104881699 3.9046555757522583 155
1783104886056 3.910371243953705 156
1783104890438 3.8880009055137634 157
1783104894839 3.883264740308126 158
1783104899284 3.876820902029673 159
1783104903663 3.8800941705703735 160
1783104908048 3.8727237383524575 161
1783104912427 3.867119073867798 162
1783104916793 3.881392538547516 163
1783104921159 3.858989675839742 164
1783104925562 3.8464696407318115 165
1783104929954 3.8531513611475625 166
1783104934294 3.842867056528727 167
1783104938659 3.8453303376833596 168
1783104943041 3.831632435321808 169
1783104947429 3.8356794516245523 170
1783104951824 3.8294572035471597 171
1783104956228 3.8294989267985025 172
1783104960728 3.826086084047953 173
1783104965550 3.8279723525047302 174
1783104970322 3.829854508241018 175
1783104974997 3.8249883453051248 176
1783104979351 3.831996122996012 177
1783104983726 3.8233555952707925 178
1783104988119 3.821028391520182 179
1783104992505 3.8149218360582986 180
1783104996828 3.8152692317962646 181
1783105001202 3.806622485319773 182
1783105005752 3.808247228463491 183
1783105010192 3.7964109778404236 184
1783105014662 3.7994595170021057 185
1783105018998 3.7918070952097573 186
1783105023408 3.7997859517733255 187
1783105027768 3.790541092554728 188
1783105032123 3.792795777320862 189
1783105036551 3.785631755987803 190
1783105040937 3.7855759461720786 191
1783105045278 3.782005469004313 192
1783105049675 3.7875876426696777 193
1783105054028 3.7809513211250305 194
1783105058460 3.7847384214401245 195
1783105062830 3.7824811736742654 196
1783105067182 3.775697926680247 197
1783105071533 3.77070814371109 198
1783105075895 3.7722840309143066 199
1783105080311 3.7712701559066772 200
1783105084823 3.767068644364675 201
1783105089215 3.7660924196243286 202
1783105093631 3.7673709193865457 203
1783105097991 3.7668758233388266 204
1783105102404 3.777683516343435 205
1783105106810 3.7665114402770996 206
1783105111200 3.769794762134552 207
1783105115681 3.7552963495254517 208
1783105120087 3.751865784327189 209
1783105124468 3.753223439057668 210
1783105128838 3.7574594418207803 211
1783105133202 3.755787432193756 212
1783105137605 3.7517218788464866 213
1783105141968 3.7614217003186545 214
1783105146362 3.747612794240316 215
1783105150738 3.7455674012502036 216
1783105155135 3.750378986199697 217
1783105159579 3.7558045784632363 218
1783105163995 3.7538724342981973 219
1783105168363 3.7491591970125833 220
1783105172759 3.7511349519093833 221
1783105177132 3.750023345152537 222
1783105181482 3.745404044787089 223
1783105185895 3.743873914082845 224
1783105190271 3.7342347502708435 225
1783105194733 3.7359604636828103 226
1783105199149 3.737330357233683 227
1783105203506 3.733862896760305 228
1783105207876 3.746040940284729 229
1783105212254 3.7288185159365335 230
1783105216677 3.7350902756055198 231
1783105221122 3.731174409389496 232
1783105225669 3.731318791707357 233
1783105230085 3.7251251538594565 234
1783105234469 3.7316548029581704 235
1783105238841 3.727212607860565 236
1783105243212 3.7273853619893393 237
1783105247603 3.72905832529068 238
1783105252013 3.7221251130104065 239
1783105256389 3.7220643162727356 240
1783105260727 3.7239344120025635 241
1783105265157 3.7277292211850486 242
1783105269546 3.7164109547932944 243
1783105273941 3.7219233314196267 244
1783105278324 3.7170093655586243 245
1783105282742 3.7149365544319153 246
1783105287111 3.7249719699223838 247
1783105291481 3.721926132837931 248
1783105295884 3.7137306133906045 249
1783105300273 3.7185513973236084 250
1783105304659 3.7100531856218972 251
1783105309093 3.7190223137537637 252
1783105313482 3.722016930580139 253
1783105317870 3.7273374994595847 254
1783105322257 3.715423862139384 255
1783105326645 3.7130271792411804 256
1783105331009 3.7082589864730835 257
1783105335406 3.721750577290853 258
1783105339892 3.708941419919332 259
1783105344269 3.7078535556793213 260
1783105348624 3.7033238212267556 261
1783105353231 3.7079665660858154 262
1783105357742 3.7034089167912803 263
1783105362100 3.7103712956110635 264
1783105366526 3.707884510358175 265
1783105370919 3.7101308703422546 266
1783105375285 3.700523793697357 267
1783105379646 3.7055203517278037 268
1783105383973 3.6984378894170127 269
1783105388357 3.7055509289105735 270
1783105392746 3.713942368825277 271
1783105397224 3.7118098934491477 272
1783105401615 3.703192134698232 273
1783105406106 3.706182301044464 274
1783105410480 3.7099648316701255 275
1783105414848 3.6952645977338157 276
1783105419608 3.700508793195089 277
1783105424438 3.6975932916005454 278
1783105429220 3.7079627315203347 279
1783105434015 3.703048129876455 280
1783105438933 3.6992067694664 281
1783105443544 3.6989012956619263 282
1783105448201 3.6987517873446145 283
1783105452907 3.698347012201945 284
1783105457449 3.695701479911804 285
1783105462160 3.701907972494761 286
1783105468617 3.6381578048070273 287
1783105473128 3.629945755004883 288
1783105477448 3.628957450389862 289
1783105481807 3.6299037535985312 290
1783105486157 3.628925919532776 291
1783105490487 3.6268446842829385 292
1783105494898 3.626764992872874 293
1783105499372 3.6260339419047036 294
1783105503676 3.625998834768931 295
1783105508079 3.625503738721212 296
1783105512415 3.6250688234965005 297
1783105516781 3.6246222058931985 298
1783105521344 3.6244391401608786 299
1783105525731 3.624912162621816 300
1783105530082 3.6246226827303567 301
1783105534381 3.623668829600016 302
1783105538679 3.6238070329030356 303
1783105543031 3.6236981550852456 304
1783105547545 3.624724785486857 305
1783105551927 3.6229342222213745 306
1783105556312 3.6243438124656677 307
1783105560632 3.624228278795878 308
1783105564986 3.62540864944458 309
1783105569278 3.6224663456281028 310
1783105573581 3.622726241747538 311
1783105577886 3.623089293638865 312
1783105582194 3.621787667274475 313
1783105586528 3.6213895678520203 314
1783105590892 3.620739301045736 315
1783105595193 3.6209025780359902 316
1783105599489 3.6207802097002664 317
1783105603792 3.620584766070048 318
1783105608133 3.6196886698404946 319
1783105612479 3.6196157336235046 320
1783105616886 3.6191499829292297 321
1783105621711 3.6205519437789917 322
1783105626191 3.6195305784543357 323
1783105630640 3.6189621686935425 324
1783105635040 3.61880753437678 325
1783105639384 3.619351089000702 326
1783105643683 3.6193729837735495 327
1783105648082 3.6208685835202536 328
1783105652407 3.618156393369039 329
1783105656784 3.620432277520498 330
1783105661145 3.6180208722750344 331
1783105665482 3.6178447008132935 332
1783105670077 3.618358333905538 333
1783105674404 3.616899092992147 334
1783105678713 3.618667562802633 335
1783105683070 3.618261675039927 336
