1783104578015 0.08274294125537078 87
1783104582431 0.05358145308370391 88
1783104586787 0.06915734832485516 89
1783104591092 0.29475898295640945 90
1783104595406 1.266260802745819 91
1783104599721 2.8987390597661338 92
1783104604037 2.600430130958557 93
1783104608350 1.7400274376074474 94
1783104612720 1.5063760975996654 95
1783104617053 1.4514075915018718 96
1783104621392 1.2439442078272502 97
1783104625808 1.006259893377622 98
1783104630375 0.8185968498388926 99
1783104634843 0.6414770384629568 100
1783104639412 0.45778009792168933 101
1783104643899 0.3108212960263093 102
1783104648385 0.19600041086475053 103
1783104652851 0.11851393803954124 104
1783104657453 0.08117813244462013 105
1783104661963 0.06669351334373157 106
1783104666588 0.05722333025187254 107
1783104671095 0.05374649756898483 108
1783104675584 0.05648513790220022 109
1783104680031 0.060338930847744145 110
1783104684574 0.0546399982025226 111
1783104689034 0.060344999035199486 112
1783104693509 0.05733644962310791 113
1783104698087 0.05431156139820814 114
1783104702591 0.058352669390539326 115
1783104707121 0.05220215333004793 116
1783104711644 0.055528939391175904 117
1783104716092 0.059546325666209064 118
1783104720631 0.05174984193096558 119
1783104725317 0.052696128065387406 120
1783104729983 0.05142411279181639 121
1783104734940 0.05338197791328033 122
1783104739987 0.05084649038811525 123
1783104744363 0.052339731715619564 124
1783104748704 0.051307092110315956 125
1783104753069 0.04962140663216511 126
1783104757469 0.05309278300652901 127
1783104761902 0.04934580562015375 128
1783104766296 0.05156026345988115 129
1783104770657 0.04866200887287656 130
1783104774967 0.05230729406078657 131
1783104779286 0.04834480599189798 132
1783104783600 0.05092545319348574 133
1783104787924 0.0475529528533419 134
1783104792289 0.05230101880927881 135
1783104796605 0.04783786398669084 136
1783104802395 0.04810751105348269 137
1783104806784 0.048651429203649364 138
1783104811529 0.05291185869524876 139
1783104815932 0.050060534539322056 140
1783104820292 0.04807615652680397 141
1783104824684 0.04855212072531382 142
1783104829020 0.04822368190313379 143
1783104833383 0.05003152803207437 144
1783104837717 0.04861300407598416 145
1783104842074 0.051356845845778785 146
1783104846488 0.04977758368477225 147
1783104850918 0.04944534211729964 148
1783104855280 0.05013774707913399 149
1783104859707 0.04947070125490427 150
1783104864164 0.0530830267816782 151
1783104868595 0.0633654072880745 152
1783104872961 0.05373719582955042 153
1783104877320 0.058910525714357696 154
1783104881699 0.05395517311990261 155
1783104886056 0.05745446775108576 156
1783104890438 0.06483929386983316 157
1783104894839 0.05971575931956371 158
1783104899284 0.05961676655958096 159
1783104903663 0.05914314091205597 160
1783104908048 0.05818016609797875 161
1783104912427 0.05484102883686622 162
1783104916793 0.05685387831181288 163
1783104921159 0.054896071863671146 164
1783104925562 0.05691514785091082 165
1783104929954 0.05258072757472595 166
1783104934294 0.05431988493849834 167
1783104938659 0.05588693482180437 168
1783104943041 0.055646028680106006 169
1783104947429 0.05451600284626087 170
1783104951824 0.061272128174702324 171
1783104956228 0.054679902891318 172
1783104960728 0.053691183837751545 173
1783104965550 0.05645352074255546 174
1783104970322 0.05277680450429519 175
1783104974997 0.05601651221513748 176
1783104979351 0.05234941840171814 177
1783104983726 0.05405533034354448 178
1783104988119 0.052242293333013855 179
1783104992505 0.054035124679406486 180
1783104996828 0.05191026379664739 181
1783105001202 0.05682762091358503 182
1783105005752 0.052333773424228035 183
1783105010192 0.05380735918879509 184
1783105014662 0.05221531198670467 185
1783105018998 0.05155550471196572 186
1783105023408 0.05198587849736214 187
1783105027768 0.0541906226426363 188
1783105032123 0.05322242962817351 189
1783105036551 0.05148016847670078 190
1783105040937 0.05544070371737083 191
1783105045278 0.04962583088005582 192
1783105049675 0.06073259189724922 193
1783105054028 0.05093638769661387 194
1783105058460 0.057836021296679974 195
1783105062830 0.051431267677495875 196
1783105067182 0.05824087498088678 197
1783105071533 0.05307717031488816 198
1783105075895 0.0541907117391626 199
1783105080311 0.05032256664708257 200
1783105084823 0.05578399201234182 201
1783105089215 0.050505285151302814 202
1783105093631 0.05592408372710148 203
1783105097991 0.0503479796461761 204
1783105102404 0.06087174639105797 205
1783105106810 0.05251873346666495 206
1783105111200 0.057855941044787564 207
1783105115681 0.051965724055965744 208
1783105120087 0.055222038179636 209
1783105124468 0.05005900810162226 210
1783105128838 0.05534089853366216 211
1783105133202 0.050467483854542174 212
1783105137605 0.05486811107645432 213
1783105141968 0.05059625037635366 214
1783105146362 0.05736783022681872 215
1783105150738 0.05020197853446007 216
1783105155135 0.059577836034198604 217
1783105159579 0.051543247109899916 218
1783105163995 0.054985507391393185 219
1783105168363 0.050099935848265886 220
1783105172759 0.05531613249331713 221
1783105177132 0.05270302792390188 222
1783105181482 0.05200445093214512 223
1783105185895 0.05390705354511738 224
1783105190271 0.05155197437852621 225
1783105194733 0.049360817298293114 226
1783105199149 0.05013054050505161 227
1783105203506 0.048879976850003004 228
1783105207876 0.05427647971858581 229
1783105212254 0.04905005870386958 230
1783105216677 0.053183912920455136 231
1783105221122 0.0493319391583403 232
1783105225669 0.05057613551616669 233
1783105230085 0.04906029223153988 234
1783105234469 0.05205735315879186 235
1783105238841 0.048965041525661945 236
1783105243212 0.049300138062487044 237
1783105247603 0.04953875889380773 238
1783105252013 0.05022187530994415 239
1783105256389 0.05032893115033706 240
1783105260727 0.04866523311162988 241
1783105265157 0.052933882301052414 242
1783105269546 0.04810363768289486 243
1783105273941 0.05381470484038194 244
1783105278324 0.049238145196189485 245
1783105282742 0.05202409469832977 246
1783105287111 0.048628446025153 247
1783105291481 0.054986465722322464 248
1783105295884 0.04890708966801564 249
1783105300273 0.053174150797228016 250
1783105304659 0.0481289712091287 251
1783105309093 0.054463643891115986 252
1783105313482 0.0488537031536301 253
1783105317870 0.0548824400951465 254
1783105322257 0.048532248164216675 255
1783105326645 0.0571560642371575 256
1783105331009 0.049579993511239685 257
1783105335406 0.05526008798430363 258
1783105339892 0.05040663247928023 259
1783105344269 0.05178034150352081 260
1783105348624 0.04837100968385736 261
1783105353231 0.054287588223814964 262
1783105357742 0.04909810967122515 263
1783105362100 0.05351053768148025 264
1783105366526 0.048974386571596064 265
1783105370919 0.05238820115725199 266
1783105375285 0.04946929651002089 267
1783105379646 0.052220058937867485 268
1783105383973 0.049070084312309824 269
1783105388357 0.05516425302873055 270
1783105392746 0.04913085031633576 271
1783105397224 0.05135048615435759 272
1783105401615 0.0494014760479331 273
1783105406106 0.049475673120468855 274
1783105410480 0.05186228919774294 275
1783105414848 0.051072316244244576 276
1783105419608 0.05069698424388965 277
1783105424438 0.04879937041550875 278
1783105429220 0.051254114446540676 279
1783105434015 0.04949083381022016 280
1783105438933 0.04982720284412304 281
1783105443544 0.049096091805646815 282
1783105448201 0.05149856799592575 283
1783105452907 0.04889508088429769 284
1783105457449 0.052273381501436234 285
1783105462160 0.04846725550790628 286
1783105468617 0.050094819317261376 287
1783105473128 0.04867236797387401 288
1783105477448 0.04843411532541116 289
1783105481807 0.04789375172307094 290
1783105486157 0.0489002315637966 291
1783105490487 0.04830905298391978 292
1783105494898 0.048306328089286886 293
1783105499372 0.04871100652962923 294
1783105503676 0.04804493160918355 295
1783105508079 0.04810238334660729 296
1783105512415 0.04820048622786999 297
1783105516781 0.048271925964703165 298
1783105521344 0.04807363652313749 299
1783105525731 0.048087892743448414 300
1783105530082 0.047761679627001286 301
1783105534381 0.047973048873245716 302
1783105538679 0.04800631493950883 303
1783105543031 0.04743011916677157 304
1783105547545 0.04755523940548301 305
1783105551927 0.04752420292546352 306
1783105556312 0.047978353997071586 307
1783105560632 0.04720965043331186 308
1783105564986 0.04761515480155746 309
1783105569278 0.047531688741097845 310
1783105573581 0.047540989549209677 311
1783105577886 0.047837414468328156 312
1783105582194 0.04770385970671972 313
1783105586528 0.04756262541438142 314
1783105590892 0.047884439739088215 315
1783105595193 0.04764897609129548 316
1783105599489 0.04752729351942738 317
1783105603792 0.047264312083522476 318
1783105608133 0.047534141379098095 319
1783105612479 0.047426530780891575 320
1783105616886 0.04698027375464638 321
1783105621711 0.04714260514204701 322
1783105626191 0.04694233958919843 323
1783105630640 0.04736382933333516 324
1783105635040 0.04717748627687494 325
1783105639384 0.047384302131831646 326
1783105643683 0.046781612715373434 327
1783105648082 0.04687733001386126 328
1783105652407 0.0466243838891387 329
1783105656784 0.047210828556368746 330
1783105661145 0.046846740103016295 331
1783105665482 0.047560487718631826 332
1783105670077 0.04700308867419759 333
1783105674404 0.04700022439161936 334
1783105678713 0.04631834213311473 335
1783105683070 0.047071915895988546 336
