1783104578015 0.04874394275248051 87
1783104582431 0.03893451703091463 88
1783104586787 0.03968996135517955 89
1783104591092 0.06313909652332465 90
1783104595406 0.15944711491465569 91
1783104599721 0.3217919444044431 92
1783104604037 0.2915712669491768 93
1783104608350 0.20522684479753175 94
1783104612720 0.18280713135997453 95
1783104617053 0.17703674361109734 96
1783104621392 0.15514283751447996 97
1783104625808 0.1314499918371439 98
1783104630375 0.1115058238307635 99
1783104634843 0.09332648850977421 100
1783104639412 0.07533858281870683 101
1783104643899 0.05889956591029962 102
1783104648385 0.04758336550245682 103
1783104652851 0.04105499231566986 104
1783104657453 0.03638761552671591 105
1783104661963 0.03311302109311024 106
1783104666588 0.032967744239916406 107
1783104671095 0.03388056717813015 108
1783104675584 0.03399420203641057 109
1783104680031 0.03563099323461453 110
1783104684574 0.030405490348736446 111
1783104689034 0.033840362913906574 112
1783104693509 0.032143359227726855 113
1783104698087 0.03301224003856381 114
1783104702591 0.03281465886781613 115
1783104707121 0.0300326538272202 116
1783104711644 0.032405850322296224 117
1783104716092 0.03269924223423004 118
1783104720631 0.03258372641478976 119
1783104725317 0.03036261210218072 120
1783104729983 0.031045180124541123 121
1783104734940 0.03191734508921703 122
1783104739987 0.033155888163795076 123
1783104744363 0.030026068755735952 124
1783104748704 0.032400715009619795 125
1783104753069 0.031231422908604145 126
1783104757469 0.03262173213685552 127
1783104761902 0.030122844657550257 128
1783104766296 0.031380494590848684 129
1783104770657 0.03005511670683821 130
1783104774967 0.032519545406103134 131
1783104779286 0.030177620394776266 132
1783104783600 0.0320689861352245 133
1783104787924 0.030216337647289038 134
1783104792289 0.032221917839099966 135
1783104796605 0.030510060023516417 136
1783104802395 0.027145729089776676 137
1783104806784 0.028109464483956497 138
1783104811529 0.027723402716219425 139
1783104815932 0.02822860578695933 140
1783104820292 0.027581040902684133 141
1783104824684 0.02744612004607916 142
1783104829020 0.02590552360440294 143
1783104833383 0.028947876455883186 144
1783104837717 0.02797328680753708 145
1783104842074 0.029530341892192762 146
1783104846488 0.027740038000047207 147
1783104850918 0.028965663940956194 148
1783104855280 0.028327015694230795 149
1783104859707 0.029589534116288025 150
1783104864164 0.028961696817229193 151
1783104868595 0.029222441371530294 152
1783104872961 0.03066491133843859 153
1783104877320 0.03063189098611474 154
1783104881699 0.029182421198735636 155
1783104886056 0.030060165872176487 156
1783104890438 0.03110735211521387 157
1783104894839 0.03074059821665287 158
1783104899284 0.031678371131420135 159
1783104903663 0.03163538003961245 160
1783104908048 0.03163434658199549 161
1783104912427 0.03334678569808602 162
1783104916793 0.03246344858780503 163
1783104921159 0.03330162664254507 164
1783104925562 0.03378567208225528 165
1783104929954 0.03258996829390526 166
1783104934294 0.03404083770389358 167
1783104938659 0.03570674639195204 168
1783104943041 0.03502885811030865 169
1783104947429 0.035132784551630415 170
1783104951824 0.03786635693783561 171
1783104956228 0.036467017605900764 172
1783104960728 0.03817632421851158 173
1783104965550 0.036875750248630844 174
1783104970322 0.037721337750554085 175
1783104974997 0.03775750380009413 176
1783104979351 0.03647277566293875 177
1783104983726 0.039127353889246784 178
1783104988119 0.03788778310020765 179
1783104992505 0.04010002873837948 180
1783104996828 0.03847611850748459 181
1783105001202 0.03973584854975343 182
1783105005752 0.040477304719388485 183
1783105010192 0.03989936411380768 184
1783105014662 0.03961904409031073 185
1783105018998 0.04082115925848484 186
1783105023408 0.043004292994737625 187
1783105027768 0.04064209728191296 188
1783105032123 0.0423560772712032 189
1783105036551 0.044373693875968456 190
1783105040937 0.04313491005450487 191
1783105045278 0.04223292600363493 192
1783105049675 0.048321656261881195 193
1783105054028 0.043242648243904114 194
1783105058460 0.045503455214202404 195
1783105062830 0.04505867511034012 196
1783105067182 0.04633581762512525 197
1783105071533 0.04456240156044563 198
1783105075895 0.04585604121287664 199
1783105080311 0.04765398303667704 200
1783105084823 0.049376739809910454 201
1783105089215 0.044523725596567 202
1783105093631 0.0480217340712746 203
1783105097991 0.047954268443087734 204
1783105102404 0.04686195061852535 205
1783105106810 0.04699649134029945 206
1783105111200 0.04880857622871796 207
1783105115681 0.04686189194520315 208
1783105120087 0.04689467356850704 209
1783105124468 0.04727032935867707 210
1783105128838 0.04990043460081021 211
1783105133202 0.04861698858439922 212
1783105137605 0.04958695266395807 213
1783105141968 0.049437044809261955 214
1783105146362 0.05033504559348027 215
1783105150738 0.04738923845191797 216
1783105155135 0.050170355476439 217
1783105159579 0.04842817938576142 218
1783105163995 0.05264378059655428 219
1783105168363 0.0487537964557608 220
1783105172759 0.049003878918786846 221
1783105177132 0.053084769286215305 222
1783105181482 0.048654116379717983 223
1783105185895 0.05012543095896641 224
1783105190271 0.049964718210200466 225
1783105194733 0.048667341781159244 226
1783105199149 0.050796154576043286 227
1783105203506 0.049414403115709625 228
1783105207876 0.049506159809728466 229
1783105212254 0.04952854507913192 230
1783105216677 0.05189518661548694 231
1783105221122 0.04996525434156259 232
1783105225669 0.052196296863257885 233
1783105230085 0.05093575641512871 234
1783105234469 0.04987523673723141 235
1783105238841 0.05129917369534572 236
1783105243212 0.05235850438475609 237
1783105247603 0.0503330851594607 238
1783105252013 0.051984451711177826 239
1783105256389 0.052006746642291546 240
1783105260727 0.051133218531807266 241
1783105265157 0.05169917487849792 242
1783105269546 0.05274792698522409 243
1783105273941 0.05303497953961293 244
1783105278324 0.0506800664588809 245
1783105282742 0.05297652135292689 246
1783105287111 0.049982240734001 247
1783105291481 0.053724006128807865 248
1783105295884 0.051443381855885185 249
1783105300273 0.0554917777578036 250
1783105304659 0.05010480247437954 251
1783105309093 0.05387374603499969 252
1783105313482 0.051301509141922 253
1783105317870 0.055056373278299965 254
1783105322257 0.050471059046685696 255
1783105326645 0.05320568289607763 256
1783105331009 0.054535442031919956 257
1783105335406 0.05447912806024154 258
1783105339892 0.05098914013554653 259
1783105344269 0.05530713809033235 260
1783105348624 0.05198395997285843 261
1783105353231 0.053863744251430035 262
1783105357742 0.050685048724214234 263
1783105362100 0.05588047175357739 264
1783105366526 0.05241872866948446 265
1783105370919 0.05425034059832493 266
1783105375285 0.05291464303930601 267
1783105379646 0.05333658897628387 268
1783105383973 0.052689570002257824 269
1783105388357 0.05665180583794912 270
1783105392746 0.05453954512874285 271
1783105397224 0.0530687915161252 272
1783105401615 0.056146097369492054 273
1783105406106 0.05294603202491999 274
1783105410480 0.05335933746149143 275
1783105414848 0.054736110692222915 276
1783105419608 0.05652612385650476 277
1783105424438 0.05282544748236736 278
1783105429220 0.056277998412648834 279
1783105434015 0.05105865063766638 280
1783105438933 0.05643133043001095 281
1783105443544 0.05431269512822231 282
1783105448201 0.05461985400567452 283
1783105452907 0.053786387046178184 284
1783105457449 0.05529120812813441 285
1783105462160 0.05418108869343996 286
1783105468617 0.05418430144588152 287
1783105473128 0.051671416809161506 288
1783105477448 0.052075705180565514 289
1783105481807 0.052153109572827816 290
1783105486157 0.052292956970632076 291
1783105490487 0.052840834173063435 292
1783105494898 0.051877639877299465 293
1783105499372 0.05245540911952654 294
1783105503676 0.05195154125491778 295
1783105508079 0.052069095273812614 296
1783105512415 0.051872046664357185 297
1783105516781 0.05214583377043406 298
1783105521344 0.052409335039556026 299
1783105525731 0.05204087837288777 300
1783105530082 0.05210605667283138 301
1783105534381 0.05162907453874747 302
1783105538679 0.05228340718895197 303
1783105543031 0.051500662229955196 304
1783105547545 0.05270474683493376 305
1783105551927 0.0515090332676967 306
1783105556312 0.05204017522434393 307
1783105560632 0.05146696791052818 308
1783105564986 0.051878527427713074 309
1783105569278 0.052931299433112144 310
1783105573581 0.05139484473814567 311
1783105577886 0.052185309740404286 312
1783105582194 0.05261361971497536 313
1783105586528 0.051886588955918946 314
1783105590892 0.05197632095466057 315
1783105595193 0.052485328478117786 316
1783105599489 0.052007513431211315 317
1783105603792 0.052168382021288075 318
1783105608133 0.051634106474618115 319
1783105612479 0.05232134864976009 320
1783105616886 0.052449457347393036 321
1783105621711 0.05259130926181873 322
1783105626191 0.05172027709583441 323
1783105630640 0.052072027077277504 324
1783105635040 0.05194313544780016 325
1783105639384 0.05299170905103286 326
1783105643683 0.05194735837479433 327
1783105648082 0.052403273060917854 328
1783105652407 0.051481129291156925 329
1783105656784 0.05233410901079575 330
1783105661145 0.052455498836934566 331
1783105665482 0.053067633882164955 332
1783105670077 0.051865772965053715 333
1783105674404 0.05230890431751808 334
1783105678713 0.05213930861403545 335
1783105683070 0.05242345451066891 336
