1783104578015 0.1313776783645153 87
1783104582431 0.14077979450424513 88
1783104586787 0.15039538219571114 89
1783104591092 0.15822036688526472 90
1783104595406 0.1752319671213627 91
1783104599721 0.18647033224503198 92
1783104604037 0.2079192971189817 93
1783104608350 0.22204777846733728 94
1783104612720 0.24104848876595497 95
1783104617053 0.23821684842308363 96
1783104621392 0.24042436356345812 97
1783104625808 0.23387774576743445 98
1783104630375 0.22848438968261084 99
1783104634843 0.24506280943751335 100
1783104639412 0.23836009949445724 101
1783104643899 0.23399663344025612 102
1783104648385 0.2313958927989006 103
1783104652851 0.22380965327223143 104
1783104657453 0.23269034177064896 105
1783104661963 0.22185940419634184 106
1783104666588 0.23711617787679037 107
1783104671095 0.2270310161014398 108
1783104675584 0.23292319228251776 109
1783104680031 0.21418892468015352 110
1783104684574 0.22282702227433523 111
1783104689034 0.22360126674175262 112
1783104693509 0.23357566570242247 113
1783104698087 0.22313026835521063 114
1783104702591 0.22085480888684592 115
1783104707121 0.21578793227672577 116
1783104711644 0.22758334254225096 117
1783104716092 0.24272769689559937 118
1783104720631 0.22398804624875387 119
1783104725317 0.23206865787506104 120
1783104729983 0.21778193612893423 121
1783104734940 0.23646564657489458 122
1783104739987 0.24710762252410254 123
1783104744363 0.23246285816033682 124
1783104748704 0.2220232474307219 125
1783104753069 0.23531454304854074 126
1783104757469 0.23606163387497267 127
1783104761902 0.236926157027483 128
1783104766296 0.22508644560972849 129
1783104770657 0.22617769613862038 130
1783104774967 0.22810755173365274 131
1783104779286 0.22971715902288756 132
1783104783600 0.22938398644328117 133
1783104787924 0.2347510407368342 134
1783104792289 0.23770962903896967 135
1783104796605 0.24338535343607268 136
1783104802395 0.24480236570040384 137
1783104806784 0.2748211498061816 138
1783104811529 0.27422622839609784 139
1783104815932 0.2580885800222556 140
1783104820292 0.26438240334391594 141
1783104824684 0.26654209072391194 142
1783104829020 0.2660648189485073 143
1783104833383 0.2748718510071437 144
1783104837717 0.27390900005896884 145
1783104842074 0.2938532928625743 146
1783104846488 0.25670523817340535 147
1783104850918 0.2506582538286845 148
1783104855280 0.26013416176040965 149
1783104859707 0.24542129163940749 150
1783104864164 0.2403568091491858 151
1783104868595 0.23830817391475043 152
1783104872961 0.2997022171815236 153
1783104877320 0.2908077711860339 154
1783104881699 0.32179830968379974 155
1783104886056 0.31187955290079117 156
1783104890438 0.3364884654680888 157
1783104894839 0.34622813016176224 158
1783104899284 0.3564779907464981 159
1783104903663 0.3780129651228587 160
1783104908048 0.37846481303373974 161
1783104912427 0.39279140283664066 162
1783104916793 0.4000912432869275 163
1783104921159 0.3969223325451215 164
1783104925562 0.40245016912619275 165
1783104929954 0.4204714422424634 166
1783104934294 0.4246660843491554 167
1783104938659 0.432428998251756 168
1783104943041 0.43511004249254864 169
1783104947429 0.4271327406167984 170
1783104951824 0.4441256175438563 171
1783104956228 0.44212355464696884 172
1783104960728 0.4229518199960391 173
1783104965550 0.4518062894543012 174
1783104970322 0.4209374909599622 175
1783104974997 0.43053282300631207 176
1783104979351 0.43033913026253384 177
1783104983726 0.4351034959157308 178
1783104988119 0.4447004596392314 179
1783104992505 0.465325007836024 180
1783104996828 0.44578128556410473 181
1783105001202 0.4474151407678922 182
1783105005752 0.44308966398239136 183
1783105010192 0.4643341725071271 184
1783105014662 0.4591785768667857 185
1783105018998 0.4636998698115349 186
1783105023408 0.4609849328796069 187
1783105027768 0.47282324979702633 188
1783105032123 0.4841977059841156 189
1783105036551 0.46687254309654236 190
1783105040937 0.48544379820426303 191
1783105045278 0.4621324688196182 192
1783105049675 0.47307021419207257 193
1783105054028 0.45596418529748917 194
1783105058460 0.4623968203862508 195
1783105062830 0.45261742422978085 196
1783105067182 0.4760800103346507 197
1783105071533 0.47251379986604053 198
1783105075895 0.48927632719278336 199
1783105080311 0.4836711386839549 200
1783105084823 0.4965476120511691 201
1783105089215 0.4892488146821658 202
1783105093631 0.4915996591250102 203
1783105097991 0.47831979642311734 204
1783105102404 0.5031452799836794 205
1783105106810 0.48306509107351303 206
1783105111200 0.47735842565695447 207
1783105115681 0.4749342401822408 208
1783105120087 0.4857362409432729 209
1783105124468 0.49251842498779297 210
1783105128838 0.4819290041923523 211
1783105133202 0.4748247042298317 212
1783105137605 0.49539029598236084 213
1783105141968 0.48210244874159497 214
1783105146362 0.4847913508613904 215
1783105150738 0.48976455877224606 216
1783105155135 0.49470048149426776 217
1783105159579 0.4810994689663251 218
1783105163995 0.48074256132046383 219
1783105168363 0.49700213472048443 220
1783105172759 0.4695270558198293 221
1783105177132 0.46352441360553104 222
1783105181482 0.47783152262369794 223
1783105185895 0.4749744310975075 224
1783105190271 0.4832821438709895 225
1783105194733 0.48761160920063656 226
1783105199149 0.4801910196741422 227
1783105203506 0.4767888014515241 228
1783105207876 0.47578299542268115 229
1783105212254 0.48822881529728573 230
1783105216677 0.4931124895811081 231
1783105221122 0.5012016793092092 232
1783105225669 0.48616192986567813 233
1783105230085 0.501997654636701 234
1783105234469 0.4947433720032374 235
1783105238841 0.5009692658980688 236
1783105243212 0.48632265875736874 237
1783105247603 0.49224786957105 238
1783105252013 0.4813419207930565 239
1783105256389 0.4845726688702901 240
1783105260727 0.4933571418126424 241
1783105265157 0.48481730620066327 242
1783105269546 0.5008420596520106 243
1783105273941 0.4955342287818591 244
1783105278324 0.47749537229537964 245
1783105282742 0.46734728664159775 246
1783105287111 0.49860596905152005 247
1783105291481 0.49941981832186383 248
1783105295884 0.4963407889008522 249
1783105300273 0.4872433915734291 250
1783105304659 0.4921185076236725 251
1783105309093 0.4880489980181058 252
1783105313482 0.4685430054863294 253
1783105317870 0.46589139103889465 254
1783105322257 0.48966634025176364 255
1783105326645 0.48838774611552555 256
1783105331009 0.4610048880179723 257
1783105335406 0.4851316337784131 258
1783105339892 0.4878536785642306 259
1783105344269 0.4861093933383624 260
1783105348624 0.47628909597794217 261
1783105353231 0.48324383050203323 262
1783105357742 0.47279463211695355 263
1783105362100 0.47983788202206296 264
1783105366526 0.4802631189425786 265
1783105370919 0.4940497453014056 266
1783105375285 0.4865819613138835 267
1783105379646 0.4932228624820709 268
1783105383973 0.482266108194987 269
1783105388357 0.4636561671892802 270
1783105392746 0.4774220983187358 271
1783105397224 0.47300321857134503 272
1783105401615 0.4725413794318835 273
1783105406106 0.4567502612868945 274
1783105410480 0.46131691584984463 275
1783105414848 0.46544379244248074 276
1783105419608 0.47373990217844647 277
1783105424438 0.4717549855510394 278
1783105429220 0.47947823256254196 279
1783105434015 0.48214761167764664 280
1783105438933 0.47744366774956387 281
1783105443544 0.48051101217667264 282
1783105448201 0.46663182477156323 283
1783105452907 0.4582994803786278 284
1783105457449 0.456488976875941 285
1783105462160 0.4776064455509186 286
1783105468617 0.47480686753988266 287
1783105473128 0.48131275177001953 288
1783105477448 0.4738545020421346 289
1783105481807 0.47053756813208264 290
1783105486157 0.4807782620191574 291
1783105490487 0.476397546629111 292
1783105494898 0.47557338575522107 293
1783105499372 0.4815157229701678 294
1783105503676 0.4857490162054698 295
1783105508079 0.4849832182129224 296
1783105512415 0.482401800652345 297
1783105516781 0.4806697393457095 298
1783105521344 0.4854676052927971 299
1783105525731 0.48630964010953903 300
1783105530082 0.48765917122364044 301
1783105534381 0.4812719424565633 302
1783105538679 0.4805472195148468 303
1783105543031 0.48713424801826477 304
1783105547545 0.489911417166392 305
1783105551927 0.4845697482426961 306
1783105556312 0.48212383935848874 307
1783105560632 0.4957437465588252 308
1783105564986 0.4994146053989728 309
1783105569278 0.48572074870268506 310
1783105573581 0.48611824711163837 311
1783105577886 0.4923464184006055 312
1783105582194 0.49153776715199154 313
1783105586528 0.48937108864386875 314
1783105590892 0.488253615796566 315
1783105595193 0.49336833755175274 316
1783105599489 0.4912432904044787 317
1783105603792 0.49295658121506375 318
1783105608133 0.4886951297521591 319
1783105612479 0.4888095036149025 320
1783105616886 0.4905178224047025 321
1783105621711 0.4934220438202222 322
1783105626191 0.4899657840530078 323
1783105630640 0.48945461710294086 324
1783105635040 0.4864506001273791 325
1783105639384 0.49338632573684055 326
1783105643683 0.4892371818423271 327
1783105648082 0.4961637978752454 328
1783105652407 0.4860910549759865 329
1783105656784 0.4901616449157397 330
1783105661145 0.49013546605904895 331
1783105665482 0.4935215041041374 332
1783105670077 0.49403203775485355 333
1783105674404 0.49007463951905567 334
1783105678713 0.48922265569369 335
1783105683070 0.4922608733177185 336
