1782943558537 0.9703776041666666 121
1782943563972 0.9703776041666666 122
1782943566374 0.9703776041666666 123
1782943567133 0.9703776041666666 124
1782943568283 0.9703776041666666 125
1782943569021 0.9703776041666666 126
1782943570161 0.9703776041666666 127
1782943570988 0.9703776041666666 128
1782943572163 0.9703776041666666 129
1782943572901 0.9703776041666666 130
1782943574052 0.9703776041666666 131
1782943574788 0.9703776041666666 132
1782943575888 0.9703776041666666 133
1782943576620 0.9703776041666666 134
1782943577936 0.9703776041666666 135
1782943578690 0.9703776041666666 136
1782943579843 0.9703776041666666 137
1782943580580 0.9703776041666666 138
1782943581759 0.9703776041666666 139
1782943582538 0.9703776041666666 140
