1782943558537 1.2177615960439045 121
1782943563972 1.2177615960439045 122
1782943566374 1.2177615960439045 123
1782943567133 1.2177615960439045 124
1782943568283 1.2177615960439045 125
1782943569021 1.2177615960439045 126
1782943570161 1.2177615960439045 127
1782943570988 1.2177615960439045 128
1782943572163 1.2177615960439045 129
1782943572901 1.2177615960439045 130
1782943574052 1.2177615960439045 131
1782943574788 1.2177615563074748 132
1782943575888 1.2177615960439045 133
1782943576620 1.2177615960439045 134
1782943577936 1.2177615563074748 135
1782943578690 1.2177615563074748 136
1782943579843 1.2177615960439045 137
1782943580580 1.2177615563074748 138
1782943581759 1.2177615960439045 139
1782943582538 1.2177615960439045 140
