1782943558537 0.026511667974304775 121
1782943563972 0.026512019822294775 122
1782943566374 0.026512294549242255 123
1782943567133 0.026512460520522987 124
1782943568283 0.026512607991921094 125
1782943569021 0.02651269396711572 126
1782943570161 0.026512774771700668 127
1782943570988 0.026512828600804533 128
1782943572163 0.026512864031329717 129
1782943572901 0.026512895876858608 130
1782943574052 0.026512922996922334 131
1782943574788 0.026512929022236526 132
1782943575888 0.026512946117163386 133
1782943576620 0.02651295285798917 134
1782943577936 0.026512948884792553 135
1782943578690 0.026512952693776123 136
1782943579843 0.026512985142573237 137
1782943580580 0.026512982586903516 138
1782943581759 0.026512963463099403 139
1782943582538 0.02651298338747839 140
