1782943558537 25.42987370491028 121
1782943563972 5.410563707351685 122
1782943566374 1.6267621517181396 123
1782943567133 0.7352662086486816 124
1782943568283 0.7317836284637451 125
1782943569021 0.7169430255889893 126
1782943570161 0.713935375213623 127
1782943570988 0.8025250434875488 128
1782943572163 0.727470874786377 129
1782943572901 0.7150073051452637 130
1782943574052 0.7163186073303223 131
1782943574788 0.7131681442260742 132
1782943575888 0.7070107460021973 133
1782943576620 0.7110633850097656 134
1782943577936 0.7761859893798828 135
1782943578690 0.7237279415130615 136
1782943579843 0.7123608589172363 137
1782943580580 0.7137327194213867 138
1782943581759 0.7166597843170166 139
1782943582538 0.751765251159668 140
