1782943558537 0.03700456917285919 121
1782943563972 0.03700457513332367 122
1782943566374 0.03700458407402039 123
1782943567133 0.03700459599494934 124
1782943568283 0.03700459003448486 125
1782943569021 0.03700459599494934 126
1782943570161 0.03700457513332367 127
1782943570988 0.03700456917285919 128
1782943572163 0.03700459003448486 129
1782943572901 0.03700458705425262 130
1782943574052 0.03700458407402039 131
1782943574788 0.03700456619262695 132
1782943575888 0.03700457811355591 133
1782943576620 0.03700459599494934 134
1782943577936 0.03700458407402039 135
1782943578690 0.03700458705425262 136
1782943579843 0.03700457811355591 137
1782943580580 0.03700458407402039 138
1782943581759 0.03700457513332367 139
1782943582538 0.03700457215309143 140
