1782943558537 0.25610223412513733 121
1782943563972 0.256099134683609 122
1782943566374 0.25609859824180603 123
1782943567133 0.2560974955558777 124
1782943568283 0.2560965120792389 125
1782943569021 0.25609612464904785 126
1782943570161 0.25609588623046875 127
1782943570988 0.2560957372188568 128
1782943572163 0.2560955882072449 129
1782943572901 0.2560945749282837 130
1782943574052 0.25609448552131653 131
1782943574788 0.25609448552131653 132
1782943575888 0.25609448552131653 133
1782943576620 0.2560945451259613 134
1782943577936 0.2560945451259613 135
1782943578690 0.2560945749282837 136
1782943579843 0.2560945749282837 137
1782943580580 0.2560945749282837 138
1782943581759 0.2560945749282837 139
1782943582538 0.2560945749282837 140
