1782943558537 1.4232288159822162 121
1782943563972 1.4232288159822162 122
1782943566374 1.4232290167557566 123
1782943567133 1.4232290167557566 124
1782943568283 1.4232289163689864 125
1782943569021 1.4232289665623714 126
1782943570161 1.4232290167557566 127
1782943570988 1.4232288159822162 128
1782943572163 1.4232288159822162 129
1782943572901 1.4232288159822162 130
1782943574052 1.4232288159822162 131
1782943574788 1.4232288159822162 132
1782943575888 1.4232289665623714 133
1782943576620 1.4232288661756014 134
1782943577936 1.4232289163689864 135
1782943578690 1.4232288661756014 136
1782943579843 1.4232288159822162 137
1782943580580 1.4232287657888312 138
1782943581759 1.4232289163689864 139
1782943582538 1.4232289163689864 140
