1782943558537 0.043550388399525325 121
1782943563972 0.043550392798392096 122
1782943566374 0.043550388399525325 123
1782943567133 0.043550390159072035 124
1782943568283 0.04355038751975197 125
1782943569021 0.043550389279298676 126
1782943570161 0.043550390159072035 127
1782943570988 0.043550389279298676 128
1782943572163 0.043550394557938805 129
1782943572901 0.043550391038845386 130
1782943574052 0.04355039367816545 131
1782943574788 0.043550388399525325 132
1782943575888 0.043550390159072035 133
1782943576620 0.043550388399525325 134
1782943577936 0.043550388399525325 135
1782943578690 0.043550390159072035 136
1782943579843 0.043550388399525325 137
1782943580580 0.043550389279298676 138
1782943581759 0.043550388399525325 139
1782943582538 0.043550389279298676 140
