1782943558537 0.7022979698185704 121
1782943563972 0.7022979205250012 122
1782943566374 0.7022979327099139 123
1782943567133 0.7022978778604211 124
1782943568283 0.7022979125790423 125
1782943569021 0.7022979303489135 126
1782943570161 0.7022979489837412 127
1782943570988 0.7022979543619763 128
1782943572163 0.7022979464858602 129
1782943572901 0.7022978634025255 130
1782943574052 0.7022979008270105 131
1782943574788 0.7022979195038825 132
1782943575888 0.7022979554260599 133
1782943576620 0.7022979452318506 134
1782943577936 0.7022979123238127 135
1782943578690 0.7022979139052411 136
1782943579843 0.7022979503481922 137
1782943580580 0.7022979050487135 138
1782943581759 0.702297897661328 139
1782943582538 0.7022979345025743 140
