1782943558537 -0.04340899158928615 121
1782943563972 -0.043408966922280155 122
1782943566374 -0.043409003409338655 123
1782943567133 -0.04340898974176031 124
1782943568283 -0.04340900367108517 125
1782943569021 -0.04340902328376279 126
1782943570161 -0.04340901073334022 127
1782943570988 -0.043408973383702976 128
1782943572163 -0.0434089998652031 129
1782943572901 -0.04340902053570855 130
1782943574052 -0.04340902961496512 131
1782943574788 -0.0434090742607387 132
1782943575888 -0.04340899490322811 133
1782943576620 -0.04340898966845829 134
1782943577936 -0.043408972837332395 135
1782943578690 -0.043409033123811086 136
1782943579843 -0.043409048532782844 137
1782943580580 -0.043408973490807246 138
1782943581759 -0.04340903640074278 139
1782943582538 -0.043409010106426144 140
