1782943558537 0.16714274883270264 121
1782943563972 0.16714274883270264 122
1782943566374 0.16714275379975638 123
1782943567133 0.16714275379975638 124
1782943568283 0.16714274883270264 125
1782943569021 0.16714275379975638 126
1782943570161 0.16714274883270264 127
1782943570988 0.16714275379975638 128
1782943572163 0.16714274883270264 129
1782943572901 0.16714275379975638 130
1782943574052 0.1671427587668101 131
1782943574788 0.1671427438656489 132
1782943575888 0.16714275379975638 133
1782943576620 0.16714275379975638 134
1782943577936 0.16714275379975638 135
1782943578690 0.16714274883270264 136
1782943579843 0.1671427438656489 137
1782943580580 0.16714274883270264 138
1782943581759 0.16714275379975638 139
1782943582538 0.16714274883270264 140
