1782943558537 2.064281444387582 121
1782943563972 2.0642809323623608 122
1782943566374 2.0642817461568104 123
1782943567133 2.0642815945605677 124
1782943568283 2.0642817393878845 125
1782943569021 2.064281760807165 126
1782943570161 2.06428200464618 127
1782943570988 2.064282299061577 128
1782943572163 2.0642820588393014 129
1782943572901 2.0642820402451507 130
1782943574052 2.0642819831866515 131
1782943574788 2.064281992979184 132
1782943575888 2.064281850016278 133
1782943576620 2.0642818868244266 134
1782943577936 2.0642818243959935 135
1782943578690 2.0642820226876606 136
1782943579843 2.064281989928436 137
1782943580580 2.064282111034794 138
1782943581759 2.0642820779306215 139
1782943582538 2.064281981805315 140
