1782943558537 0.15781076749165854 121
1782943563972 0.15781077245871225 122
1782943566374 0.15781077245871225 123
1782943567133 0.15781077245871225 124
1782943568283 0.15781077245871225 125
1782943569021 0.15781077245871225 126
1782943570161 0.15781077245871225 127
1782943570988 0.15781077245871225 128
1782943572163 0.15781077245871225 129
1782943572901 0.15781077245871225 130
1782943574052 0.15781077245871225 131
1782943574788 0.15781077245871225 132
1782943575888 0.15781077245871225 133
1782943576620 0.15781077245871225 134
1782943577936 0.15781077245871225 135
1782943578690 0.15781077245871225 136
1782943579843 0.15781077245871225 137
1782943580580 0.15781077245871225 138
1782943581759 0.15781077245871225 139
1782943582538 0.15781077245871225 140
