1782943558537 0.6606122652689616 121
1782943563972 0.6606122652689616 122
1782943566374 0.6606122652689616 123
1782943567133 0.6606122652689616 124
1782943568283 0.6606122652689616 125
1782943569021 0.6606122652689616 126
1782943570161 0.6606122652689616 127
1782943570988 0.6606122652689616 128
1782943572163 0.6606122652689616 129
1782943572901 0.6606122652689616 130
1782943574052 0.6606122652689616 131
1782943574788 0.6606122652689616 132
1782943575888 0.6606122652689616 133
1782943576620 0.6606122652689616 134
1782943577936 0.6606122652689616 135
1782943578690 0.6606122652689616 136
1782943579843 0.6606122652689616 137
1782943580580 0.6606122652689616 138
1782943581759 0.6606122652689616 139
1782943582538 0.6606122652689616 140
