1782943558537 0.8421892325083414 121
1782943563972 0.8421892325083414 122
1782943566374 0.8421892325083414 123
1782943567133 0.8421892325083414 124
1782943568283 0.8421892325083414 125
1782943569021 0.8421892325083414 126
1782943570161 0.8421892325083414 127
1782943570988 0.8421892325083414 128
1782943572163 0.8421892325083414 129
1782943572901 0.8421892325083414 130
1782943574052 0.8421892325083414 131
1782943574788 0.8421892325083414 132
1782943575888 0.8421892325083414 133
1782943576620 0.8421892325083414 134
1782943577936 0.8421892325083414 135
1782943578690 0.8421892325083414 136
1782943579843 0.8421892325083414 137
1782943580580 0.8421892325083414 138
1782943581759 0.8421892325083414 139
1782943582538 0.8421892325083414 140
