1782943558537 -0.04372088114420573 121
1782943563972 -0.04372088114420573 122
1782943566374 -0.04372088114420573 123
1782943567133 -0.04372088114420573 124
1782943568283 -0.04372088114420573 125
1782943569021 -0.04372088114420573 126
1782943570161 -0.04372088114420573 127
1782943570988 -0.04372088114420573 128
1782943572163 -0.04372088114420573 129
1782943572901 -0.04372088114420573 130
1782943574052 -0.04372088114420573 131
1782943574788 -0.04372088114420573 132
1782943575888 -0.04372088114420573 133
1782943576620 -0.04372088114420573 134
1782943577936 -0.04372088114420573 135
1782943578690 -0.04372088114420573 136
1782943579843 -0.04372088114420573 137
1782943580580 -0.04372088114420573 138
1782943581759 -0.04372088114420573 139
1782943582538 -0.04372088114420573 140
