1782943558537 0.15090517699718475 121
1782943563972 0.15090517699718475 122
1782943566374 0.150905172030131 123
1782943567133 0.150905172030131 124
1782943568283 0.150905172030131 125
1782943569021 0.150905172030131 126
1782943570161 0.15090517699718475 127
1782943570988 0.150905172030131 128
1782943572163 0.15090517699718475 129
1782943572901 0.150905172030131 130
1782943574052 0.150905172030131 131
1782943574788 0.150905172030131 132
1782943575888 0.1509051819642385 133
1782943576620 0.15090517699718475 134
1782943577936 0.150905172030131 135
1782943578690 0.150905172030131 136
1782943579843 0.150905172030131 137
1782943580580 0.150905172030131 138
1782943581759 0.15090517699718475 139
1782943582538 0.15090517699718475 140
