1782941655071 0.17397313813368478 101
1782941660809 0.17397314310073853 102
1782941664103 0.17397313316663107 103
1782941664756 0.17397314310073853 104
1782941665736 0.17397314806779227 105
1782941666389 0.17397315303484598 106
1782941667375 0.17397313813368478 107
1782941668029 0.17397313813368478 108
1782941669010 0.17397314806779227 109
1782941669669 0.17397314806779227 110
1782941670650 0.17397313813368478 111
1782941671305 0.17397314310073853 112
1782941672285 0.17397314806779227 113
1782941672939 0.17397313813368478 114
1782941673920 0.17397313316663107 115
1782941674571 0.17397313813368478 116
1782941675764 0.17397313813368478 117
1782941676416 0.17397314310073853 118
1782941677406 0.17397314310073853 119
1782941678057 0.17397314310073853 120
