1782941655071 0.01782810315489769 101
1782941660809 0.01782810315489769 102
1782941664103 0.01782810439666112 103
1782941664756 0.017828103775779407 104
1782941665736 0.017828103775779407 105
1782941666389 0.017828103775779407 106
1782941667375 0.017828103775779407 107
1782941668029 0.017828102534015972 108
1782941669010 0.017828103775779407 109
1782941669669 0.017828103775779407 110
1782941670650 0.01782810439666112 111
1782941671305 0.01782810315489769 112
1782941672285 0.01782810315489769 113
1782941672939 0.017828103775779407 114
1782941673920 0.017828102534015972 115
1782941674571 0.017828102534015972 116
1782941675764 0.01782810315489769 117
1782941676416 0.017828102534015972 118
1782941677406 0.017828103775779407 119
1782941678057 0.017828105638424557 120
