1782941655071 1.5874955175989038 101
1782941660809 1.5874955014312402 102
1782941664103 1.5874954311958493 103
1782941664756 1.587495506910863 104
1782941665736 1.5874954617141699 105
1782941666389 1.5874954565826958 106
1782941667375 1.5874955216914934 107
1782941668029 1.5874953805028111 108
1782941669010 1.5874954599253985 109
1782941669669 1.5874954922420672 110
1782941670650 1.5874954167236375 111
1782941671305 1.587495471528932 112
1782941672285 1.5874954981536789 113
1782941672939 1.5874952807267964 114
1782941673920 1.5874955350956048 115
1782941674571 1.5874953832742473 116
1782941675764 1.5874955240562292 117
1782941676416 1.587495494100483 118
1782941677406 1.58749543470766 119
1782941678057 1.5874954396027479 120
