1782941655071 0.7659633190737979 101
1782941660809 0.7659633057595988 102
1782941664103 0.7659632608924092 103
1782941664756 0.7659633109199467 104
1782941665736 0.7659632822029673 105
1782941666389 0.7659632778443912 106
1782941667375 0.7659633234765545 107
1782941668029 0.7659632299893698 108
1782941669010 0.7659632789210331 109
1782941669669 0.7659633009475382 110
1782941670650 0.7659632513495258 111
1782941671305 0.765963288537637 112
1782941672285 0.7659633071323521 113
1782941672939 0.7659631672268489 114
1782941673920 0.7659633291056295 115
1782941674571 0.7659632305501095 116
1782941675764 0.7659633224071499 117
1782941676416 0.7659633013379136 118
1782941677406 0.765963264689289 119
1782941678057 0.7659632681570523 120
