1782941655071 0.017877555762728054 101
1782941660809 0.017877555762728054 102
1782941664103 0.017877555762728054 103
1782941664756 0.017877555762728054 104
1782941665736 0.017877555762728054 105
1782941666389 0.017877555762728054 106
1782941667375 0.017877555762728054 107
1782941668029 0.017877555762728054 108
1782941669010 0.017877555762728054 109
1782941669669 0.017877555762728054 110
1782941670650 0.017877555762728054 111
1782941671305 0.017877555762728054 112
1782941672285 0.017877555762728054 113
1782941672939 0.017877555762728054 114
1782941673920 0.017877555762728054 115
1782941674571 0.017877555762728054 116
1782941675764 0.017877555762728054 117
1782941676416 0.017877555762728054 118
1782941677406 0.017877555762728054 119
1782941678057 0.017877555762728054 120
