1782941655071 21.990379571914673 101
1782941660809 5.7113282680511475 102
1782941664103 2.5809385776519775 103
1782941664756 0.62734055519104 104
1782941665736 0.625847339630127 105
1782941666389 0.6269056797027588 106
1782941667375 0.6255068778991699 107
1782941668029 0.629793643951416 108
1782941669010 0.6282765865325928 109
1782941669669 0.636162281036377 110
1782941670650 0.6312174797058105 111
1782941671305 0.6317353248596191 112
1782941672285 0.629152774810791 113
1782941672939 0.631079912185669 114
1782941673920 0.6264092922210693 115
1782941674571 0.6268303394317627 116
1782941675764 0.6276915073394775 117
1782941676416 0.6284949779510498 118
1782941677406 0.6278934478759766 119
1782941678057 0.6277263164520264 120
