1782941655071 0.2548215091228485 101
1782941660809 0.25406405329704285 102
1782941664103 0.25349703431129456 103
1782941664756 0.2530769407749176 104
1782941665736 0.2527671754360199 105
1782941666389 0.2525395452976227 106
1782941667375 0.25237321853637695 107
1782941668029 0.2522510290145874 108
1782941669010 0.2521618902683258 109
1782941669669 0.25209715962409973 110
1782941670650 0.25204846262931824 111
1782941671305 0.2520143389701843 112
1782941672285 0.25198814272880554 113
1782941672939 0.25197067856788635 114
1782941673920 0.25195756554603577 115
1782941674571 0.25194719433784485 116
1782941675764 0.2519404888153076 117
1782941676416 0.2519342601299286 118
1782941677406 0.2519308030605316 119
1782941678057 0.2519279420375824 120
