1782941655071 0.04533377809262057 101
1782941660809 0.04468088497931354 102
1782941664103 0.04429557088945733 103
1782941664756 0.04422906252342885 104
1782941665736 0.04419451951980591 105
1782941666389 0.04406818991041369 106
1782941667375 0.04397945185654036 107
1782941668029 0.043883840992765606 108
1782941669010 0.04378671395151239 109
1782941669669 0.043645479422076486 110
1782941670650 0.043645482967334163 111
1782941671305 0.043645479422076486 112
1782941672285 0.04364548119470533 113
1782941672939 0.043597873051961264 114
1782941673920 0.04359787481802481 115
1782941674571 0.043550390159072035 116
1782941675764 0.043550388399525325 117
1782941676416 0.043550390159072035 118
1782941677406 0.043550389279298676 119
1782941678057 0.043550390159072035 120
