1782941655071 -0.030402516807908193 101
1782941660809 -0.02955603094373213 102
1782941664103 -0.036285327881925906 103
1782941664756 -0.04007574429554183 104
1782941665736 -0.040919690757813355 105
1782941666389 -0.040919135342999534 106
1782941667375 -0.04538130212829731 107
1782941668029 -0.048500823290014816 108
1782941669010 -0.04866822231991899 109
1782941669669 -0.04903940233747433 110
1782941670650 -0.049039372361601996 111
1782941671305 -0.04903936529491846 112
1782941672285 -0.04903935983912724 113
1782941672939 -0.05003308500227982 114
1782941673920 -0.05003305807527116 115
1782941674571 -0.05027783037266521 116
1782941675764 -0.05027788026459423 117
1782941676416 -0.05027793744899213 118
1782941677406 -0.050277862142824356 119
1782941678057 -0.05027785152166085 120
