1782941655071 0.21231786906719208 101
1782941660809 0.21552330255508423 102
1782941664103 0.21795488893985748 103
1782941664756 0.2197675108909607 104
1782941665736 0.2211095541715622 105
1782941666389 0.22209902107715607 106
1782941667375 0.222822904586792 107
1782941668029 0.22335542738437653 108
1782941669010 0.22374457120895386 109
1782941669669 0.2240271121263504 110
1782941670650 0.22423940896987915 111
1782941671305 0.22438836097717285 112
1782941672285 0.22450299561023712 113
1782941672939 0.22457890212535858 114
1782941673920 0.2246364802122116 115
1782941674571 0.22468161582946777 116
1782941675764 0.22471125423908234 117
1782941676416 0.2247377634048462 118
1782941677406 0.224753275513649 119
1782941678057 0.22476617991924286 120
