1782941655071 0.645800511042277 101
1782941660809 0.6450353463490804 102
1782941664103 0.644490381081899 103
1782941664756 0.644104023774465 104
1782941665736 0.6438312331835429 105
1782941666389 0.6436302661895752 106
1782941667375 0.6434916853904724 107
1782941668029 0.6433877944946289 108
1782941669010 0.643312414487203 109
1782941669669 0.6432602405548096 110
1782941670650 0.6432186762491862 111
1782941671305 0.6431901454925537 112
1782941672285 0.6431710720062256 113
1782941672939 0.6431559522946676 114
1782941673920 0.6431455810864767 115
1782941674571 0.6431368986765543 116
1782941675764 0.6431322495142618 117
1782941676416 0.6431283354759216 118
1782941677406 0.643125593662262 119
1782941678057 0.6431229710578918 120
