1782941655071 0.15763699043323554 101
1782941660809 0.15763697127904705 102
1782941664103 0.15763706276781106 103
1782941664756 0.15763711660024174 104
1782941665736 0.1576370416963596 105
1782941666389 0.15763704069336903 106
1782941667375 0.15763699855866567 107
1782941668029 0.1576369419997787 108
1782941669010 0.1576370137799946 109
1782941669669 0.15763704918157406 110
1782941670650 0.15763697218802636 111
1782941671305 0.15763698849031363 112
1782941672285 0.15763695555917204 113
1782941672939 0.15763696818744624 114
1782941673920 0.15763702229174661 115
1782941674571 0.15763710448966584 116
1782941675764 0.1576369958313333 117
1782941676416 0.15763705712303486 118
1782941677406 0.15763694815219467 119
1782941678057 0.1576369691571282 120
