1782941655071 0.7022979018286833 101
1782941660809 0.7022979686447156 102
1782941664103 0.7022978715744036 103
1782941664756 0.702297915817056 104
1782941665736 0.7022979124083101 105
1782941666389 0.7022979532719803 106
1782941667375 0.702297925760527 107
1782941668029 0.7022979716726474 108
1782941669010 0.7022979219480497 109
1782941669669 0.7022979645842587 110
1782941670650 0.7022979391899868 111
1782941671305 0.7022979277931278 112
1782941672285 0.7022978822044784 113
1782941672939 0.7022979762607174 114
1782941673920 0.7022979293477646 115
1782941674571 0.702297904492962 116
1782941675764 0.7022979184014974 117
1782941676416 0.7022979102996473 118
1782941677406 0.7022979296372668 119
1782941678057 0.7022979107732518 120
