1782941655071 0.16714275379975638 101
1782941660809 0.1671427587668101 102
1782941664103 0.1671427438656489 103
1782941664756 0.16714274883270264 104
1782941665736 0.16714274883270264 105
1782941666389 0.16714274883270264 106
1782941667375 0.16714275379975638 107
1782941668029 0.16714274883270264 108
1782941669010 0.16714274883270264 109
1782941669669 0.16714274883270264 110
1782941670650 0.16714274883270264 111
1782941671305 0.1671427587668101 112
1782941672285 0.16714274883270264 113
1782941672939 0.16714274883270264 114
1782941673920 0.16714274883270264 115
1782941674571 0.16714274883270264 116
1782941675764 0.16714274883270264 117
1782941676416 0.16714274883270264 118
1782941677406 0.1671427587668101 119
1782941678057 0.1671427438656489 120
