1782941655071 0.297500212987264 101
1782941660809 0.2975001931190491 102
1782941664103 0.2975001931190491 103
1782941664756 0.2975001931190491 104
1782941665736 0.2975001931190491 105
1782941666389 0.2975001931190491 106
1782941667375 0.2975001931190491 107
1782941668029 0.2975001931190491 108
1782941669010 0.2975001931190491 109
1782941669669 0.2975001931190491 110
1782941670650 0.2975001931190491 111
1782941671305 0.2975001931190491 112
1782941672285 0.2975001931190491 113
1782941672939 0.2975001931190491 114
1782941673920 0.2975001931190491 115
1782941674571 0.2975001931190491 116
1782941675764 0.2975001931190491 117
1782941676416 0.2975001931190491 118
1782941677406 0.2975001931190491 119
1782941678057 0.2975001931190491 120
