1782941655071 0.8421892325083414 101
1782941660809 0.8421892325083414 102
1782941664103 0.8421892325083414 103
1782941664756 0.8421892325083414 104
1782941665736 0.8421892325083414 105
1782941666389 0.8421892325083414 106
1782941667375 0.8421892325083414 107
1782941668029 0.8421892325083414 108
1782941669010 0.8421892325083414 109
1782941669669 0.8421892325083414 110
1782941670650 0.8421892325083414 111
1782941671305 0.8421892325083414 112
1782941672285 0.8421892325083414 113
1782941672939 0.8421892325083414 114
1782941673920 0.8421892325083414 115
1782941674571 0.8421892325083414 116
1782941675764 0.8421892325083414 117
1782941676416 0.8421892325083414 118
1782941677406 0.8421892325083414 119
1782941678057 0.8421892325083414 120
