1782941655071 0.15781076749165854 101
1782941660809 0.15781077245871225 102
1782941664103 0.15781077245871225 103
1782941664756 0.15781077245871225 104
1782941665736 0.15781077245871225 105
1782941666389 0.15781077245871225 106
1782941667375 0.15781077245871225 107
1782941668029 0.15781077245871225 108
1782941669010 0.15781077245871225 109
1782941669669 0.15781077245871225 110
1782941670650 0.15781077245871225 111
1782941671305 0.15781077245871225 112
1782941672285 0.15781077245871225 113
1782941672939 0.15781077245871225 114
1782941673920 0.15781077245871225 115
1782941674571 0.15781077245871225 116
1782941675764 0.15781077245871225 117
1782941676416 0.15781077245871225 118
1782941677406 0.15781077245871225 119
1782941678057 0.15781077245871225 120
