1783134558580 0.9436185757319132 230
1783134559867 0.9436185757319132 231
1783134561153 0.9436185707648596 232
1783134562411 0.943618560830752 233
1783134563654 0.9436185657978058 234
1783134565001 0.9436185459295908 235
1783134566258 0.943618560830752 236
1783134567500 0.9436185856660207 237
1783134568750 0.9436185459295908 238
1783134570040 0.9436185707648596 239
1783134571293 0.9436185558636984 240
1783134572532 0.943618560830752 241
1783134573773 0.943618560830752 242
1783134575030 0.9436185757319132 243
1783134576268 0.9436185956001282 244
