1783134558580 1.420706506976255 230
1783134559867 1.420706507220873 231
1783134561153 1.4207065197244029 232
1783134562411 1.4207064768084627 233
1783134563654 1.420706490293064 234
1783134565001 1.4207065193906228 235
1783134566258 1.4207065037649047 236
1783134567500 1.4207065138110506 237
1783134568750 1.420706507304633 238
1783134570040 1.420706516104283 239
1783134571293 1.4207064965194407 240
1783134572532 1.420706514116697 241
1783134573773 1.4207065182667387 242
1783134575030 1.4207065128781817 243
1783134576268 1.420706493510127 244
