1783134558580 0.056948553377676986 230
1783134559867 0.05694855410672777 231
1783134561153 0.056948553634291195 232
1783134562411 0.056948551373045976 233
1783134563654 0.0569485523422914 234
1783134565001 0.05694855378909328 235
1783134566258 0.0569485531741095 236
1783134567500 0.05694855422146846 237
1783134568750 0.056948553713354146 238
1783134570040 0.056948554417540355 239
1783134571293 0.056948552985242394 240
1783134572532 0.05694855364919484 241
1783134573773 0.05694855369009814 242
1783134575030 0.05694855272737696 243
1783134576268 0.05694855227024203 244
