1783134558580 0.08615831782420476 230
1783134559867 0.08615831658244133 231
1783134561153 0.0861583153406779 232
1783134562411 0.08615831471979618 233
1783134563654 0.08615831782420476 234
1783134565001 0.08615831658244133 235
1783134566258 0.08615831596155961 236
1783134567500 0.08615831720332305 237
1783134568750 0.08615831596155961 238
1783134570040 0.08615831658244133 239
1783134571293 0.08615831720332305 240
1783134572532 0.08615831471979618 241
1783134573773 0.08615831596155961 242
1783134575030 0.08615831471979618 243
1783134576268 0.08615831471979618 244
