1783134558580 3.8880093119598587 230
1783134559867 3.8880097754467142 231
1783134561153 3.8880093119598587 232
1783134562411 3.8880093119598587 233
1783134563654 3.8880093119598587 234
1783134565001 3.8880093119598587 235
1783134566258 3.8880097754467142 236
1783134567500 3.8880097754467142 237
1783134568750 3.8880088484730586 238
1783134570040 3.888010238933625 239
1783134571293 3.8880093119598587 240
1783134572532 3.8880093119598587 241
1783134573773 3.8880093119598587 242
1783134575030 3.8880088484730586 243
1783134576268 3.8880097754467142 244
