1783134558580 0.8174655058167197 230
1783134559867 0.8179610859264027 231
1783134561153 0.8183059963313016 232
1783134562411 0.8184541788968173 233
1783134563654 0.8184699524532665 234
1783134565001 0.818466143174605 235
1783134566258 0.8184947804971174 236
1783134567500 0.8185544339093295 237
1783134568750 0.8186455152251504 238
1783134570040 0.818764480677518 239
1783134571293 0.818886626850475 240
1783134572532 0.8189996751871976 241
1783134573773 0.8191492503339594 242
1783134575030 0.8192948211323131 243
1783134576268 0.8194129087708213 244
