1783134558580 0.6333669315684926 230
1783134559867 0.6332900551232424 231
1783134561153 0.6332139535383745 232
1783134562411 0.6331525878472761 233
1783134563654 0.6331283368847587 234
1783134565001 0.6331396265463396 235
1783134566258 0.6331726556474512 236
1783134567500 0.6332232708280737 237
1783134568750 0.633288486437364 238
1783134570040 0.6333660022778944 239
1783134571293 0.6334523531523618 240
1783134572532 0.6335465068166907 241
1783134573773 0.6336361034349962 242
1783134575030 0.6337146352637898 243
1783134576268 0.6337885179302909 244
