1783134558580 3.8254257837931314 230
1783134559867 3.8148553570111594 231
1783134561153 3.805370589097341 232
1783134562411 3.796851416428884 233
1783134563654 3.7889792124430337 234
1783134565001 3.7818147341410318 235
1783134566258 3.775264342625936 236
1783134567500 3.768939216931661 237
1783134568750 3.7625097235043845 238
1783134570040 3.7559099594751992 239
1783134571293 3.749269962310791 240
1783134572532 3.7423680822054544 241
1783134573773 3.73549218972524 242
1783134575030 3.728864073753357 243
1783134576268 3.7220895091692605 244
