1783134558580 1.0067597694311632 230
1783134559867 1.0067597886326596 231
1783134561153 1.0067597544966662 232
1783134562411 1.0067597736981624 233
1783134563654 1.0067597907661592 234
1783134565001 1.00675978649916 235
1783134566258 1.0067597736981624 236
1783134567500 1.0067597907661592 237
1783134568750 1.0067597736981624 238
1783134570040 1.0067597779651616 239
1783134571293 1.0067597779651616 240
1783134572532 1.0067597736981624 241
1783134573773 1.0067597672976636 242
1783134575030 1.0067597779651616 243
1783134576268 1.0067597544966662 244
