1783134558580 0.6596586243225934 230
1783134559867 0.6596586162462801 231
1783134561153 0.6596586108530701 232
1783134562411 0.6596586146643046 233
1783134563654 0.6596586204300514 234
1783134565001 0.6596586042932183 235
1783134566258 0.6596586184237684 236
1783134567500 0.659658615565462 237
1783134568750 0.6596586149543159 238
1783134570040 0.6596586154666636 239
1783134571293 0.6596585745681451 240
1783134572532 0.659658624289854 241
1783134573773 0.6596586111744355 242
1783134575030 0.6596586118409222 243
1783134576268 0.659658597897432 244
