1783134558580 0.03606116399168968 230
1783134559867 0.03606116399168968 231
1783134561153 0.03606116399168968 232
1783134562411 0.03606116399168968 233
1783134563654 0.03606116399168968 234
1783134565001 0.03606116399168968 235
1783134566258 0.03606116399168968 236
1783134567500 0.03606116399168968 237
1783134568750 0.03606116399168968 238
1783134570040 0.03606116399168968 239
1783134571293 0.03606116399168968 240
1783134572532 0.03606116399168968 241
1783134573773 0.03606116399168968 242
1783134575030 0.03606116399168968 243
1783134576268 0.03606116399168968 244
