1783134558580 0.8913407043914457 230
1783134559867 0.8914308210905048 231
1783134561153 0.8914697754811208 232
1783134562411 0.8914738798239873 233
1783134563654 0.8914765105572635 234
1783134565001 0.8914928023471639 235
1783134566258 0.891520583674508 236
1783134567500 0.8915595529246995 237
1783134568750 0.8916104218321617 238
1783134570040 0.8916684333029506 239
1783134571293 0.8917244302689483 240
1783134572532 0.8917856273605471 241
1783134573773 0.8918457034757429 242
1783134575030 0.891896437504029 243
1783134576268 0.8919404642821461 244
