1783134558580 3.0798878610134124 230
1783134559867 3.0798879007498425 231
1783134561153 3.0798877616723384 232
1783134562411 3.0798878709475197 233
1783134563654 3.0798878212769822 234
1783134565001 3.079887880881627 235
1783134566258 3.0798878312110904 236
1783134567500 3.0798878113428754 237
1783134568750 3.0798878212769827 238
1783134570040 3.0798878411451973 239
1783134571293 3.0798878014087676 240
1783134572532 3.0798877914746603 241
1783134573773 3.0798878361781434 242
1783134575030 3.07988779147466 243
1783134576268 3.0798878113428754 244
