1783134558580 0.7203012406826019 230
1783134559867 0.7203012555837631 231
1783134561153 0.7203012903531393 232
1783134562411 0.7203012605508169 233
1783134563654 0.7203012605508169 234
1783134565001 0.7203012555837631 235
1783134566258 0.7203012605508169 236
1783134567500 0.7203013052543005 237
1783134568750 0.7203012456496557 238
1783134570040 0.7203012555837631 239
1783134571293 0.7203012853860855 240
1783134572532 0.7203012655178705 241
1783134573773 0.7203012605508169 242
1783134575030 0.7203012555837631 243
1783134576268 0.7203012555837631 244
