1783134558580 0.3179467171430588 230
1783134559867 0.31794671217600506 231
1783134561153 0.3179467245936394 232
1783134562411 0.3179467171430588 233
1783134563654 0.3179467245936394 234
1783134565001 0.31794670472542447 235
1783134566258 0.3179467146595319 236
1783134567500 0.3179467245936394 237
1783134568750 0.3179467171430588 238
1783134570040 0.31794670472542447 239
1783134571293 0.3179466960330804 240
1783134572532 0.3179467221101125 241
1783134573773 0.3179467171430588 242
1783134575030 0.31794671217600506 243
1783134576268 0.31794671217600506 244
