1783134558580 0.27969875931739807 230
1783134559867 0.2796987444162369 231
1783134561153 0.2796987096468608 232
1783134562411 0.27969873944918316 233
1783134563654 0.27969873944918316 234
1783134565001 0.2796987444162369 235
1783134566258 0.27969873944918316 236
1783134567500 0.2796986947456996 237
1783134568750 0.27969875435034436 238
1783134570040 0.2796987444162369 239
1783134571293 0.2796987146139145 240
1783134572532 0.2796987344821294 241
1783134573773 0.27969873944918316 242
1783134575030 0.2796987444162369 243
1783134576268 0.2796987444162369 244
