1783134558580 0.34161020815372467 230
1783134559867 0.341610183318456 231
1783134561153 0.3416101783514023 232
1783134562411 0.34161023298899335 233
1783134563654 0.341610183318456 234
1783134565001 0.3416101982196172 235
1783134566258 0.34161017338434857 236
1783134567500 0.3416101932525635 237
1783134568750 0.3416101982196172 238
1783134570040 0.3416101982196172 239
1783134571293 0.3416101684172948 240
1783134572532 0.3416101932525635 241
1783134573773 0.34161020318667096 242
1783134575030 0.3416101783514023 243
1783134576268 0.341610183318456 244
