1783134558580 4.039569179217021 230
1783134559867 4.069502651691437 231
1783134561153 4.100583612918854 232
1783134562411 4.132860521475474 233
1783134563654 4.124543170134227 234
1783134565001 4.122662901878357 235
1783134566258 4.1214761932690935 236
1783134567500 4.120400607585907 237
1783134568750 4.118995527426402 238
1783134570040 4.117282013098399 239
1783134571293 4.115602374076843 240
1783134572532 4.126016656557719 241
1783134573773 4.126602152983348 242
1783134575030 4.124837537606557 243
1783134576268 4.121551096439362 244
