1783134558580 3.9389403986150757 230
1783134559867 3.938940437502804 231
1783134561153 3.9389403984420706 232
1783134562411 3.938940359970104 233
1783134563654 3.9389404377874584 234
1783134565001 3.938940280790154 235
1783134566258 3.9389403601889117 236
1783134567500 3.9389404765183436 237
1783134568750 3.938940320609173 238
1783134570040 3.938940397034323 239
1783134571293 3.938940282515493 240
1783134572532 3.938940476858629 241
1783134573773 3.9389403587539404 242
1783134575030 3.938940398873346 243
1783134576268 3.9389403592573995 244
