1783151616992 106.98671246349953 356
1783151619440 108.46406143132478 357
1783151621907 109.6341314627663 358
1783151624427 110.42554467293371 359
1783151626921 110.75047660461821 360
1783151629411 110.8081305529914 361
1783151631851 110.42367210865164 362
1783151634283 109.66397134426911 363
1783151636898 108.64003332736323 364
1783151639540 107.45325825910325 365
1783151642039 106.10317681302354 366
1783151644541 104.70546806938312 367
1783151647073 103.27737814553849 368
1783151649508 101.78858409073995 369
1783151652132 100.14591482022115 370
