1783151616992 0.6824391121449678 356
1783151619440 0.6824390888214111 357
1783151621907 0.6824391043704489 358
1783151624427 0.6824390991874363 359
1783151626921 0.6824391121449678 360
1783151629411 0.6824391095534615 361
1783151631851 0.6824391095534615 362
1783151634283 0.6824391147364741 363
1783151636898 0.68243909659593 364
1783151639540 0.6824391199194867 365
1783151642039 0.6824391121449678 366
1783151644541 0.6824391043704489 367
1783151647073 0.6824391017789426 368
1783151649508 0.6824390991874363 369
1783151652132 0.6824391017789426 370
