1783151616992 0.20351088111815246 356
1783151619440 0.20351088889267133 357
1783151621907 0.20351088370965875 358
1783151624427 0.2035108824139056 359
1783151626921 0.20351088306178217 360
1783151629411 0.2035108850054119 361
1783151631851 0.20351088759691818 362
1783151634283 0.20351088694904163 363
1783151636898 0.20351088630116504 364
1783151639540 0.20351088630116504 365
1783151642039 0.20351088694904163 366
1783151644541 0.20351088111815246 367
1783151647073 0.20351088630116504 368
1783151649508 0.20351088370965875 369
1783151652132 0.20351088306178217 370
