1783151616992 0.6355806752521381 356
1783151619440 0.6355806642175915 357
1783151621907 0.6355806770172654 358
1783151624427 0.6355806712621649 359
1783151626921 0.6355806769274128 360
1783151629411 0.6355806850929688 361
1783151631851 0.6355806793109485 362
1783151634283 0.6355806627493171 363
1783151636898 0.6355806828451069 364
1783151639540 0.6355806678769541 365
1783151642039 0.6355806589252697 366
1783151644541 0.6355806742328913 367
1783151647073 0.6355806701054416 368
1783151649508 0.6355806708144952 369
1783151652132 0.6355806678359922 370
