1783151616992 0.08615853443093922 356
1783151619440 0.08615853605063065 357
1783151621907 0.08615853540275407 358
1783151624427 0.08615853605063065 359
1783151626921 0.0861585347548775 360
1783151629411 0.0861585347548775 361
1783151631851 0.08615853410700093 362
1783151634283 0.08615853540275407 363
1783151636898 0.0861585347548775 364
1783151639540 0.0861585350788158 365
1783151642039 0.0861585350788158 366
1783151644541 0.08615853410700093 367
1783151647073 0.0861585347548775 368
1783151649508 0.08615853572669237 369
1783151652132 0.08615853443093922 370
