1783151616992 3.8184419089404344 356
1783151619440 3.818441928487998 357
1783151621907 3.8184418491870757 358
1783151624427 3.818441869110593 359
1783151626921 3.818441888976144 360
1783151629411 3.8184419089464514 361
1783151631851 3.818441908758258 362
1783151634283 3.818441987918105 363
1783151636898 3.8184419284697366 364
1783151639540 3.8184418298483522 365
1783151642039 3.818441908732592 366
1783151644541 3.818441869411946 367
1783151647073 3.8184419679363377 368
1783151649508 3.8184419679660015 369
1783151652132 3.8184418683032932 370
