1783151616992 11.357556434810197 356
1783151619440 10.959511235793785 357
1783151621907 10.483842413865771 358
1783151624427 9.956168905578169 359
1783151626921 9.408651570068399 360
1783151629411 8.863322086368681 361
1783151631851 8.330020640109247 362
1783151634283 7.817356235495614 363
1783151636898 7.330551041179108 364
1783151639540 6.871493621440402 365
1783151642039 6.443665591969518 366
1783151644541 6.052073238458136 367
1783151647073 5.689930467665398 368
1783151649508 5.356245609605429 369
1783151652132 5.051904444839719 370
