1783151616992 3.9152228832244873 356
1783151619440 3.8927807496941607 357
1783151621907 3.8710082095602285 358
1783151624427 3.849852924761565 359
1783151626921 3.829397388126539 360
1783151629411 3.809702614079351 361
1783151631851 3.7904881498088008 362
1783151634283 3.7718914591747783 363
1783151636898 3.753972157188084 364
1783151639540 3.736743346504543 365
1783151642039 3.720153622005297 366
1783151644541 3.704136257586272 367
1783151647073 3.6888209322224492 368
1783151649508 3.6740748467652695 369
1783151652132 3.659881768019303 370
