1783151616992 0.9252649209575835 356
1783151619440 0.9252649359845283 357
1783151621907 0.9252649112974047 358
1783151624427 0.9252649145174644 359
1783151626921 0.9252649209575835 360
1783151629411 0.9252649306177624 361
1783151631851 0.9252649155908176 362
1783151634283 0.9252649381312347 363
1783151636898 0.9252649155908176 364
1783151639540 0.9252649338378219 365
1783151642039 0.9252649488647667 366
1783151644541 0.9252649241776432 367
1783151647073 0.9252649273977027 368
1783151649508 0.9252649381312347 369
1783151652132 0.9252649499381199 370
