1783151616992 0.34601777875027345 356
1783151619440 0.34601777312839915 357
1783151621907 0.34601778105013115 358
1783151624427 0.34601777696149527 359
1783151626921 0.3460177741505581 360
1783151629411 0.3460177784947337 361
1783151631851 0.34601777389501837 362
1783151634283 0.34601777185070043 363
1783151636898 0.3460177792613529 364
1783151639540 0.34601777491717733 365
1783151642039 0.34601777491717733 366
1783151644541 0.346017776194876 367
1783151647073 0.34601777696149527 368
1783151649508 0.34601777798365424 369
1783151652132 0.3460177777281145 370
