1783151616992 0.31556311040093676 356
1783151619440 0.31556311201096654 357
1783151621907 0.3155631055708474 358
1783151624427 0.31556310396081755 359
1783151626921 0.31556310235078777 360
1783151629411 0.3155631018141112 361
1783151631851 0.31556310664420056 362
1783151634283 0.3155631018141112 363
1783151636898 0.31556311093761336 364
1783151639540 0.31556310664420056 365
1783151642039 0.31556310771755375 366
1783151644541 0.31556310664420056 367
1783151647073 0.31556310342414096 368
1783151649508 0.31556310718087716 369
1783151652132 0.31556310422915584 370
