1783151616992 0.4770053235485164 356
1783151619440 0.4770053579034697 357
1783151621907 0.47700533366959297 358
1783151624427 0.4770053375653737 359
1783151626921 0.4770053414795796 360
1783151629411 0.4770053420445296 361
1783151631851 0.4770053347496713 362
1783151634283 0.4770053355109054 363
1783151636898 0.4770053174143166 364
1783151639540 0.47700538524400293 365
1783151642039 0.47700534541974837 366
1783151644541 0.4770053281099721 367
1783151647073 0.47700530563939314 368
1783151649508 0.47700533276882356 369
1783151652132 0.47700534336984146 370
