1783151616992 0.03606116399168968 356
1783151619440 0.03606116399168968 357
1783151621907 0.03606116399168968 358
1783151624427 0.03606116399168968 359
1783151626921 0.03606116399168968 360
1783151629411 0.03606116399168968 361
1783151631851 0.03606116399168968 362
1783151634283 0.03606116399168968 363
1783151636898 0.03606116399168968 364
1783151639540 0.03606116399168968 365
1783151642039 0.03606116399168968 366
1783151644541 0.03606116399168968 367
1783151647073 0.03606116399168968 368
1783151649508 0.03606116399168968 369
1783151652132 0.03606116399168968 370
