1783151616992 0.3811429958646726 356
1783151619440 0.38456698223500024 357
1783151621907 0.3877371492485471 358
1783151624427 0.39065613432527374 359
1783151626921 0.3933623397078407 360
1783151629411 0.39590221259899466 361
1783151631851 0.3983029548049108 362
1783151634283 0.4005976948932823 363
1783151636898 0.4028140737564774 364
1783151639540 0.40495988829975366 365
1783151642039 0.40706597775907666 366
1783151644541 0.4091680423086004 367
1783151647073 0.4112606150824284 368
1783151649508 0.41334287604830994 369
1783151652132 0.4154486659180125 370
