1783151616992 3.0783586935963583 356
1783151619440 3.0793858558178746 357
1783151621907 3.0803369655265835 358
1783151624427 3.081212559980856 359
1783151626921 3.08202448897479 360
1783151629411 3.082786494897743 361
1783151631851 3.083506673503911 362
1783151634283 3.084195033334271 363
1783151636898 3.084860084343063 364
1783151639540 3.0855037172712754 365
1783151642039 3.086135590756186 366
1783151644541 3.08676616347393 367
1783151647073 3.0873939042080027 368
1783151649508 3.0880186058213237 369
1783151652132 3.088650417935917 370
