1783151616992 0.26953583178312884 356
1783151619440 0.26953583178312884 357
1783151621907 0.26953584733216657 358
1783151624427 0.26953586028969806 359
1783151626921 0.2695358525151792 360
1783151629411 0.2695358551066855 361
1783151631851 0.2695358551066855 362
1783151634283 0.2695358447406603 363
1783151636898 0.26953584733216657 364
1783151639540 0.2695358525151792 365
1783151642039 0.2695358395576477 366
1783151644541 0.26953586028969806 367
1783151647073 0.2695358551066855 368
1783151649508 0.26953585769819177 369
1783151652132 0.26953586547271063 370
