1783151616992 0.670391928890477 356
1783151619440 0.6703919120456862 357
1783151621907 0.670391928890477 358
1783151624427 0.6703919172286987 359
1783151626921 0.670391910749933 360
1783151629411 0.6703919211159581 361
1783151631851 0.6703919301862302 362
1783151634283 0.6703919133414393 363
1783151636898 0.6703919172286987 364
1783151639540 0.6703919198202051 365
1783151642039 0.670391936664996 366
1783151644541 0.6703919301862302 367
1783151647073 0.6703919120456862 368
1783151649508 0.6703919379607491 369
1783151652132 0.6703919237074645 370
