1783151616992 0.3296080698137698 356
1783151619440 0.32960808795431384 357
1783151621907 0.3296080698137698 358
1783151624427 0.32960808277130127 359
1783151626921 0.32960808795431384 360
1783151629411 0.329608080179795 361
1783151631851 0.3296080698137698 362
1783151634283 0.32960808536280756 363
1783151636898 0.32960808277130127 364
1783151639540 0.3296080775882887 365
1783151642039 0.3296080646307572 366
1783151644541 0.3296080698137698 367
1783151647073 0.32960808795431384 368
1783151649508 0.3296080620392509 369
1783151652132 0.3296080775882887 370
