1783151616992 0.6196984441384025 356
1783151619440 0.6161976301151774 357
1783151621907 0.6129138055055038 358
1783151624427 0.6098885277043218 359
1783151626921 0.6071040293444758 360
1783151629411 0.6045109033584595 361
1783151631851 0.6020729023477306 362
1783151634283 0.5997589930244114 363
1783151636898 0.5975368437559708 364
1783151639540 0.5953884150670923 365
1783151642039 0.5932997750199359 366
1783151644541 0.5912344170653302 367
1783151647073 0.5891712048779363 368
1783151649508 0.5871150986008022 369
1783151652132 0.5850594924843829 370
