1783151616992 0.3803015669564838 356
1783151619440 0.38380236939891527 357
1783151621907 0.38708619983947795 358
1783151624427 0.3901114659788816 359
1783151626921 0.39289597195127735 360
1783151629411 0.39548909647957137 361
1783151631851 0.397927100567714 362
1783151634283 0.40024100859528 363
1783151636898 0.4024631562440292 364
1783151639540 0.4046115914116735 365
1783151642039 0.4067002285433852 366
1783151644541 0.40876558180088585 367
1783151647073 0.41082879010102025 368
1783151649508 0.41288490237101266 369
1783151652132 0.4149405125366605 370
