1783151616992 4.203453727390455 356
1783151619440 4.2139582841292675 357
1783151621907 4.226179330245309 358
1783151624427 4.239895779153575 359
1783151626921 4.217631640641586 360
1783151629411 4.200184106826782 361
1783151631851 4.183725294859513 362
1783151634283 4.1682562309762705 363
1783151636898 4.15378709461378 364
1783151639540 4.14027828755586 365
1783151642039 4.12760153024093 366
1783151644541 4.123576817305191 367
1783151647073 4.113917174546615 368
1783151649508 4.103099512017292 369
1783151652132 4.091998628948046 370
