1783151069790 1.0547074468239495 341
1783151072270 1.0547074286834053 342
1783151074748 1.0547074312749116 343
1783151077149 1.054707459781481 344
1783151079535 1.0547074494154558 345
1783151081977 1.0547074209088865 346
1783151084398 1.054707462372987 347
1783151086872 1.0547074416409368 348
1783151089307 1.0547074442324431 349
1783151091714 1.0547074364579243 350
1783151094146 1.0547074235003928 351
1783151096545 1.0547074312749116 352
1783151099054 1.0547073768532795 353
1783151101680 1.0547074416409368 354
1783151104259 1.054707407951355 355
