1783151069790 1.0205128115156423 341
1783151072270 1.0205128037411233 342
1783151074748 1.0205128296561863 343
1783151077149 1.0205128011496172 344
1783151079535 1.0205127985581108 345
1783151081977 1.020512808924136 346
1783151084398 1.0205128141071484 347
1783151086872 1.0205128115156423 348
1783151089307 1.0205127985581108 349
1783151091714 1.0205128063326296 350
1783151094146 1.020512808924136 351
1783151096545 1.0205128063326296 352
1783151099054 1.0205127907835918 353
1783151101680 1.0205128166986548 354
1783151104259 1.0205128115156423 355
