1783151069790 0.08645641026289566 341
1783151072270 0.08645641058683395 342
1783151074748 0.08645640864320424 343
1783151077149 0.08645640831926595 344
1783151079535 0.08645640993895738 345
1783151081977 0.08645641123471053 346
1783151084398 0.08645641026289566 347
1783151086872 0.0864564118825871 348
1783151089307 0.08645641026289566 349
1783151091714 0.08645640896714252 350
1783151094146 0.08645640896714252 351
1783151096545 0.08645641058683395 352
1783151099054 0.08645641220652539 353
1783151101680 0.08645641155864882 354
1783151104259 0.08645641253046367 355
