1783151069790 0.3143845368986544 341
1783151072270 0.31438454856043274 342
1783151074748 0.31438454337742017 343
1783151077149 0.31438454856043274 344
1783151079535 0.3143845394901607 345
1783151081977 0.31438454856043274 346
1783151084398 0.31438454467317334 347
1783151086872 0.3143845356029013 348
1783151089307 0.31438454467317334 349
1783151091714 0.31438454208166705 350
1783151094146 0.31438454337742017 351
1783151096545 0.31438454337742017 352
1783151099054 0.3143845368986544 353
1783151101680 0.3143845407859139 354
1783151104259 0.31438454337742017 355
