1783151069790 4.459389458531919 341
1783151072270 4.402019759883052 342
1783151074748 4.347986293875652 343
1783151077149 4.297398847082387 344
1783151079535 4.250248908996582 345
1783151081977 4.206503049187038 346
1783151084398 4.166251483170883 347
1783151086872 4.1295149119003955 348
1783151089307 4.095840039460556 349
1783151091714 4.0647083054418145 350
1783151094146 4.0358297721199365 351
1783151096545 4.009101857309756 352
1783151099054 3.98382946719294 353
1783151101680 3.959875303766002 354
1783151104259 3.9373879536338476 355
