1783151069790 0.9742517363986785 341
1783151072270 0.9742517609304937 342
1783151074748 0.9742517307768042 343
1783151077149 0.9742517271992478 344
1783151079535 0.9742517307768042 345
1783151081977 0.9742517415094734 346
1783151084398 0.9742517374208375 347
1783151086872 0.9742517650191296 348
1783151089307 0.9742517399762349 349
1783151091714 0.9742517363986785 350
1783151094146 0.9742517415094734 351
1783151096545 0.97425173486544 352
1783151099054 0.9742517461091887 353
1783151101680 0.9742517312878837 354
1783151104259 0.9742517338432811 355
