1783151069790 0.4770053465523747 341
1783151072270 0.47700531924410533 342
1783151074748 0.4770053504146664 343
1783151077149 0.47700534193148886 344
1783151079535 0.47700533536171635 345
1783151081977 0.4770053381497 346
1783151084398 0.4770053325204667 347
1783151086872 0.4770053381798735 348
1783151089307 0.4770053261263373 349
1783151091714 0.4770053552556267 350
1783151094146 0.4770053569046577 351
1783151096545 0.47700535152705986 352
1783151099054 0.4770053487373581 353
1783151101680 0.4770053282336266 354
1783151104259 0.47700531607401525 355
