1783151069790 0.31853923201560974 341
1783151072270 0.31853917241096497 342
1783151074748 0.31853920221328735 343
1783151077149 0.31853917241096497 344
1783151079535 0.31853917241096497 345
1783151081977 0.31853920221328735 346
1783151084398 0.31853917241096497 347
1783151086872 0.31853917241096497 348
1783151089307 0.31853920221328735 349
1783151091714 0.31853920221328735 350
1783151094146 0.31853917241096497 351
1783151096545 0.31853917241096497 352
1783151099054 0.31853917241096497 353
1783151101680 0.31853917241096497 354
1783151104259 0.31853917241096497 355
