1783151069790 0.253267377614975 341
1783151072270 0.25326740741729736 342
1783151074748 0.253267377614975 343
1783151077149 0.253267377614975 344
1783151079535 0.253267377614975 345
1783151081977 0.253267377614975 346
1783151084398 0.253267377614975 347
1783151086872 0.253267377614975 348
1783151089307 0.253267377614975 349
1783151091714 0.253267377614975 350
1783151094146 0.253267377614975 351
1783151096545 0.253267377614975 352
1783151099054 0.253267377614975 353
1783151101680 0.253267377614975 354
1783151104259 0.253267377614975 355
