1783151069790 0.13892023265361786 341
1783151072270 0.13892027735710144 342
1783151074748 0.13892026245594025 343
1783151077149 0.13892026245594025 344
1783151079535 0.13892026245594025 345
1783151081977 0.13892026245594025 346
1783151084398 0.13892026245594025 347
1783151086872 0.13892026245594025 348
1783151089307 0.13892026245594025 349
1783151091714 0.13892026245594025 350
1783151094146 0.13892027735710144 351
1783151096545 0.13892026245594025 352
1783151099054 0.13892026245594025 353
1783151101680 0.13892027735710144 354
1783151104259 0.13892026245594025 355
