1783151069790 0.03606116399168968 341
1783151072270 0.03606116399168968 342
1783151074748 0.03606116399168968 343
1783151077149 0.03606116399168968 344
1783151079535 0.03606116399168968 345
1783151081977 0.03606116399168968 346
1783151084398 0.03606116399168968 347
1783151086872 0.03606116399168968 348
1783151089307 0.03606116399168968 349
1783151091714 0.03606116399168968 350
1783151094146 0.03606116399168968 351
1783151096545 0.03606116399168968 352
1783151099054 0.03606116399168968 353
1783151101680 0.03606116399168968 354
1783151104259 0.03606116399168968 355
