1783151069790 0.43858242812363996 341
1783151072270 0.438582446264184 342
1783151074748 0.4385824358981589 343
1783151077149 0.43858243848966516 344
1783151079535 0.4385824333066526 345
1783151081977 0.4385824397854183 346
1783151084398 0.43858244367267774 347
1783151086872 0.4385824307151463 348
1783151089307 0.43858244367267774 349
1783151091714 0.43858244367267774 350
1783151094146 0.43858243848966516 351
1783151096545 0.43858242682788684 352
1783151099054 0.4385824346024057 353
1783151101680 0.43858243848966516 354
1783151104259 0.43858242812363996 355
