1783151069790 0.7304641587149228 341
1783151072270 0.7304641500146036 342
1783151074748 0.7304641557697266 343
1783151077149 0.7304641517734057 344
1783151079535 0.7304641559792313 345
1783151081977 0.7304641520405867 346
1783151084398 0.730464159193164 347
1783151086872 0.7304641533798639 348
1783151089307 0.7304641520840616 349
1783151091714 0.7304641499664014 350
1783151094146 0.730464157044953 351
1783151096545 0.7304641563639731 352
1783151099054 0.7304641710072977 353
1783151101680 0.730464134336289 354
1783151104259 0.7304641455631073 355
