1783151069790 0.6703919309962759 341
1783151072270 0.6703919250701794 342
1783151074748 0.6703919267383052 343
1783151077149 0.6703919252979458 344
1783151079535 0.6703919378339068 345
1783151081977 0.6703919282835304 346
1783151084398 0.670391930973895 347
1783151086872 0.6703919268041859 348
1783151089307 0.6703919343718167 349
1783151091714 0.6703919258203505 350
1783151094146 0.6703919394441781 351
1783151096545 0.6703919324119572 352
1783151099054 0.6703919499398046 353
1783151101680 0.6703919054499943 354
1783151104259 0.6703919179776462 355
