1783151069790 0.9867054457249849 341
1783151072270 0.9867054534995038 342
1783151074748 0.9867054638655289 343
1783151077149 0.9867054249929346 344
1783151079535 0.9867054327674534 345
1783151081977 0.9867054224014282 346
1783151084398 0.9867054794145667 347
1783151086872 0.9867054509079974 348
1783151089307 0.9867054457249849 349
1783151091714 0.9867054457249849 350
1783151094146 0.9867054198099219 351
1783151096545 0.9867054405419723 352
1783151099054 0.9867054457249849 353
1783151101680 0.9867054198099219 354
1783151104259 0.9867054509079974 355
