1783151069790 0.6703919353692428 341
1783151072270 0.6703919159329456 342
1783151074748 0.6703919535097869 343
1783151077149 0.6703919275947239 344
1783151079535 0.6703919262989707 345
1783151081977 0.6703919275947239 346
1783151084398 0.6703919262989707 347
1783151086872 0.6703919250032176 348
1783151089307 0.6703919431437617 349
1783151091714 0.6703919042711672 350
1783151094146 0.6703919353692428 351
1783151096545 0.6703919133414393 352
1783151099054 0.670391928890477 353
1783151101680 0.6703919198202051 354
1783151104259 0.6703919237074645 355
