1783151069790 0.923171587612318 341
1783151072270 0.9207377096881038 342
1783151074748 0.918354912944462 343
1783151077149 0.9160289012867472 344
1783151079535 0.9137626497641854 345
1783151081977 0.9115570343059042 346
1783151084398 0.9094228589016459 347
1783151086872 0.9073473085527834 348
1783151089307 0.9053030765574911 349
1783151091714 0.9033054398453754 350
1783151094146 0.9013630592304728 351
1783151096545 0.8994755589443705 352
1783151099054 0.8976523798444996 353
1783151101680 0.8958942579186481 354
1783151104259 0.8941972514857417 355
