1783151069790 0.7304641526678334 341
1783151072270 0.7304641423018082 342
1783151074748 0.7304641500763271 343
1783151077149 0.7304641448933146 344
1783151079535 0.7304641423018082 345
1783151081977 0.7304641397103019 346
1783151084398 0.7304641345272893 347
1783151086872 0.7304641708083774 348
1783151089307 0.7304641448933146 349
1783151091714 0.730464157850846 350
1783151094146 0.7304641604423523 351
1783151096545 0.7304641423018082 352
1783151099054 0.7304641423018082 353
1783151101680 0.7304641397103019 354
1783151104259 0.7304641500763271 355
