1783151069790 0.6810984300530475 341
1783151072270 0.6762306767961254 342
1783151074748 0.6714651662370433 343
1783151077149 0.6668130029802737 344
1783151079535 0.6622805258502131 345
1783151081977 0.6578692638355753 346
1783151084398 0.6536010400108669 347
1783151086872 0.6494498952575352 348
1783151089307 0.6453614209009253 349
1783151091714 0.6413660775060239 350
1783151094146 0.6374813136847123 351
1783151096545 0.6337063364360643 352
1783151099054 0.6300600093343983 353
1783151101680 0.6265437162440756 354
1783151104259 0.6231497577998949 355
