1783151069790 0.013294554275015125 341
1783151072270 0.013294546500496243 342
1783151074748 0.013294536134471064 343
1783151077149 0.013294575007065483 344
1783151079535 0.013294567232546598 345
1783151081977 0.013294577598571777 346
1783151084398 0.013294520585433296 347
1783151086872 0.013294549092002537 348
1783151089307 0.013294554275015125 349
1783151091714 0.013294554275015125 350
1783151094146 0.013294580190078072 351
1783151096545 0.013294559458027716 352
1783151099054 0.013294554275015125 353
1783151101680 0.013294580190078072 354
1783151104259 0.013294549092002537 355
