1783151069790 0.1325758993625641 341
1783151072270 0.1325758993625641 342
1783151074748 0.1325758993625641 343
1783151077149 0.1325758993625641 344
1783151079535 0.1325758993625641 345
1783151081977 0.1325758993625641 346
1783151084398 0.1325758993625641 347
1783151086872 0.1325758993625641 348
1783151089307 0.1325758844614029 349
1783151091714 0.1325758993625641 350
1783151094146 0.13257592916488647 351
1783151096545 0.1325758993625641 352
1783151099054 0.1325758993625641 353
1783151101680 0.13257592916488647 354
1783151104259 0.1325758993625641 355
