1783151069790 3.7542467243981172 341
1783151072270 3.7542467243981172 342
1783151074748 3.7542467243981172 343
1783151077149 3.7542467243981172 344
1783151079535 3.7542467243981172 345
1783151081977 3.7542467243981172 346
1783151084398 3.7542467243981172 347
1783151086872 3.7542467243981172 348
1783151089307 3.7542467243981172 349
1783151091714 3.7542467243981172 350
1783151094146 3.7542467243981172 351
1783151096545 3.7542467243981172 352
1783151099054 3.7542467243981172 353
1783151101680 3.7542467243981172 354
1783151104259 3.7542467243981172 355
