1783134179863 23.99927930978369 210
1783134182895 25.704218949870622 211
1783134185910 27.037229947644697 212
1783134189113 28.011620358210465 213
1783134192138 28.661246736900413 214
1783134195132 29.155923440847268 215
1783134198125 29.564159914369625 216
1783134201105 29.82419433535693 217
1783134204095 30.027629304716367 218
1783134207098 30.196453165288773 219
1783134210127 30.375211690315993 220
1783134213129 30.6133863050366 221
1783134216107 30.881939897303354 222
1783134219106 31.1705745762643 223
1783134222150 31.51982007950684 224
