1783134179863 0.9932047526041666 210
1783134182895 0.9920247395833334 211
1783134185910 0.9905598958333334 212
1783134189113 0.9891357421875 213
1783134192138 0.9868570963541666 214
1783134195132 0.9860432942708334 215
1783134198125 0.9844970703125 216
1783134201105 0.9813232421875 217
1783134204095 0.980712890625 218
1783134207098 0.9750162760416666 219
1783134210127 0.9735514322916666 220
1783134213129 0.973388671875 221
1783134216107 0.9685465494791666 222
1783134219106 0.9684244791666666 223
1783134222150 0.962890625 224
