1783134179863 0.08642467173437278 210
1783134182895 0.08642467173437278 211
1783134185910 0.08642467173437278 212
1783134189113 0.08642467173437278 213
1783134192138 0.08642467173437278 214
1783134195132 0.08642467173437278 215
1783134198125 0.08642467173437278 216
1783134201105 0.08642467173437278 217
1783134204095 0.08642467173437278 218
1783134207098 0.08642467173437278 219
1783134210127 0.08642467173437278 220
1783134213129 0.08642467173437278 221
1783134216107 0.08642467173437278 222
1783134219106 0.08642467173437278 223
1783134222150 0.08642467173437278 224
