1783134179863 0.005789613504006579 210
1783134182895 0.006139120572288308 211
1783134185910 0.0064565566815419076 212
1783134189113 0.0067435048351949115 213
1783134192138 0.007005382716301033 214
1783134195132 0.007252084550550472 215
1783134198125 0.007493770765154663 216
1783134201105 0.007716246910029542 217
1783134204095 0.007932266688759796 218
1783134207098 0.008146681049493029 219
1783134210127 0.008360299385642658 220
1783134213129 0.008580046900866594 221
1783134216107 0.008803248581478096 222
1783134219106 0.00903239499199883 223
1783134222150 0.009269948259962057 224
