1783134179863 1.420706509610419 210
1783134182895 1.4207065348813408 211
1783134185910 1.4207065139035961 212
1783134189113 1.420706495145437 213
1783134192138 1.420706520519684 214
1783134195132 1.4207064942454057 215
1783134198125 1.4207065133342611 216
1783134201105 1.4207065122831566 217
1783134204095 1.4207064895429635 218
1783134207098 1.4207064942416594 219
1783134210127 1.420706511033866 220
1783134213129 1.4207065112301482 221
1783134216107 1.4207065229856404 222
1783134219106 1.4207065127400897 223
1783134222150 1.4207065197582789 224
