1783134179863 3.949442674520928 210
1783134182895 3.9588840596725166 211
1783134185910 3.9675232751512 212
1783134189113 3.9749131084368767 213
1783134192138 3.9807956503832447 214
1783134195132 3.9847639057984554 215
1783134198125 3.986753237534288 216
1783134201105 3.9875745415691095 217
1783134204095 3.9870239301395074 218
1783134207098 3.9853228587647287 219
1783134210127 3.9824684496464045 220
1783134213129 3.978796122549005 221
1783134216107 3.9744353159453305 222
1783134219106 3.969659626117933 223
1783134222150 3.9646113775282856 224
