1783134179863 0.24342139065265656 210
1783134182895 0.24146491289138794 211
1783134185910 0.23944507539272308 212
1783134189113 0.23745007812976837 213
1783134192138 0.21593411266803741 214
1783134195132 0.22018294036388397 215
1783134198125 0.23719094693660736 216
1783134201105 0.2301076054573059 217
1783134204095 0.2359703779220581 218
1783134207098 0.2140059620141983 219
1783134210127 0.23282122611999512 220
1783134213129 0.2333962768316269 221
1783134216107 0.2233601063489914 222
1783134219106 0.2318563610315323 223
1783134222150 0.22133970260620117 224
