1783134179863 0.8709768732935578 210
1783134182895 0.8680588930256373 211
1783134185910 0.8611918398062128 212
1783134189113 0.8547053839780813 213
1783134192138 0.8496196591262276 214
1783134195132 0.8462698122178042 215
1783134198125 0.8444231997877926 216
1783134201105 0.8402394538680106 217
1783134204095 0.838379926346981 218
1783134207098 0.8363292240762439 219
1783134210127 0.8340454916233566 220
1783134213129 0.8305893281733153 221
1783134216107 0.8276152990846866 222
1783134219106 0.8262959267436594 223
1783134222150 0.8248478777268353 224
