1783134179863 0.18809272348880768 210
1783134182895 0.19538359344005585 211
1783134185910 0.20335794985294342 212
1783134189113 0.21182288229465485 213
1783134192138 0.22610479593276978 214
1783134195132 0.21676021814346313 215
1783134198125 0.22084003686904907 216
1783134201105 0.24565459787845612 217
1783134204095 0.23178058862686157 218
1783134207098 0.27419397234916687 219
1783134210127 0.2762928605079651 220
1783134213129 0.25114935636520386 221
1783134216107 0.2832261025905609 222
1783134219106 0.2631470859050751 223
1783134222150 0.29541584849357605 224
