1783134179863 1.107873873277144 210
1783134182895 1.0856404046119728 211
1783134185910 1.0737062995416071 212
1783134189113 1.0661193084716798 213
1783134192138 1.0598755487253968 214
1783134195132 1.0496223735266144 215
1783134198125 1.0435513591174013 216
1783134201105 1.0387929728727858 217
1783134204095 1.0321690496345446 218
1783134207098 1.0295699598361954 219
1783134210127 1.0251765005497195 220
1783134213129 1.0208107261052208 221
1783134216107 1.0183051906706457 222
1783134219106 1.014743827981171 223
1783134222150 1.0134506815955753 224
