1783134179863 0.4875608490848724 210
1783134182895 0.4828652056080774 211
1783134185910 0.46062686214305715 212
1783134189113 0.43946770557287584 213
1783134192138 0.42526358864814406 214
1783134195132 0.41996405056661756 215
1783134198125 0.4164177707753907 216
1783134201105 0.4000281312603675 217
1783134204095 0.3985542026640163 218
1783134207098 0.39363738461705505 219
1783134210127 0.3880085566167211 220
1783134213129 0.3740074601139721 221
1783134216107 0.36088163488372993 222
1783134219106 0.3630225341306758 223
1783134222150 0.36012649238161276 224
