1783134179863 0.1697014421224594 210
1783134182895 0.17490285634994507 211
1783134185910 0.18069243431091309 212
1783134189113 0.18694062530994415 213
1783134192138 0.19358640909194946 214
1783134195132 0.20023563504219055 215
1783134198125 0.20602987706661224 216
1783134201105 0.21263515949249268 217
1783134204095 0.21934513747692108 218
1783134207098 0.22428137063980103 219
1783134210127 0.22286902368068695 220
1783134213129 0.22107717394828796 221
1783134216107 0.2181968241930008 222
1783134219106 0.21552607417106628 223
1783134222150 0.21303953230381012 224
