1783134179863 0.6507144321997961 210
1783134182895 0.6462979714075724 211
1783134185910 0.6415169686079025 212
1783134189113 0.6364627629518509 213
1783134192138 0.629782646894455 214
1783134195132 0.6283267786105474 215
1783134198125 0.6240014632542928 216
1783134201105 0.6152666956186295 217
1783134204095 0.6152367989222208 218
1783134207098 0.6016210416952769 219
1783134210127 0.5990016857782999 220
1783134213129 0.5996434688568115 221
1783134216107 0.5892903705437978 222
1783134219106 0.5905204067627589 223
1783134222150 0.579357365767161 224
