1783134179863 0.6799843765225165 210
1783134182895 0.6808877017774061 211
1783134185910 0.6738580553233297 212
1783134189113 0.6597462446607887 213
1783134192138 0.6382453801135738 214
1783134195132 0.6136298966295818 215
1783134198125 0.5909871091866811 216
1783134201105 0.559015840570292 217
1783134204095 0.5227527482324291 218
1783134207098 0.48409341128952693 219
1783134210127 0.43677593370693146 220
1783134213129 0.3908644025540972 221
1783134216107 0.3406757400499878 222
1783134219106 0.29055936047162007 223
1783134222150 0.23713330455125817 224
