1783134179863 1.38 210
1783134182895 1.3657142857142857 211
1783134185910 1.3514285714285714 212
1783134189113 1.337142857142857 213
1783134192138 1.3228571428571427 214
1783134195132 1.3085714285714285 215
1783134198125 1.2942857142857143 216
1783134201105 1.2799999999999998 217
1783134204095 1.2657142857142856 218
1783134207098 1.2514285714285713 219
1783134210127 1.237142857142857 220
1783134213129 1.2228571428571429 221
1783134216107 1.2085714285714286 222
1783134219106 1.1942857142857142 223
1783134222150 1.18 224
