1783134179863 0.7021601349115372 210
1783134182895 0.6903496632973353 211
1783134185910 0.6822679042816162 212
1783134189113 0.6764938781658808 213
1783134192138 0.6714973549048106 214
1783134195132 0.6695860077937444 215
1783134198125 0.6669672777255377 216
1783134201105 0.6635535359382629 217
1783134204095 0.6642217636108398 218
1783134207098 0.659627303481102 219
1783134210127 0.6583014329274496 220
1783134213129 0.6575308789809545 221
1783134216107 0.6560438325007757 222
1783134219106 0.6553941518068314 223
1783134222150 0.6543782552083334 224
