1783134179863 0.013068596522013346 210
1783134182895 0.013068591554959616 211
1783134185910 0.013068591554959616 212
1783134189113 0.013068591554959616 213
1783134192138 0.013068591554959616 214
1783134195132 0.013068591554959616 215
1783134198125 0.013068591554959616 216
1783134201105 0.013068591554959616 217
1783134204095 0.013068591554959616 218
1783134207098 0.013068591554959616 219
1783134210127 0.013068591554959616 220
1783134213129 0.013068591554959616 221
1783134216107 0.013068591554959616 222
1783134219106 0.013068591554959616 223
1783134222150 0.013068591554959616 224
