1783134179863 0.20943557222684225 210
1783134182895 0.1858146240313848 211
1783134185910 0.16965109606583914 212
1783134189113 0.15810302396615347 213
1783134192138 0.1481100171804428 214
1783134195132 0.14428729812304178 215
1783134198125 0.1390498379866282 216
1783134201105 0.1322223792473475 217
1783134204095 0.1335588296254476 218
1783134207098 0.12436990936597188 219
1783134210127 0.12171818315982819 220
1783134213129 0.12017704049746196 221
1783134216107 0.11720295250415802 222
1783134219106 0.11590359111626942 223
1783134222150 0.1138718028863271 224
