1783134179863 0.06802942013988893 210
1783134182895 0.06735056545585394 211
1783134185910 0.06685085718830426 212
1783134189113 0.06646107416599989 213
1783134192138 0.06774951983243227 214
1783134195132 0.0692967101931572 215
1783134198125 0.0674073916549484 216
1783134201105 0.06539013454069693 217
1783134204095 0.06709482365598281 218
1783134207098 0.06826465918372075 219
1783134210127 0.06647410554190476 220
1783134213129 0.06644841252515714 221
1783134216107 0.06449512268106143 222
1783134219106 0.06615911517292261 223
1783134222150 0.06421318308760722 224
