1783134179863 0.0978687262783448 210
1783134182895 0.0978687262783448 211
1783134185910 0.09786872441569965 212
1783134189113 0.0978687262783448 213
1783134192138 0.09786872379481792 214
1783134195132 0.09786872441569965 215
1783134198125 0.09786872379481792 216
1783134201105 0.0978687268992265 217
1783134204095 0.09786872503658135 218
1783134207098 0.09786872503658135 219
1783134210127 0.09786872441569965 220
1783134213129 0.09786872441569965 221
1783134216107 0.09786872503658135 222
1783134219106 0.09786872503658135 223
1783134222150 0.09786872379481792 224
