1783113576416 0.13235929794609547 89
1783113580832 0.10115585351983707 90
1783113585556 0.1008826233446598 91
1783113589930 0.0890454842398564 92
1783113594316 0.07865406076113383 93
1783113598672 0.07302595302462578 94
1783113603034 0.06719340663403273 95
1783113607392 0.062007974522809185 96
1783113611749 0.058421939611434937 97
1783113616089 0.04895535949617624 98
1783113620495 0.04636490189780792 99
1783113624874 0.0432142848148942 100
1783113629310 0.04403926401088635 101
1783113633727 0.04105142783373594 102
1783113638290 0.03922010616709789 103
1783113642786 0.033424473678072296 104
1783113647366 0.02927866904065013 105
1783113651869 0.028318961306164663 106
1783113656437 0.02834282846500476 107
1783113660963 0.030602371785789728 108
1783113665449 0.03024253047381838 109
1783113669943 0.029823727905750275 110
1783113674447 0.026139837844918173 111
1783113679072 0.02259041105086605 112
1783113683616 0.024067257530987263 113
1783113688019 0.025869880182047684 114
1783113692517 0.02652164874598384 115
1783113697072 0.027038864170511562 116
1783113701662 0.027019368174175423 117
1783113706060 0.025208723731338978 118
