1783113576416 0.054973773347834744 89
1783113580832 0.05824408556024233 90
1783113585556 0.07413264239827792 91
1783113589930 0.08772923611104488 92
1783113594316 0.10335074923932552 93
1783113598672 0.12333101717134316 94
1783113603034 0.14316261683901152 95
1783113607392 0.15449955686926842 96
1783113611749 0.16071631014347076 97
1783113616089 0.15451894079645476 98
1783113620495 0.1554552266995112 99
1783113624874 0.15719944735368094 100
1783113629310 0.16581246505180994 101
1783113633727 0.16791395346323648 102
1783113638290 0.17134130373597145 103
1783113642786 0.1635335125029087 104
1783113647366 0.15671093141039213 105
1783113651869 0.1569840299586455 106
1783113656437 0.16248868654171625 107
1783113660963 0.17006750404834747 108
1783113665449 0.1699922668437163 109
1783113669943 0.18309202790260315 110
1783113674447 0.1729996850093206 111
1783113679072 0.15890944376587868 112
1783113683616 0.16736016174157461 113
1783113688019 0.17495146642128626 114
1783113692517 0.17835445577899614 115
1783113697072 0.17465715607007345 116
1783113701662 0.18511266509691873 117
1783113706060 0.18242961540818214 118
