1783113576416 0.23381702726085982 89
1783113580832 0.26699255406856537 90
1783113585556 0.24738087008396784 91
1783113589930 0.2530374601483345 92
1783113594316 0.2699794148405393 93
1783113598672 0.2904203111926715 94
1783113603034 0.3170947382847468 95
1783113607392 0.30165865272283554 96
1783113611749 0.3178759713967641 97
1783113616089 0.35335956513881683 98
1783113620495 0.3530475894610087 99
1783113624874 0.34915883590777713 100
1783113629310 0.33719807118177414 101
1783113633727 0.323134683072567 102
1783113638290 0.3240668425957362 103
1783113642786 0.3680112411578496 104
1783113647366 0.3992176006237666 105
1783113651869 0.3892354021469752 106
1783113656437 0.37433277318874997 107
1783113660963 0.3538358410199483 108
1783113665449 0.34111274778842926 109
1783113669943 0.3381354386607806 110
1783113674447 0.3781544690330823 111
1783113679072 0.45025012890497845 112
1783113683616 0.42162415633598965 113
1783113688019 0.3717924505472183 114
1783113692517 0.34460486223300296 115
1783113697072 0.34060506522655487 116
1783113701662 0.35880594203869504 117
1783113706060 0.38256235669056576 118
