1783113576416 0.004787440795303843 89
1783113580832 0.004711561778682975 90
1783113585556 0.004427562007441135 91
1783113589930 0.004318091988502832 92
1783113594316 0.004244104269658651 93
1783113598672 0.00413697925539529 94
1783113603034 0.004019359055122021 95
1783113607392 0.00376188808162578 96
1783113611749 0.0035775404363991244 97
1783113616089 0.0034575922576735602 98
1783113620495 0.0033563489208477165 99
1783113624874 0.0032658813939018174 100
1783113629310 0.0031868942303118087 101
1783113633727 0.0030447399959079753 102
1783113638290 0.0029501611048110793 103
1783113642786 0.0029188853385741496 104
1783113647366 0.0028919289713422985 105
1783113651869 0.0028742139960911592 106
1783113656437 0.0028233571732209886 107
1783113660963 0.0027305694931912612 108
1783113665449 0.002581227105416841 109
1783113669943 0.0026272280259363907 110
1783113674447 0.0025997101657990406 111
1783113679072 0.002666788334543273 112
1783113683616 0.0026676402334173074 113
1783113688019 0.002564339310968168 114
1783113692517 0.002511422328761973 115
1783113697072 0.0024455269958908676 116
1783113701662 0.0024721067292365305 117
1783113706060 0.0024573805037867986 118
