1783113576416 0.04529113074143728 89
1783113580832 0.056215352999667324 90
1783113585556 0.0649811898668607 91
1783113589930 0.07817127928137779 92
1783113594316 0.0935461837798357 93
1783113598672 0.10989001455406348 94
1783113603034 0.12806111760437489 95
1783113607392 0.14197508804500103 96
1783113611749 0.148140424862504 97
1783113616089 0.149530790746212 98
1783113620495 0.15131359795729318 99
1783113624874 0.1515073018769423 100
1783113629310 0.15402540067831674 101
1783113633727 0.15701492999990782 102
1783113638290 0.15765898923079172 103
1783113642786 0.1548309549689293 104
1783113647366 0.1590054618815581 105
1783113651869 0.15627079953749975 106
1783113656437 0.15618530909220377 107
1783113660963 0.1570979692041874 108
1783113665449 0.159885556747516 109
1783113669943 0.159505075464646 110
1783113674447 0.16333935409784317 111
1783113679072 0.16426614423592886 112
1783113683616 0.1614061233898004 113
1783113688019 0.16464731842279434 114
1783113692517 0.1653977334499359 115
1783113697072 0.16597776859998703 116
1783113701662 0.16201276828845343 117
1783113706060 0.1700306460261345 118
