1783113576416 0.05324308991979973 89
1783113580832 0.056578752591873484 90
1783113585556 0.06779746544284344 91
1783113589930 0.07394371612497654 92
1783113594316 0.07756988578642827 93
1783113598672 0.0819533845227513 94
1783113603034 0.08638842746254731 95
1783113607392 0.08858418561276084 96
1783113611749 0.09276687970322635 97
1783113616089 0.09510641994615254 98
1783113620495 0.09851399458430161 99
1783113624874 0.10077021199253605 100
1783113629310 0.10254104793414115 101
1783113633727 0.10309175102253942 102
1783113638290 0.10476460775499884 103
1783113642786 0.10775611207262453 104
1783113647366 0.11267528075015404 105
1783113651869 0.11379349395228684 106
1783113656437 0.11797858131934279 107
1783113660963 0.11858519393122642 108
1783113665449 0.1169458542732343 109
1783113669943 0.12758147208764697 110
1783113674447 0.12807304831015306 111
1783113679072 0.1287750868223347 112
1783113683616 0.1340772089455439 113
1783113688019 0.13603702592453643 114
1783113692517 0.1357598212701823 115
1783113697072 0.13393015437635802 116
1783113701662 0.1402480493163098 117
1783113706060 0.14198691011549894 118
