1783113576416 0.2014051874478658 89
1783113580832 0.1714548865954081 90
1783113585556 0.13230913877487183 91
1783113589930 0.11063870787620544 92
1783113594316 0.09607292215029399 93
1783113598672 0.09026241302490234 94
1783113603034 0.08950581153233846 95
1783113607392 0.08860259254773457 96
1783113611749 0.08847275376319885 97
1783113616089 0.10028361280759175 98
1783113620495 0.08586384852727254 99
1783113624874 0.0714696596066157 100
1783113629310 0.06552525858084361 101
1783113633727 0.06564697126547496 102
1783113638290 0.07120710114638011 103
1783113642786 0.09589628378550212 104
1783113647366 0.07068260510762532 105
1783113651869 0.06812143822511037 106
1783113656437 0.05864705145359039 107
1783113660963 0.04660832385222117 108
1783113665449 0.04584688941637675 109
1783113669943 0.06097170213858286 110
1783113674447 0.08126320938269298 111
1783113679072 0.07285141944885254 112
1783113683616 0.05760465065638224 113
1783113688019 0.05420555671056112 114
1783113692517 0.05019377668698629 115
1783113697072 0.042037710547447205 116
1783113701662 0.06820984681447347 117
1783113706060 0.05914136270682017 118
