1783113576416 3.9561684315017267 89
1783113580832 3.957398167013539 90
1783113585556 3.9553073554063567 91
1783113589930 3.955672555864021 92
1783113594316 3.9559555034104696 93
1783113598672 3.955756420765383 94
1783113603034 3.9555110587955156 95
1783113607392 3.9536148198668584 96
1783113611749 3.953183924135335 97
1783113616089 3.954872371354655 98
1783113620495 3.955493831596689 99
1783113624874 3.955592796910466 100
1783113629310 3.954639074392826 101
1783113633727 3.9529356743161626 102
1783113638290 3.952009532010855 103
1783113642786 3.9527349707120396 104
1783113647366 3.9547974690174357 105
1783113651869 3.9552556251292796 106
1783113656437 3.9545234658653965 107
1783113660963 3.953167517766829 108
1783113665449 3.950122263644038 109
1783113669943 3.9496864127085876 110
1783113674447 3.9487459694016405 111
1783113679072 3.9526737126650744 112
1783113683616 3.9525937082619644 113
1783113688019 3.950361111526783 114
1783113692517 3.9489049433714283 115
1783113697072 3.9468589687588618 116
1783113701662 3.94758889645114 117
1783113706060 3.9478636857760776 118
