1783113576416 1.5113404004179798 89
1783113580832 1.6012152289809967 90
1783113585556 1.639194466506936 91
1783113589930 1.6884845739179148 92
1783113594316 1.7243248797714188 93
1783113598672 1.7506139337928985 94
1783113603034 1.7738147729977591 95
1783113607392 1.7905841480601918 96
1783113611749 1.8093128847929598 97
1783113616089 1.8311652527552218 98
1783113620495 1.8480143721510724 99
1783113624874 1.858057344876803 100
1783113629310 1.8662814855575562 101
1783113633727 1.8726817022007252 102
1783113638290 1.8805557301169948 103
1783113642786 1.8915251938787214 104
1783113647366 1.9032798652225742 105
1783113651869 1.9083369075299832 106
1783113656437 1.9112383668372628 107
1783113660963 1.9104488006490745 108
1783113665449 1.9086983697456226 109
1783113669943 1.9145916400768634 110
1783113674447 1.9178405368031133 111
1783113679072 1.9263521500654444 112
1783113683616 1.9271498209721334 113
1783113688019 1.924846006694593 114
1783113692517 1.922799582984665 115
1783113697072 1.915941521361634 116
1783113701662 1.9218451275032225 117
1783113706060 1.9257599947013924 118
