1783113576416 0.28705015778541565 89
1783113580832 0.28683292865753174 90
1783113585556 0.2860684394836426 91
1783113589930 0.285576730966568 92
1783113594316 0.2851048409938812 93
1783113598672 0.28412196040153503 94
1783113603034 0.28333064913749695 95
1783113607392 0.2823850214481354 96
1783113611749 0.28215301036834717 97
1783113616089 0.28138861060142517 98
1783113620495 0.28158581256866455 99
1783113624874 0.2810710072517395 100
1783113629310 0.2808845341205597 101
1783113633727 0.28081798553466797 102
1783113638290 0.2812224328517914 103
1783113642786 0.28072667121887207 104
1783113647366 0.2821507155895233 105
1783113651869 0.28061941266059875 106
1783113656437 0.28087568283081055 107
1783113660963 0.2809647023677826 108
1783113665449 0.28134167194366455 109
1783113669943 0.28216275572776794 110
1783113674447 0.2812552750110626 111
1783113679072 0.2834019958972931 112
1783113683616 0.28162118792533875 113
1783113688019 0.2814566195011139 114
1783113692517 0.282224178314209 115
1783113697072 0.2825706899166107 116
1783113701662 0.2822554111480713 117
1783113706060 0.2831708490848541 118
