1783113576416 0.26963800876414407 89
1783113580832 0.3013788298064587 90
1783113585556 0.30210975616697283 91
1783113589930 0.3166117633548288 92
1783113594316 0.34138748527615825 93
1783113598672 0.3781499197479562 94
1783113603034 0.42600574479362924 95
1783113607392 0.4375039490786466 96
1783113611749 0.4601125936566686 97
1783113616089 0.47846563330524045 98
1783113620495 0.4837033755895568 99
1783113624874 0.4815335508493277 100
1783113629310 0.48833709880709647 101
1783113633727 0.48579297088770473 102
1783113638290 0.49809484105361135 103
1783113642786 0.5232816357013647 104
1783113647366 0.5379194359393958 105
1783113651869 0.5322204626406344 106
1783113656437 0.5253259215100708 107
1783113660963 0.5253475928148686 108
1783113665449 0.5188504260882997 109
1783113669943 0.5519944561386779 110
1783113674447 0.5613603676765415 111
1783113679072 0.603782106801419 112
1783113683616 0.5857222080230713 113
1783113688019 0.557087837185776 114
1783113692517 0.5504232860421878 115
1783113697072 0.5400697128240005 116
1783113701662 0.5822206441401564 117
1783113706060 0.5901411409152227 118
