1783113576416 0.24752984941005707 89
1783113580832 0.24886411428451538 90
1783113585556 0.2499925047159195 91
1783113589930 0.2508607804775238 92
1783113594316 0.25152578949928284 93
1783113598672 0.2522461712360382 94
1783113603034 0.25278568267822266 95
1783113607392 0.2534465491771698 96
1783113611749 0.25406643748283386 97
1783113616089 0.2546483874320984 98
1783113620495 0.2550055980682373 99
1783113624874 0.25545966625213623 100
1783113629310 0.2556270658969879 101
1783113633727 0.25570932030677795 102
1783113638290 0.255721777677536 103
1783113642786 0.25598499178886414 104
1783113647366 0.2558465301990509 105
1783113651869 0.2564057409763336 106
1783113656437 0.2564769387245178 107
1783113660963 0.25639286637306213 108
1783113665449 0.25612977147102356 109
1783113669943 0.2559567987918854 110
1783113674447 0.2562064826488495 111
1783113679072 0.2558736503124237 112
1783113683616 0.25645187497138977 113
1783113688019 0.2565167248249054 114
1783113692517 0.25624096393585205 115
1783113697072 0.25604701042175293 116
1783113701662 0.2560073733329773 117
1783113706060 0.2560233771800995 118
