1783113576416 0.3293435819276418 89
1783113580832 0.2930019476907731 90
1783113585556 0.3265289612426247 91
1783113589930 0.3369201848958728 92
1783113594316 0.34127532692825874 93
1783113598672 0.355579262971834 94
1783113603034 0.36146457343202554 95
1783113607392 0.3989626075843646 96
1783113611749 0.4055358388253246 97
1783113616089 0.40633939515692413 98
1783113620495 0.42083937482560835 99
1783113624874 0.44184734817592214 100
1783113629310 0.4554629918833688 101
1783113633727 0.48151313824088926 102
1783113638290 0.49465320200718954 103
1783113642786 0.48791636491991824 104
1783113647366 0.47990950797430165 105
1783113651869 0.5106173044911091 106
1783113656437 0.5271300079475061 107
1783113660963 0.5475138794474185 108
1783113665449 0.5530526109715914 109
1783113669943 0.5708025747940924 110
1783113674447 0.5319358744428698 111
1783113679072 0.5440953225786876 112
1783113683616 0.5542548508004234 113
1783113688019 0.5850809477423262 114
1783113692517 0.5925869543322979 115
1783113697072 0.5806359303553958 116
1783113701662 0.6037309124997584 117
1783113706060 0.5837085369999649 118
