1783113576416 0.19543226063251495 89
1783113580832 0.19368326663970947 90
1783113585556 0.1928606629371643 91
1783113589930 0.19221705198287964 92
1783113594316 0.1918094903230667 93
1783113598672 0.19191016256809235 94
1783113603034 0.19198942184448242 95
1783113607392 0.19202303886413574 96
1783113611749 0.19112853705883026 97
1783113616089 0.191170334815979 98
1783113620495 0.19044427573680878 99
1783113624874 0.190595805644989 100
1783113629310 0.1908143311738968 101
1783113633727 0.19081981480121613 102
1783113638290 0.1902041882276535 103
1783113642786 0.1902880221605301 104
1783113647366 0.18856173753738403 105
1783113651869 0.1897270679473877 106
1783113656437 0.18937502801418304 107
1783113660963 0.1895521879196167 108
1783113665449 0.18958508968353271 109
1783113669943 0.1885901838541031 110
1783113674447 0.18925535678863525 111
1783113679072 0.1866248995065689 112
1783113683616 0.18792714178562164 113
1783113688019 0.18819516897201538 114
1783113692517 0.1877850890159607 115
1783113697072 0.1877526193857193 116
1783113701662 0.18822813034057617 117
1783113706060 0.18686950206756592 118
