1783113576416 0.5687149275337283 89
1783113580832 0.6111235423548833 90
1783113585556 0.6396516312572956 91
1783113589930 0.2615910273935576 92
1783113594316 0.27223332982725984 93
1783113598672 0.36961427770661814 94
1783113603034 0.38849819837749644 95
1783113607392 0.06248024054343822 96
1783113611749 0.24780689980641307 97
1783113616089 0.16675338201603346 98
1783113620495 0.21477614844373571 99
1783113624874 0.22226078094953788 100
1783113629310 0.2981201740775468 101
1783113633727 0.2951147222429657 102
1783113638290 0.4628006190703076 103
1783113642786 0.39503752523081803 104
1783113647366 0.2829895106013042 105
1783113651869 0.3069178298505616 106
1783113656437 0.3337228987633208 107
1783113660963 0.539019375402006 108
1783113665449 0.603543262223589 109
1783113669943 0.589098223631643 110
1783113674447 0.5087587045325249 111
1783113679072 0.49066087613754966 112
1783113683616 0.5059921916504329 113
1783113688019 0.5494107282562446 114
1783113692517 0.5029064554689043 115
1783113697072 0.4693559888036609 116
1783113701662 0.49586631836860073 117
1783113706060 0.5259512113987027 118
