1783113576416 3.0 89
1783113580832 3.0 90
1783113585556 2.0 91
1783113589930 3.0 92
1783113594316 3.0 93
1783113598672 3.0 94
1783113603034 3.0 95
1783113607392 2.0 96
1783113611749 2.0 97
1783113616089 3.0 98
1783113620495 3.0 99
1783113624874 3.0 100
1783113629310 3.0 101
1783113633727 2.0 102
1783113638290 2.0 103
1783113642786 3.0 104
1783113647366 3.0 105
1783113651869 3.0 106
1783113656437 3.0 107
1783113660963 3.0 108
1783113665449 3.0 109
1783113669943 2.0 110
1783113674447 2.0 111
1783113679072 3.0 112
1783113683616 3.0 113
1783113688019 3.0 114
1783113692517 2.0 115
1783113697072 2.0 116
1783113701662 2.0 117
1783113706060 3.0 118
