1783113576416 nan 89
1783113580832 nan 90
1783113585556 nan 91
1783113589930 nan 92
1783113594316 nan 93
1783113598672 nan 94
1783113603034 nan 95
1783113607392 nan 96
1783113611749 nan 97
1783113616089 nan 98
1783113620495 nan 99
1783113624874 nan 100
1783113629310 nan 101
1783113633727 nan 102
1783113638290 nan 103
1783113642786 nan 104
1783113647366 nan 105
1783113651869 nan 106
1783113656437 nan 107
1783113660963 nan 108
1783113665449 nan 109
1783113669943 nan 110
1783113674447 nan 111
1783113679072 nan 112
1783113683616 nan 113
1783113688019 nan 114
1783113692517 nan 115
1783113697072 nan 116
1783113701662 nan 117
1783113706060 nan 118
