1783113576416 0.6162169227997462 89
1783113580832 0.6121823936700821 90
1783113585556 0.6153287092844645 91
1783113589930 0.6168927103281021 92
1783113594316 0.6178026696046194 93
1783113598672 0.6188054531812668 94
1783113603034 0.6190998603900274 95
1783113607392 0.62101877729098 96
1783113611749 0.6241790950298309 97
1783113616089 0.6254038016001383 98
1783113620495 0.6269972076018652 99
1783113624874 0.6279290020465851 100
1783113629310 0.6284967660903931 101
1783113633727 0.6291100879510244 102
1783113638290 0.6301838904619217 103
1783113642786 0.6320675363143285 104
1783113647366 0.6323912342389425 105
1783113651869 0.6335699260234833 106
1783113656437 0.6337942431370417 107
1783113660963 0.6327660232782364 108
1783113665449 0.6311026513576508 109
1783113669943 0.6306306819121043 110
1783113674447 0.6307739863793055 111
1783113679072 0.6306426972150803 112
1783113683616 0.6309941659371058 113
1783113688019 0.6291255503892899 114
1783113692517 0.6275482128063837 115
1783113697072 0.6263099710146586 116
1783113701662 0.6250865608453751 117
1783113706060 0.6257119625806808 118
