1783113576416 0.9615696970957556 89
1783113580832 0.9608026438267699 90
1783113585556 0.9456135442091634 91
1783113589930 0.9507508746610284 92
1783113594316 0.961104980068122 93
1783113598672 0.9622330614313038 94
1783113603034 0.956151057529166 95
1783113607392 0.9286006154064902 96
1783113611749 0.936604678211713 97
1783113616089 0.9589598506275352 98
1783113620495 0.9607749895754104 99
1783113624874 0.9688025024477147 100
1783113629310 0.9595662093584658 101
1783113633727 0.9475177120899138 102
1783113638290 0.9387330322121902 103
1783113642786 0.9560042256615519 104
1783113647366 0.9711384956740249 105
1783113651869 0.9748106843892789 106
1783113656437 0.9726795587978234 107
1783113660963 0.9642866320443789 108
1783113665449 0.957827501561818 109
1783113669943 0.9197117746159208 110
1783113674447 0.9404966804581646 111
1783113679072 0.9696608365590914 112
1783113683616 0.9736707395519054 113
1783113688019 0.9669069387118112 114
1783113692517 0.9435305356703072 115
1783113697072 0.9401277634650579 116
1783113701662 0.9328478250714874 117
1783113706060 0.954823580498501 118
