1783113576416 0.6184660321995484 89
1783113580832 0.59148675401746 90
1783113585556 0.6610164651599152 91
1783113589930 0.6605496170471653 92
1783113594316 0.640364132112206 93
1783113598672 0.6478321072452088 94
1783113603034 0.6696398888916647 95
1783113607392 0.7058071125761591 96
1783113611749 0.7053489771469996 97
1783113616089 0.6782590344800258 98
1783113620495 0.7017511270698961 99
1783113624874 0.6962777103554344 100
1783113629310 0.7241765191616762 101
1783113633727 0.7310371958381446 102
1783113638290 0.7463587180071068 103
1783113642786 0.7260978834082551 104
1783113647366 0.7047746939566667 105
1783113651869 0.720516992206778 106
1783113656437 0.7260360893761928 107
1783113660963 0.7452397525601254 108
1783113665449 0.7214487870005345 109
1783113669943 0.7926230944476732 110
1783113674447 0.732008618888668 111
1783113679072 0.733579116685196 112
1783113683616 0.7399114240631208 113
1783113688019 0.7501203260718124 114
1783113692517 0.7718815546029183 115
1783113697072 0.7379654744254243 116
1783113701662 0.7919780829062861 117
1783113706060 0.7607049652380833 118
