1783113576416 0.49088246494953597 89
1783113580832 0.43724081503540474 90
1783113585556 0.48032325946336546 91
1783113589930 0.4958846735228397 92
1783113594316 0.5067415855058787 93
1783113598672 0.5345847472654328 94
1783113603034 0.5506172522780339 95
1783113607392 0.5635902620410425 96
1783113611749 0.5701335434526161 97
1783113616089 0.5462973235422082 98
1783113620495 0.5790977020270448 99
1783113624874 0.6074039528524485 100
1783113629310 0.6382282993425527 101
1783113633727 0.6320314608562506 102
1783113638290 0.6289752817660496 103
1783113642786 0.5925584067476416 104
1783113647366 0.6019954299578171 105
1783113651869 0.6346080628666969 106
1783113656437 0.6439476173551513 107
1783113660963 0.6695778790838737 108
1783113665449 0.6305015734885536 109
1783113669943 0.6642571246917408 110
1783113674447 0.5727398225770735 111
1783113679072 0.622575926864273 112
1783113683616 0.6554573171897308 113
1783113688019 0.674960699825362 114
1783113692517 0.668348719741256 115
1783113697072 0.6126399393146873 116
1783113701662 0.6660984524227306 117
1783113706060 0.6506007762016549 118
