1783113576416 0.1673370823264122 89
1783113580832 0.1553372504810492 90
1783113585556 0.16487619653344154 91
1783113589930 0.1649522619942824 92
1783113594316 0.16183417290449142 93
1783113598672 0.16252945239345232 94
1783113603034 0.16220629339416823 95
1783113607392 0.159866647173961 96
1783113611749 0.16302257031202316 97
1783113616089 0.15652798737088838 98
1783113620495 0.1611959512035052 99
1783113624874 0.15839534997940063 100
1783113629310 0.16648575166861215 101
1783113633727 0.16311797251303992 102
1783113638290 0.16526146481434503 103
1783113642786 0.15920757874846458 104
1783113647366 0.15703017512957254 105
1783113651869 0.15727795660495758 106
1783113656437 0.16074389343460402 107
1783113660963 0.16690313691894212 108
1783113665449 0.16382463400562605 109
1783113669943 0.16855938111742338 110
1783113674447 0.1618997094531854 111
1783113679072 0.15614471274117628 112
1783113683616 0.1637893778582414 113
1783113688019 0.16684981559713682 114
1783113692517 0.1662800001601378 115
1783113697072 0.1604699343442917 116
1783113701662 0.1667556787530581 117
1783113706060 0.1657047557334105 118
