1783113576416 0.5454098209738731 89
1783113580832 0.602597584327062 90
1783113585556 0.586874524752299 91
1783113589930 0.614243191977342 92
1783113594316 0.6346687152981758 93
1783113598672 0.6266335646311442 94
1783113603034 0.6357649465401968 95
1783113607392 0.64810378352801 96
1783113611749 0.6449624275167783 97
1783113616089 0.6416647533575693 98
1783113620495 0.6656221027175585 99
1783113624874 0.6757513508200645 100
1783113629310 0.6895703126986822 101
1783113633727 0.6937298327684402 102
1783113638290 0.6855958650509516 103
1783113642786 0.6816681449611982 104
1783113647366 0.6919027119874954 105
1783113651869 0.7068496743837992 106
1783113656437 0.7119156668583552 107
1783113660963 0.7118323395649592 108
1783113665449 0.7149894783894221 109
1783113669943 0.7055144309997559 110
1783113674447 0.7134193430344263 111
1783113679072 0.7029321218530337 112
1783113683616 0.7288162757953008 113
1783113688019 0.725031798084577 114
1783113692517 0.7305867423613867 115
1783113697072 0.724126935005188 116
1783113701662 0.725884810090065 117
1783113706060 0.7344440370798111 118
