1783113576416 0.45459017157554626 89
1783113580832 0.39740241567293805 90
1783113585556 0.413125475247701 91
1783113589930 0.3857568105061849 92
1783113594316 0.3653312822182973 93
1783113598672 0.3733664353688558 94
1783113603034 0.3642350534598033 95
1783113607392 0.35189621647198993 96
1783113611749 0.35503757496674854 97
1783113616089 0.3583352466424306 98
1783113620495 0.3343778947989146 99
1783113624874 0.32424865166346234 100
1783113629310 0.31042968730131787 101
1783113633727 0.30627016723155975 102
1783113638290 0.31440413494904834 103
1783113642786 0.3183318575223287 104
1783113647366 0.3080972880125046 105
1783113651869 0.29315032561620075 106
1783113656437 0.2880843331416448 107
1783113660963 0.2881676604350408 108
1783113665449 0.2850105216105779 109
1783113669943 0.29448556900024414 110
1783113674447 0.2865806569655736 111
1783113679072 0.29706787566343945 112
1783113683616 0.2711837242046992 113
1783113688019 0.2749682019154231 114
1783113692517 0.2694132576386134 115
1783113697072 0.275873064994812 116
1783113701662 0.274115189909935 117
1783113706060 0.2655559629201889 118
