1783113576416 0.2673803120851517 89
1783113580832 0.19623893002669016 90
1783113585556 0.18781455854574838 91
1783113589930 0.17633548378944397 92
1783113594316 0.1687595248222351 93
1783113598672 0.15951789418856302 94
1783113603034 0.15091575682163239 95
1783113607392 0.14415557185808817 96
1783113611749 0.13681710263093314 97
1783113616089 0.13405171036720276 98
1783113620495 0.12658087412516275 99
1783113624874 0.12199677526950836 100
1783113629310 0.1178804337978363 101
1783113633727 0.11608840525150299 102
1783113638290 0.11059340337912242 103
1783113642786 0.11080920696258545 104
1783113647366 0.10550907254219055 105
1783113651869 0.10705952843030293 106
1783113656437 0.10208443303902943 107
1783113660963 0.0989980697631836 108
1783113665449 0.09753694136937459 109
1783113669943 0.09212540586789449 110
1783113674447 0.10020927588144939 111
1783113679072 0.08958070973555247 112
1783113683616 0.0937301367521286 113
1783113688019 0.09282095233599345 114
1783113692517 0.0887824296951294 115
1783113697072 0.08689582844575246 116
1783113701662 0.08653420209884644 117
1783113706060 0.08615890642007192 118
