1783113576416 0.04998219013214111 89
1783113580832 0.04415440062681834 90
1783113585556 0.03727992872397105 91
1783113589930 0.040248836080233254 92
1783113594316 0.041399985551834106 93
1783113598672 0.04014071822166443 94
1783113603034 0.03955688079198202 95
1783113607392 0.041800811886787415 96
1783113611749 0.0389548142751058 97
1783113616089 0.034931764006614685 98
1783113620495 0.031588852405548096 99
1783113624874 0.035801137487093605 100
1783113629310 0.03575584292411804 101
1783113633727 0.036496187249819435 102
1783113638290 0.03256882230440775 103
1783113642786 0.03001644213994344 104
1783113647366 0.030762503544489544 105
1783113651869 0.02781812846660614 106
1783113656437 0.02857576310634613 107
1783113660963 0.030895327528317768 108
1783113665449 0.03820245464642843 109
1783113669943 0.03842360774676005 110
1783113674447 0.03372549017270406 111
1783113679072 0.031401281555493675 112
1783113683616 0.028502970933914185 113
1783113688019 0.027357881267865498 114
1783113692517 0.03162264823913574 115
1783113697072 0.03296947479248047 116
1783113701662 0.03446001807848612 117
1783113706060 0.03296768665313721 118
