1783113576416 0.7326196879148483 89
1783113580832 0.8037610699733099 90
1783113585556 0.8121854414542516 91
1783113589930 0.823664516210556 92
1783113594316 0.8312404751777649 93
1783113598672 0.840482105811437 94
1783113603034 0.8490842431783676 95
1783113607392 0.8558444281419119 96
1783113611749 0.8631828973690668 97
1783113616089 0.8659482896327972 98
1783113620495 0.8734191258748373 99
1783113624874 0.8780032247304916 100
1783113629310 0.8821195662021637 101
1783113633727 0.883911594748497 102
1783113638290 0.8894065966208776 103
1783113642786 0.8891907930374146 104
1783113647366 0.8944909274578094 105
1783113651869 0.892940471569697 106
1783113656437 0.8979155669609705 107
1783113660963 0.9010019302368164 108
1783113665449 0.9024630586306254 109
1783113669943 0.9078745941321055 110
1783113674447 0.8997907241185507 111
1783113679072 0.9104192902644476 112
1783113683616 0.9062698632478714 113
1783113688019 0.9071790476640066 114
1783113692517 0.9112175703048706 115
1783113697072 0.9131041715542475 116
1783113701662 0.9134657979011536 117
1783113706060 0.913841093579928 118
