1783113576416 9.1175856590271 89
1783113580832 9.00317124525706 90
1783113585556 8.89327609539032 91
1783113589930 8.782857775688171 92
1783113594316 8.672759135564169 93
1783113598672 8.561274290084839 94
1783113603034 8.449893514315287 95
1783113607392 8.340403397878012 96
1783113611749 8.234339475631714 97
1783113616089 8.129362066586813 98
1783113620495 8.021380265553793 99
1783113624874 7.914348125457764 100
1783113629310 7.809155702590942 101
1783113633727 7.7075434923172 102
1783113638290 7.610954125722249 103
1783113642786 7.5209124485651655 104
1783113647366 7.432170510292053 105
1783113651869 7.350288987159729 106
1783113656437 7.27591598033905 107
1783113660963 7.209162950515747 108
1783113665449 7.149756193161011 109
1783113669943 7.094567656517029 110
1783113674447 7.043865919113159 111
1783113679072 6.988382697105408 112
1783113683616 6.934641242027283 113
1783113688019 6.880458474159241 114
1783113692517 6.828414758046468 115
1783113697072 6.77843193213145 116
1783113701662 6.730748256047566 117
1783113706060 6.681910912195842 118
