1783113576416 0.16785123944282532 89
1783113580832 0.16670416295528412 90
1783113585556 0.16730739176273346 91
1783113589930 0.16709578037261963 92
1783113594316 0.1675310730934143 93
1783113598672 0.16857095062732697 94
1783113603034 0.16943946480751038 95
1783113607392 0.17044159770011902 96
1783113611749 0.16996391117572784 97
1783113616089 0.16960109770298004 98
1783113620495 0.16950033605098724 99
1783113624874 0.17044991254806519 100
1783113629310 0.1716466099023819 101
1783113633727 0.1719607263803482 102
1783113638290 0.17144903540611267 103
1783113642786 0.17064224183559418 104
1783113647366 0.16951261460781097 105
1783113651869 0.17129459977149963 106
1783113656437 0.17169880867004395 107
1783113660963 0.1724921315908432 108
1783113665449 0.17337650060653687 109
1783113669943 0.17190387845039368 110
1783113674447 0.17107729613780975 111
1783113679072 0.16884547472000122 112
1783113683616 0.17087861895561218 113
1783113688019 0.17138051986694336 114
1783113692517 0.17091156542301178 115
1783113697072 0.17146292328834534 116
1783113701662 0.17118920385837555 117
1783113706060 0.16968277096748352 118
