1783113576416 0.038107020470003285 89
1783113580832 0.03915907380481561 90
1783113585556 0.038202193255225815 91
1783113589930 0.03854158489654461 92
1783113594316 0.03909632284194231 93
1783113598672 0.039120376110076904 94
1783113603034 0.04043013400708636 95
1783113607392 0.04223632160574198 96
1783113611749 0.044623746536672115 97
1783113616089 0.048244762855271496 98
1783113620495 0.05424016683051983 99
1783113624874 0.06188357093681892 100
1783113629310 0.07251564258088668 101
1783113633727 0.08625266142189503 102
1783113638290 0.1023161963870128 103
1783113642786 0.12256466721494992 104
1783113647366 0.1466123511393865 105
1783113651869 0.1751541793346405 106
1783113656437 0.20414374023675919 107
1783113660963 0.22985349719723067 108
1783113665449 0.2479564274350802 109
1783113669943 0.2565968260169029 110
1783113674447 0.2608334794640541 111
1783113679072 0.25657769416769344 112
1783113683616 0.25385021169980365 113
1783113688019 0.24830188478032747 114
1783113692517 0.24190936361749968 115
1783113697072 0.2367472549279531 116
1783113701662 0.2315970721344153 117
1783113706060 0.22785783683260283 118
