1783133164535 4.889082448750781 189
1783133166056 5.379421367978453 190
1783133167727 5.916135570532072 191
1783133169267 6.501878275065921 192
1783133170661 7.139996704482456 193
1783133172026 7.834206359370019 194
1783133173471 8.589141507609185 195
1783133174878 9.409861344979317 196
1783133176615 10.301042886869874 197
1783133178064 11.267641570933963 198
1783133179584 12.31498805272858 199
1783133181144 13.448372647965748 200
1783133182529 14.67269067857225 201
1783133183945 15.99155210856066 202
1783133185331 17.407352475494733 203
1783133186764 18.917397813600868 204
1783133188166 20.47220134549964 205
1783133189617 22.037192405861227 206
1783133190982 23.66930584869388 207
1783133192364 25.306916210078313 208
1783133193801 26.88994512007532 209
1783133195170 28.22029272587618 210
1783133196552 29.319096806309044 211
1783133198256 30.28933150932415 212
1783133199691 31.126061991407443 213
