1783133164535 0.9952947050333023 189
1783133166056 0.9952947050333023 190
1783133167727 0.9952947100003561 191
1783133169267 0.9952947149674097 192
1783133170661 0.9952946752309799 193
1783133172026 0.9952947000662485 194
1783133173471 0.9952947000662485 195
1783133174878 0.9952946702639262 196
1783133176615 0.9952946851650873 197
1783133178064 0.9952946801980337 198
1783133179584 0.9952946950991949 199
1783133181144 0.9952947000662485 200
1783133182529 0.9952946702639262 201
1783133183945 0.9952946851650873 202
1783133185331 0.9952947149674097 203
1783133186764 0.9952946901321411 204
1783133188166 0.9952946950991949 205
1783133189617 0.9952946851650873 206
1783133190982 0.9952946950991949 207
1783133192364 0.9952946950991949 208
1783133193801 0.9952946801980337 209
1783133195170 0.9952946752309799 210
1783133196552 0.9952946851650873 211
1783133198256 0.9952946801980337 212
1783133199691 0.9952946801980337 213
