1783133164535 0.0569485534653315 189
1783133166056 0.05694855305429703 190
1783133167727 0.056948554720157814 191
1783133169267 0.05694855380213439 192
1783133170661 0.056948553929338896 193
1783133172026 0.056948553894546235 194
1783133173471 0.0569485540169542 195
1783133174878 0.05694855326757257 196
1783133176615 0.05694855236421969 197
1783133178064 0.05694855310614369 198
1783133179584 0.056948554107014056 199
1783133181144 0.05694855328111867 200
1783133182529 0.05694855370336339 201
1783133183945 0.05694855392538984 202
1783133185331 0.05694855420677477 203
1783133186764 0.05694855261502532 204
1783133188166 0.056948554593578525 205
1783133189617 0.05694855305307497 206
1783133190982 0.05694855352683901 207
1783133192364 0.05694855370877031 208
1783133193801 0.05694855420122819 209
1783133195170 0.0569485539211785 210
1783133196552 0.0569485526772072 211
1783133198256 0.05694855368816302 212
1783133199691 0.056948552666357836 213
