1783133164535 0.08615831471979618 189
1783133166056 0.08615831596155961 190
1783133167727 0.08615831782420476 191
1783133169267 0.08615831471979618 192
1783133170661 0.08615831782420476 193
1783133172026 0.08615831720332305 194
1783133173471 0.0861583153406779 195
1783133174878 0.08615831968684991 196
1783133176615 0.0861583153406779 197
1783133178064 0.08615831471979618 198
1783133179584 0.08615831409891446 199
1783133181144 0.08615831720332305 200
1783133182529 0.0861583153406779 201
1783133183945 0.08615831596155961 202
1783133185331 0.08615831596155961 203
1783133186764 0.08615831347803275 204
1783133188166 0.08615831471979618 205
1783133189617 0.0861583153406779 206
1783133190982 0.08615831658244133 207
1783133192364 0.0861583153406779 208
1783133193801 0.08615831471979618 209
1783133195170 0.08615831658244133 210
1783133196552 0.08615831471979618 211
1783133198256 0.08615831720332305 212
1783133199691 0.0861583153406779 213
