1783133164535 3.904087917082163 189
1783133166056 3.904088382485738 190
1783133167727 3.9040874516786443 191
1783133169267 3.904087917082163 192
1783133170661 3.904087917082163 193
1783133172026 3.904087917082163 194
1783133173471 3.904088382485738 195
1783133174878 3.904087917082163 196
1783133176615 3.904087917082163 197
1783133178064 3.904087917082163 198
1783133179584 3.904087917082163 199
1783133181144 3.904087917082163 200
1783133182529 3.904088382485738 201
1783133183945 3.904087917082163 202
1783133185331 3.9040874516786443 203
1783133186764 3.904087917082163 204
1783133188166 3.904087917082163 205
1783133189617 3.904087917082163 206
1783133190982 3.904087917082163 207
1783133192364 3.904087917082163 208
1783133193801 3.904087917082163 209
1783133195170 3.904088382485738 210
1783133196552 3.904088382485738 211
1783133198256 3.904088382485738 212
1783133199691 3.904087917082163 213
