1783133164535 0.04427620954811573 189
1783133166056 0.08866179672380288 190
1783133167727 0.1331427531937758 191
1783133169267 0.17770271003246307 192
1783133170661 0.22232467556993166 193
1783133172026 0.22249673555294672 194
1783133173471 0.2226630412042141 195
1783133174878 0.22282849748929343 196
1783133176615 0.2257687821984291 197
1783133178064 0.22867652401328087 198
1783133179584 0.23155063390731812 199
1783133181144 0.23438887546459833 200
1783133182529 0.2371886782348156 201
1783133183945 0.24052268142501512 202
1783133185331 0.2426365539431572 203
1783133186764 0.24417592709263167 204
1783133188166 0.24537587662537894 205
1783133189617 0.2463493471344312 206
1783133190982 0.24716027329365411 207
1783133192364 0.24784841760993004 208
1783133193801 0.2484412007033825 209
1783133195170 0.24895916506648064 210
1783133196552 0.2494171845416228 211
1783133198256 0.24982613449295363 212
1783133199691 0.2501944750547409 213
