1783133164535 0.862523534081199 189
1783133166056 0.8635889075019143 190
1783133167727 0.8645633404905145 191
1783133169267 0.8654352534901012 192
1783133170661 0.8662000352686102 193
1783133172026 0.8668703978711908 194
1783133173471 0.8675183328715238 195
1783133174878 0.8681629841977899 196
1783133176615 0.8688092881982977 197
1783133178064 0.869477158243006 198
1783133179584 0.8701705174012617 199
1783133181144 0.8708893223242327 200
1783133182529 0.8716320341283624 201
1783133183945 0.8723994059996172 202
1783133185331 0.8731948191469366 203
1783133186764 0.874001909386028 204
1783133188166 0.8747998963702809 205
1783133189617 0.875572610985149 206
1783133190982 0.8763119903477755 207
1783133192364 0.8770119060169567 208
1783133193801 0.877669789574363 209
1783133195170 0.8782857006246393 210
1783133196552 0.8788584037260576 211
1783133198256 0.879388917576183 212
1783133199691 0.8798787160353227 213
