1783133164535 0.6811977902622598 189
1783133166056 0.6811978009543608 190
1783133167727 0.6811977894428026 191
1783133169267 0.6811977857265193 192
1783133170661 0.6811977936649262 193
1783133172026 0.6811978096046037 194
1783133173471 0.6811977891447804 195
1783133174878 0.6811978215912541 196
1783133176615 0.6811978146523857 197
1783133178064 0.6811977583607527 198
1783133179584 0.6811977837949518 199
1783133181144 0.681197798108237 200
1783133182529 0.6811978048999282 201
1783133183945 0.6811977952049221 202
1783133185331 0.6811977814107055 203
1783133186764 0.6811977838119161 204
1783133188166 0.6811977983159987 205
1783133189617 0.6811978053196059 206
1783133190982 0.6811977716288323 207
1783133192364 0.6811977810085068 208
1783133193801 0.6811978309191971 209
1783133195170 0.6811978136438274 210
1783133196552 0.6811978014005813 211
1783133198256 0.6811977958177912 212
1783133199691 0.6811978072455046 213
