1783133164535 0.29087437908359537 189
1783133166056 0.2908743763143051 190
1783133167727 0.29087437908359537 191
1783133169267 0.2908743742373375 192
1783133170661 0.29087437873743405 193
1783133172026 0.29087438531449833 194
1783133173471 0.2908743821990468 195
1783133174878 0.29087437908359537 196
1783133176615 0.29087437769895025 197
1783133178064 0.2908743828913694 198
1783133179584 0.2908743839298532 199
1783133181144 0.2908743839298532 200
1783133182529 0.29087438012207917 201
1783133183945 0.29087437942975664 202
1783133185331 0.2908743828913694 203
1783133186764 0.2908743839298532 204
1783133188166 0.2908743808144017 205
1783133189617 0.2908743797759179 206
1783133190982 0.29087438185288556 207
1783133192364 0.29087437700662766 208
1783133193801 0.2908743780451115 209
1783133195170 0.29087437769895025 210
1783133196552 0.2908743780451115 211
1783133198256 0.29087437492966 212
1783133199691 0.29087437908359537 213
