1783133164535 0.1852612942457199 189
1783133166056 0.1852612942457199 190
1783133167727 0.1852612942457199 191
1783133169267 0.18526126444339752 192
1783133170661 0.1852612942457199 193
1783133172026 0.1852613091468811 194
1783133173471 0.18526126444339752 195
1783133174878 0.18526124954223633 196
1783133176615 0.18526126444339752 197
1783133178064 0.1852612942457199 198
1783133179584 0.1852612942457199 199
1783133181144 0.1852612942457199 200
1783133182529 0.18526124954223633 201
1783133183945 0.1852613240480423 202
1783133185331 0.1852612942457199 203
1783133186764 0.18526126444339752 204
1783133188166 0.18526126444339752 205
1783133189617 0.18526124954223633 206
1783133190982 0.1852612942457199 207
1783133192364 0.1852612942457199 208
1783133193801 0.1852613091468811 209
1783133195170 0.1852612942457199 210
1783133196552 0.1852613091468811 211
1783133198256 0.18526126444339752 212
1783133199691 0.1852613091468811 213
