1783133164535 0.0 189
1783133166056 0.0 190
1783133167727 0.0 191
1783133169267 0.0 192
1783133170661 0.0 193
1783133172026 0.0 194
1783133173471 0.0 195
1783133174878 0.0 196
1783133176615 0.0 197
1783133178064 0.0 198
1783133179584 0.0 199
1783133181144 0.0 200
1783133182529 0.0 201
1783133183945 0.0 202
1783133185331 0.0 203
1783133186764 0.0 204
1783133188166 0.0 205
1783133189617 0.0 206
1783133190982 0.0 207
1783133192364 0.0 208
1783133193801 0.0 209
1783133195170 0.0 210
1783133196552 0.0 211
1783133198256 0.0 212
1783133199691 0.0 213
