1783133164535 0.6583898154656753 189
1783133166056 0.6583898128138623 190
1783133167727 0.6583898187630839 191
1783133169267 0.6583898100573249 192
1783133170661 0.6583898302638004 193
1783133172026 0.6583898245306585 194
1783133173471 0.6583898067924321 195
1783133174878 0.6583898119918427 196
1783133176615 0.6583897960467439 197
1783133178064 0.6583898223660263 198
1783133179584 0.6583898239941025 199
1783133181144 0.6583898194443859 200
1783133182529 0.6583898177269236 201
1783133183945 0.658389809606807 202
1783133185331 0.658389822882545 203
1783133186764 0.6583898099379705 204
1783133188166 0.6583898334022804 205
1783133189617 0.6583897993278628 206
1783133190982 0.6583897982135024 207
1783133192364 0.6583898186078784 208
1783133193801 0.6583898169804454 209
1783133195170 0.658389816994442 210
1783133196552 0.6583898129955917 211
1783133198256 0.6583898128735245 212
1783133199691 0.6583898107876472 213
