1783133164535 1.3710567851861317 189
1783133166056 1.3710568050543468 190
1783133167727 1.3710568050543468 191
1783133169267 1.3710567951202393 192
1783133170661 1.371056814988454 193
1783133172026 1.371056814988454 194
1783133173471 1.3710567752520244 195
1783133174878 1.3710568050543468 196
1783133176615 1.3710567752520244 197
1783133178064 1.3710567851861317 198
1783133179584 1.3710568050543468 199
1783133181144 1.3710567851861317 200
1783133182529 1.3710567752520244 201
1783133183945 1.371056814988454 202
1783133185331 1.3710567851861317 203
1783133186764 1.3710567851861317 204
1783133188166 1.3710568050543468 205
1783133189617 1.3710567752520244 206
1783133190982 1.3710568050543468 207
1783133192364 1.3710567851861317 208
1783133193801 1.3710568249225616 209
1783133195170 1.3710568249225616 210
1783133196552 1.3710568050543468 211
1783133198256 1.3710568050543468 212
1783133199691 1.371056814988454 213
