1783133164535 1.39 189
1783133166056 1.371111111111111 190
1783133167727 1.3522222222222222 191
1783133169267 1.3333333333333333 192
1783133170661 1.3144444444444443 193
1783133172026 1.2955555555555556 194
1783133173471 1.2766666666666666 195
1783133174878 1.2577777777777777 196
1783133176615 1.238888888888889 197
1783133178064 1.22 198
1783133179584 1.22 199
1783133181144 1.22 200
1783133182529 1.22 201
1783133183945 1.22 202
1783133185331 1.22 203
1783133186764 1.22 204
1783133188166 1.22 205
1783133189617 1.22 206
1783133190982 1.22 207
1783133192364 1.22 208
1783133193801 1.22 209
1783133195170 1.22 210
1783133196552 1.22 211
1783133198256 1.22 212
1783133199691 1.22 213
