1783133164535 0.34161018828550976 189
1783133166056 0.3416101932525635 190
1783133167727 0.34161017338434857 191
1783133169267 0.34161020318667096 192
1783133170661 0.3416101982196172 193
1783133172026 0.3416101584831874 194
1783133173471 0.34161018828550976 195
1783133174878 0.34161020318667096 196
1783133176615 0.3416101932525635 197
1783133178064 0.341610183318456 198
1783133179584 0.341610183318456 199
1783133181144 0.3416101435820262 200
1783133182529 0.3416102131207784 201
1783133183945 0.3416101932525635 202
1783133185331 0.3416101932525635 203
1783133186764 0.34161018828550976 204
1783133188166 0.341610183318456 205
1783133189617 0.3416102131207784 206
1783133190982 0.3416101783514023 207
1783133192364 0.3416101684172948 208
1783133193801 0.3416101634502411 209
1783133195170 0.3416101982196172 210
1783133196552 0.3416101783514023 211
1783133198256 0.3416101932525635 212
1783133199691 0.3416101634502411 213
