1783133164535 0.8101227531830469 189
1783133166056 0.8090464572111765 190
1783133167727 0.8079969932635626 191
1783133169267 0.8069845338662466 192
1783133170661 0.8060161570707957 193
1783133172026 0.8050865034262339 194
1783133173471 0.8041624625523885 195
1783133174878 0.8032352129618326 196
1783133176615 0.8022981037696203 197
1783133178064 0.8013311078151067 198
1783133179584 0.8003261884053549 199
1783133181144 0.7992814034223557 200
1783133182529 0.79819555580616 201
1783133183945 0.7970650593439738 202
1783133185331 0.7958850016196569 203
1783133186764 0.7946699659029642 204
1783133188166 0.7934396266937256 205
1783133189617 0.7922104199727377 206
1783133190982 0.790992334485054 207
1783133192364 0.7897936304410299 208
1783133193801 0.7886235366264979 209
1783133195170 0.7874943514664968 210
1783133196552 0.7864155421654383 211
1783133198256 0.7853891948858897 212
1783133199691 0.7844160000483195 213
