1783133164535 0.01305404802163442 189
1783133166056 0.013054023186365763 190
1783133167727 0.013054038087526957 191
1783133169267 0.013053998351097107 192
1783133170661 0.013054033120473226 193
1783133172026 0.013054038087526957 194
1783133173471 0.01305404802163442 195
1783133174878 0.013054018219312033 196
1783133176615 0.013054023186365763 197
1783133178064 0.013054018219312033 198
1783133179584 0.0130540132522583 199
1783133181144 0.013054043054580688 200
1783133182529 0.013054028153419495 201
1783133183945 0.013054043054580688 202
1783133185331 0.013054043054580688 203
1783133186764 0.013054023186365763 204
1783133188166 0.013054033120473226 205
1783133189617 0.0130540132522583 206
1783133190982 0.013054018219312033 207
1783133192364 0.013054018219312033 208
1783133193801 0.013054057955741882 209
1783133195170 0.013054028153419495 210
1783133196552 0.013054018219312033 211
1783133198256 0.013054038087526957 212
1783133199691 0.013054008285204569 213
