1783133164535 4.665995319684346 189
1783133166056 4.666758259137471 190
1783133167727 4.668822288513184 191
1783133169267 4.672247091929118 192
1783133170661 4.677031556765239 193
1783133172026 4.6386715571085615 194
1783133173471 4.601607998212178 195
1783133174878 4.565855065981547 196
1783133176615 4.534208695093791 197
1783133178064 4.503885706265767 198
1783133179584 4.474916299184163 199
1783133181144 4.4473369518915815 200
1783133182529 4.42119042078654 201
1783133183945 4.397103508313497 202
1783133185331 4.373385528723399 203
1783133186764 4.35077965259552 204
1783133188166 4.329634666442871 205
1783133189617 4.310112694899241 206
1783133190982 4.29227473338445 207
1783133192364 4.276125967502594 208
1783133193801 4.261653343836467 209
1783133195170 4.248826682567596 210
1783133196552 4.237519204616547 211
1783133198256 4.2275322278340655 212
1783133199691 4.218644420305888 213
