1783133164535 3.9395456041490746 189
1783133166056 3.9395456043786594 190
1783133167727 3.939545721921047 191
1783133169267 3.939545447790806 192
1783133170661 3.939545526299893 193
1783133172026 3.939545604208336 194
1783133173471 3.9395455655508713 195
1783133174878 3.939545721674733 196
1783133176615 3.9395456432233478 197
1783133178064 3.9395454865150943 198
1783133179584 3.9395456433023224 199
1783133181144 3.939545721714818 200
1783133182529 3.939545643443346 201
1783133183945 3.939545839574213 202
1783133185331 3.9395456826554303 203
1783133186764 3.939545564696998 204
1783133188166 3.9395456824541273 205
1783133189617 3.939545525945969 206
1783133190982 3.939545643369217 207
1783133192364 3.9395455257637395 208
1783133193801 3.939545564844634 209
1783133195170 3.939545721457495 210
1783133196552 3.939545604373355 211
1783133198256 3.939545565020172 212
1783133199691 3.9395455646018447 213
