1783133164535 0.09786872503658135 189
1783133166056 0.09786872503658135 190
1783133167727 0.09786872565746307 191
1783133169267 0.0978687231739362 192
1783133170661 0.09786872503658135 193
1783133172026 0.0978687262783448 194
1783133173471 0.0978687262783448 195
1783133174878 0.0978687262783448 196
1783133176615 0.09786872379481792 197
1783133178064 0.09786872441569965 198
1783133179584 0.09786872441569965 199
1783133181144 0.09786872503658135 200
1783133182529 0.09786872565746307 201
1783133183945 0.09786872503658135 202
1783133185331 0.09786872379481792 203
1783133186764 0.0978687225530545 204
1783133188166 0.09786872565746307 205
1783133189617 0.09786872503658135 206
1783133190982 0.09786872565746307 207
1783133192364 0.09786872441569965 208
1783133193801 0.09786872503658135 209
1783133195170 0.09786872441569965 210
1783133196552 0.09786872503658135 211
1783133198256 0.09786872565746307 212
1783133199691 0.09786872379481792 213
