1782941325678 0.9724934895833334 101
1782941331322 0.9718424479166666 102
1782941334584 0.9713541666666666 103
1782941335234 0.9710286458333334 104
1782941336205 0.9708658854166666 105
1782941336856 0.9708658854166666 106
1782941337835 0.9705403645833334 107
1782941338482 0.9705403645833334 108
1782941339460 0.9703776041666666 109
1782941340117 0.9703776041666666 110
1782941341093 0.9703776041666666 111
1782941341742 0.9703776041666666 112
1782941342720 0.9703776041666666 113
1782941343368 0.9703776041666666 114
1782941344358 0.9703776041666666 115
1782941345009 0.9703776041666666 116
1782941346112 0.9703776041666666 117
1782941346763 0.9703776041666666 118
1782941347774 0.9703776041666666 119
1782941348433 0.9703776041666666 120
