1782941325678 0.8916420936584473 101
1782941331322 0.8916420141855875 102
1782941334584 0.8916420340538025 103
1782941335234 0.891642153263092 104
1782941336205 0.8916420340538025 105
1782941336856 0.8916420340538025 106
1782941337835 0.8916419148445129 107
1782941338482 0.8916417558987936 108
1782941339460 0.8916420737902323 109
1782941340117 0.8916420340538025 110
1782941341093 0.8916419545809428 111
1782941341742 0.8916420340538025 112
1782941342720 0.8916419744491577 113
1782941343368 0.891642153263092 114
1782941344358 0.8916418552398682 115
1782941345009 0.8916420936584473 116
1782941346112 0.8916421333948771 117
1782941346763 0.8916420539220175 118
1782941347774 0.8916420141855875 119
1782941348433 0.8916419148445129 120
