1782941325678 0.0774259219566981 101
1782941331322 0.07746240744988124 102
1782941334584 0.0774890308578809 103
1782941335234 0.0775094876686732 104
1782941336205 0.0775229608019193 105
1782941336856 0.0775334561864535 106
1782941337835 0.07754001766443253 107
1782941338482 0.07754490276177724 108
1782941339460 0.07754934579133987 109
1782941340117 0.07755157103141148 110
1782941341093 0.07755408932765324 111
1782941341742 0.0775555744767189 112
1782941342720 0.07755542049805324 113
1782941343368 0.07755720367034276 114
1782941344358 0.07755715151627858 115
1782941345009 0.07755731542905171 116
1782941346112 0.07755770285924275 117
1782941346763 0.0775578444202741 118
1782941347774 0.07755767305692036 119
1782941348433 0.07755757123231888 120
