1782941325678 0.028490763778487842 101
1782941331322 0.028490761915842693 102
1782941334584 0.028490763778487842 103
1782941335234 0.028490761915842693 104
1782941336205 0.028490763778487842 105
1782941336856 0.028490762536724407 106
1782941337835 0.028490763778487842 107
1782941338482 0.02849076564113299 108
1782941339460 0.028490762536724407 109
1782941340117 0.028490761915842693 110
1782941341093 0.028490763778487842 111
1782941341742 0.028490764399369557 112
1782941342720 0.028490763778487842 113
1782941343368 0.028490765020251274 114
1782941344358 0.028490764399369557 115
1782941345009 0.028490763778487842 116
1782941346112 0.028490761915842693 117
1782941346763 0.028490764399369557 118
1782941347774 0.028490763778487842 119
1782941348433 0.028490762536724407 120
