1782941325678 0.01782810315489769 101
1782941331322 0.01782810315489769 102
1782941334584 0.01782810501754284 103
1782941335234 0.017828103775779407 104
1782941336205 0.017828102534015972 105
1782941336856 0.01782810315489769 106
1782941337835 0.01782810315489769 107
1782941338482 0.01782810315489769 108
1782941339460 0.01782810315489769 109
1782941340117 0.017828101913134258 110
1782941341093 0.01782810439666112 111
1782941341742 0.01782810315489769 112
1782941342720 0.017828103775779407 113
1782941343368 0.017828103775779407 114
1782941344358 0.017828103775779407 115
1782941345009 0.017828103775779407 116
1782941346112 0.017828102534015972 117
1782941346763 0.017828103775779407 118
1782941347774 0.017828102534015972 119
1782941348433 0.01782810315489769 120
