1782941325678 0.017877555762728054 101
1782941331322 0.017877555762728054 102
1782941334584 0.017877555762728054 103
1782941335234 0.017877555762728054 104
1782941336205 0.017877555762728054 105
1782941336856 0.017877555762728054 106
1782941337835 0.017877555762728054 107
1782941338482 0.017877555762728054 108
1782941339460 0.017877555762728054 109
1782941340117 0.017877555762728054 110
1782941341093 0.017877555762728054 111
1782941341742 0.017877555762728054 112
1782941342720 0.017877555762728054 113
1782941343368 0.017877555762728054 114
1782941344358 0.017877555762728054 115
1782941345009 0.017877555762728054 116
1782941346112 0.017877555762728054 117
1782941346763 0.017877555762728054 118
1782941347774 0.017877555762728054 119
1782941348433 0.017877555762728054 120
