1782941325678 -0.6569781378631361 101
1782941331322 -0.6927269073791014 102
1782941334584 0.5824848262012792 103
1782941336856 0.6685067841280334 106
1782941337835 0.6500769299068019 107
1782941338482 0.5748269256970299 108
1782941339460 0.5748258227875513 109
1782941340117 0.5748258227875513 110
1782941341093 0.5748268081455574 111
1782941341742 0.5748259698562203 112
1782941342720 0.5748259698562203 113
1782941343368 0.5748269256970299 114
1782941344358 0.574826661077038 115
1782941345009 0.5748272199356903 116
1782941346112 0.5748270368300792 117
1782941346763 0.5748259698562203 118
1782941347774 0.5748269732325841 119
1782941348433 0.5748273670041102 120
