1782941325678 0.21231786906719208 101
1782941331322 0.21552330255508423 102
1782941334584 0.21795488893985748 103
1782941335234 0.2197675108909607 104
1782941336205 0.2211095541715622 105
1782941336856 0.22209902107715607 106
1782941337835 0.222822904586792 107
1782941338482 0.22335542738437653 108
1782941339460 0.22374457120895386 109
1782941340117 0.2240271121263504 110
1782941341093 0.22423940896987915 111
1782941341742 0.22438836097717285 112
1782941342720 0.22450299561023712 113
1782941343368 0.22457890212535858 114
1782941344358 0.2246364802122116 115
1782941345009 0.22468161582946777 116
1782941346112 0.22471125423908234 117
1782941346763 0.2247377634048462 118
1782941347774 0.224753275513649 119
1782941348433 0.22476617991924286 120
