1782941325678 1.4244451169614438 101
1782941331322 1.4321749210357666 102
1782941334584 1.4267828568168308 103
1782941335234 1.4208419106223367 104
1782941336205 1.4208419106223367 105
1782941336856 1.4171129862467449 106
1782941337835 1.4216341495513916 107
1782941338482 1.4232289163689864 108
1782941339460 1.4232288159822162 109
1782941340117 1.4232288159822162 110
1782941341093 1.4232288661756014 111
1782941341742 1.4232288159822162 112
1782941342720 1.4232289163689864 113
1782941343368 1.4232288159822162 114
1782941344358 1.4232289665623714 115
1782941345009 1.4232289665623714 116
1782941346112 1.4232290167557566 117
1782941346763 1.4232288159822162 118
1782941347774 1.4232288661756014 119
1782941348433 1.4232289665623714 120
