1782941325678 0.2294117078034068 101
1782941331322 0.23301130831008962 102
1782941334584 0.22059126887938427 103
1782941335234 0.21787049238549516 104
1782941336205 0.20868558854557445 105
1782941336856 0.21071352220670136 106
1782941337835 0.21088844069670407 107
1782941338482 0.19677691874738865 108
1782941339460 0.2087907408314876 109
1782941340117 0.20588624239289213 110
1782941341093 0.2058861759393766 111
1782941341742 0.20588628484888036 112
1782941342720 0.20588630567427912 113
1782941343368 0.20212342168998526 114
1782941344358 0.20212335471919643 115
1782941345009 0.2011223573316074 116
1782941346112 0.20112224921285365 117
1782941346763 0.20112224333179662 118
1782941347774 0.20112230509755386 119
1782941348433 0.20112230507138956 120
