1782941325678 0.2723378837108612 101
1782941331322 0.27103832364082336 102
1782941334584 0.27003908157348633 103
1782941335234 0.26928892731666565 104
1782941336205 0.268731027841568 105
1782941336856 0.2683180272579193 106
1782941337835 0.268015593290329 107
1782941338482 0.2677927315235138 108
1782941339460 0.2676295340061188 109
1782941340117 0.2675110101699829 110
1782941341093 0.26742199063301086 111
1782941341742 0.26735958456993103 112
1782941342720 0.26731136441230774 113
1782941343368 0.26727980375289917 114
1782941344358 0.26725518703460693 115
1782941345009 0.2672363817691803 116
1782941346112 0.267223984003067 117
1782941346763 0.26721295714378357 118
1782941347774 0.26720619201660156 119
1782941348433 0.2672007381916046 120
