1782941325678 0.2548215091228485 101
1782941331322 0.25406405329704285 102
1782941334584 0.25349703431129456 103
1782941335234 0.2530769407749176 104
1782941336205 0.2527671754360199 105
1782941336856 0.2525395452976227 106
1782941337835 0.25237321853637695 107
1782941338482 0.2522510290145874 108
1782941339460 0.2521618902683258 109
1782941340117 0.25209715962409973 110
1782941341093 0.25204846262931824 111
1782941341742 0.2520143389701843 112
1782941342720 0.25198814272880554 113
1782941343368 0.25197067856788635 114
1782941344358 0.25195756554603577 115
1782941345009 0.25194719433784485 116
1782941346112 0.2519404888153076 117
1782941346763 0.2519342601299286 118
1782941347774 0.2519308030605316 119
1782941348433 0.2519279420375824 120
