1782941325678 1.2193306739177179 101
1782941331322 1.2164161583896358 102
1782941334584 1.2181787334504675 103
1782941335234 1.2183755288912554 104
1782941336205 1.218362182378769 105
1782941336856 1.217647181410734 106
1782941337835 1.2177283600086475 107
1782941338482 1.2187667270876326 108
1782941339460 1.2178651049621123 109
1782941340117 1.218212850918114 110
1782941341093 1.218212850918114 111
1782941341742 1.218212850918114 112
1782941342720 1.218212850918114 113
1782941343368 1.2185146755642362 114
1782941344358 1.218514703821253 115
1782941345009 1.2185148682541513 116
1782941346112 1.2185148964068986 117
1782941346763 1.2185148682541513 118
1782941347774 1.2185148682541513 119
1782941348433 1.2185148401014039 120
