1782941325678 0.3487424862056942 101
1782941331322 0.3507589624636591 102
1782941334584 0.3521926901866601 103
1782941335234 0.3532151126708596 104
1782941336205 0.35394514452205716 105
1782941336856 0.354469702045393 106
1782941337835 0.3548488765943028 107
1782941338482 0.35512109142674797 108
1782941339460 0.3553180937068414 109
1782941340117 0.35546225589887953 110
1782941341093 0.35556643879001615 111
1782941341742 0.35564183784476255 112
1782941342720 0.3556972766590343 113
1782941343368 0.3557363860069696 114
1782941344358 0.3557663225030365 115
1782941345009 0.35578738349972916 116
1782941346112 0.35580352341783783 117
1782941346763 0.35581388205584713 118
1782941347774 0.35582280077143236 119
1782941348433 0.3558287725091276 120
