1782941325678 0.8421892325083414 101
1782941331322 0.8421892325083414 102
1782941334584 0.8421892325083414 103
1782941335234 0.8421892325083414 104
1782941336205 0.8421892325083414 105
1782941336856 0.8421892325083414 106
1782941337835 0.8421892325083414 107
1782941338482 0.8421892325083414 108
1782941339460 0.8421892325083414 109
1782941340117 0.8421892325083414 110
1782941341093 0.8421892325083414 111
1782941341742 0.8421892325083414 112
1782941342720 0.8421892325083414 113
1782941343368 0.8421892325083414 114
1782941344358 0.8421892325083414 115
1782941345009 0.8421892325083414 116
1782941346112 0.8421892325083414 117
1782941346763 0.8421892325083414 118
1782941347774 0.8421892325083414 119
1782941348433 0.8421892325083414 120
