1782941325678 0.6523529092470804 101
1782941331322 0.6503998835881551 102
1782941334584 0.6487092773119608 103
1782941335234 0.647539754708608 104
1782941336205 0.6469842990239462 105
1782941336856 0.6460511088371277 106
1782941337835 0.6460997064908346 107
1782941338482 0.6454588174819946 108
1782941339460 0.6449240446090698 109
1782941340117 0.6448764403661092 110
1782941341093 0.6447377800941467 111
1782941341742 0.6446497837702433 112
1782941342720 0.644667387008667 113
1782941343368 0.6444552143414816 114
1782941344358 0.644775907198588 115
1782941345009 0.644680400689443 116
1782941346112 0.6446500619252523 117
1782941346763 0.6446152528127035 118
1782941347774 0.6446427504221598 119
1782941348433 0.6444521148999532 120
