1782941325678 0.6606122652689616 101
1782941331322 0.6606122652689616 102
1782941334584 0.6606122652689616 103
1782941335234 0.6606122652689616 104
1782941336205 0.6606122652689616 105
1782941336856 0.6606122652689616 106
1782941337835 0.6606122652689616 107
1782941338482 0.6606122652689616 108
1782941339460 0.6606122652689616 109
1782941340117 0.6606122652689616 110
1782941341093 0.6606122652689616 111
1782941341742 0.6606122652689616 112
1782941342720 0.6606122652689616 113
1782941343368 0.6606122652689616 114
1782941344358 0.6606122652689616 115
1782941345009 0.6606122652689616 116
1782941346112 0.6606122652689616 117
1782941346763 0.6606122652689616 118
1782941347774 0.6606122652689616 119
1782941348433 0.6606122652689616 120
