1782941325678 0.3476470708847046 101
1782941331322 0.34960012634595233 102
1782941334584 0.3512907226880391 103
1782941335234 0.35246026515960693 104
1782941336205 0.3530157009760539 105
1782941336856 0.3539489010969798 106
1782941337835 0.35390029350916546 107
1782941338482 0.35454118251800537 108
1782941339460 0.35507593552271527 109
1782941340117 0.35512356956799823 110
1782941341093 0.35526221990585327 111
1782941341742 0.35535020629564923 112
1782941342720 0.3553326229254405 113
1782941343368 0.3555447856585185 114
1782941344358 0.3552241027355194 115
1782941345009 0.35531959931055707 116
1782941346112 0.35534994800885517 117
1782941346763 0.3553847273190816 118
1782941347774 0.35535722970962524 119
1782941348433 0.35554787516593933 120
