1782941325678 0.15781076749165854 101
1782941331322 0.15781077245871225 102
1782941334584 0.15781077245871225 103
1782941335234 0.15781077245871225 104
1782941336205 0.15781077245871225 105
1782941336856 0.15781077245871225 106
1782941337835 0.15781077245871225 107
1782941338482 0.15781077245871225 108
1782941339460 0.15781077245871225 109
1782941340117 0.15781077245871225 110
1782941341093 0.15781077245871225 111
1782941341742 0.15781077245871225 112
1782941342720 0.15781077245871225 113
1782941343368 0.15781077245871225 114
1782941344358 0.15781077245871225 115
1782941345009 0.15781077245871225 116
1782941346112 0.15781077245871225 117
1782941346763 0.15781077245871225 118
1782941347774 0.15781077245871225 119
1782941348433 0.15781077245871225 120
