1782941325678 0.9130251407623291 101
1782941331322 0.912951668103536 102
1782941334584 0.912878135840098 103
1782941335234 0.9128313660621643 104
1782941336205 0.9128166437149048 105
1782941336856 0.9127676089604696 106
1782941337835 0.9127843777338663 107
1782941338482 0.9127460916837057 108
1782941339460 0.9127148588498434 109
1782941340117 0.9127157926559448 110
1782941341093 0.9127103487650553 111
1782941341742 0.912706732749939 112
1782941342720 0.9127077460289001 113
1782941343368 0.9126954476038615 114
1782941344358 0.9127193888028463 115
1782941345009 0.912712574005127 116
1782941346112 0.912710984547933 117
1782941346763 0.9127086798350016 118
1782941347774 0.91271044810613 119
1782941348433 0.9126959443092346 120
