1783125669782 0.9447782039642334 169
1783125674094 1.1004696538050969 170
1783125678634 1.1903311610221863 171
1783125682761 1.280405233303706 172
1783125687019 1.4528136551380157 173
1783125691382 1.6640885670979817 174
1783125695707 1.618825097878774 175
1783125700051 1.483209103345871 176
1783125704398 1.2885164717833202 177
1783125708735 1.0655397325754166 178
1783125712991 1.0069543719291687 179
1783125717292 1.1399921228488286 180
1783125721655 1.10190582772096 181
1783125725960 1.0311437447865803 182
1783125730281 0.9955362429221472 183
1783125734616 0.9860571424166361 184
1783125738954 0.982842226823171 185
1783125743259 0.9814845323562622 186
1783125747599 0.9888467441002528 187
1783125752055 0.991375004251798 188
