1783125669782 0.20958438515663147 169
1783125674094 0.28786741693814594 170
1783125678634 0.3706750472386678 171
1783125682761 0.44671950737635296 172
1783125687019 0.6766421298185984 173
1783125691382 0.8983756800492605 174
1783125695707 0.8679992109537125 175
1783125700051 0.8859423448642095 176
1783125704398 0.8458176602919897 177
1783125708735 0.7625074833631516 178
1783125712991 0.7939064502716064 179
1783125717292 0.8158331314722697 180
1783125721655 0.814858411749204 181
1783125725960 0.8354848772287369 182
1783125730281 0.8740236212809881 183
1783125734616 0.915902574857076 184
1783125738954 0.9541795055071512 185
1783125743259 0.9959721267223358 186
1783125747599 1.0247683227062225 187
1783125752055 1.0507730891307194 188
