1783125669782 0.12430385983098298 169
1783125674094 0.09464216924502174 170
1783125678634 0.0608957548115478 171
1783125682761 0.03762729506968336 172
1783125687019 0.03640851350589326 173
1783125691382 0.03731985760967945 174
1783125695707 0.04376351902084704 175
1783125700051 0.044799049550359606 176
1783125704398 0.04359794105085014 177
1783125708735 0.03874669677083305 178
1783125712991 0.05240113501001622 179
1783125717292 0.05723368364806561 180
1783125721655 0.056428542301241995 181
1783125725960 0.056246342048460574 182
1783125730281 0.0570633555106377 183
1783125734616 0.05778709284140383 184
1783125738954 0.057922654945464364 185
1783125743259 0.05789606877845685 186
1783125747599 0.057230024349552024 187
1783125752055 0.056948553659817526 188
