1783125669782 1.466095079076404 169
1783125674094 1.5209190589842165 170
1783125678634 1.5059279916187158 171
1783125682761 1.3715969103806633 172
1783125687019 1.5492354837687354 173
1783125691382 1.4832831730032219 174
1783125695707 1.620820297579517 175
1783125700051 1.522228044166282 176
1783125704398 1.3263627859745792 177
1783125708735 1.1767662275704394 178
1783125712991 1.5254809600856454 179
1783125717292 1.506474187186111 180
1783125721655 1.4028575422337137 181
1783125725960 1.3560983684387085 182
1783125730281 1.397778552040898 183
1783125734616 1.4363218390685943 184
1783125738954 1.459815841422239 185
1783125743259 1.4471145561488268 186
1783125747599 1.435711533217158 187
1783125752055 1.4207065070716733 188
