1783125669782 0.10026041666666667 169
1783125674094 0.09879557291666667 170
1783125678634 0.09537760416666667 171
1783125682761 0.09033203125 172
1783125687019 0.09611002604166667 173
1783125691382 0.09708658854166667 174
1783125695707 0.09513346354166667 175
1783125700051 0.0966796875 176
1783125704398 0.09798177083333333 177
1783125708735 0.10042317708333333 178
1783125712991 0.10099283854166667 179
1783125717292 0.10139973958333333 180
1783125721655 0.10123697916666667 181
1783125725960 0.10139973958333333 182
1783125730281 0.10139973958333333 183
1783125734616 0.10123697916666667 184
1783125738954 0.10139973958333333 185
1783125743259 0.10139973958333333 186
1783125747599 0.10139973958333333 187
1783125752055 0.10107421875 188
