1783125669782 0.2550608813762665 169
1783125674094 0.25192925333976746 170
1783125678634 0.2495700865983963 171
1783125682761 0.2470913976430893 172
1783125687019 0.24440549314022064 173
1783125691382 0.24196815490722656 174
1783125695707 0.2416134625673294 175
1783125700051 0.24188290536403656 176
1783125704398 0.24255909025669098 177
1783125708735 0.24398045241832733 178
1783125712991 0.24464517831802368 179
1783125717292 0.24435187876224518 180
1783125721655 0.24517355859279633 181
1783125725960 0.2457641363143921 182
1783125730281 0.2457614690065384 183
1783125734616 0.2454778403043747 184
1783125738954 0.2450282722711563 185
1783125743259 0.2447156459093094 186
1783125747599 0.24447889626026154 187
1783125752055 0.24424411356449127 188
