1783125669782 1.3727448483308156 169
1783125674094 1.3696830173333485 170
1783125678634 1.3687818547089894 171
1783125682761 1.3694994648297627 172
1783125687019 1.3710875908533733 173
1783125691382 1.3713034093379974 174
1783125695707 1.3716704448064168 175
1783125700051 1.371809293826421 176
1783125704398 1.3716987868150075 177
1783125708735 1.371690571308136 178
1783125712991 1.3715578814347584 179
1783125717292 1.3708921273549397 180
1783125721655 1.3708826502164204 181
1783125725960 1.371124009291331 182
1783125730281 1.3711333473523457 183
1783125734616 1.371020684639613 184
1783125738954 1.3709680438041687 185
1783125743259 1.3709528346856434 186
1783125747599 1.3709676265716553 187
1783125752055 1.3710366090138753 188
