1783125669782 2.2368395368258156 169
1783125674094 2.3181843996047973 170
1783125678634 2.4018931925296783 171
1783125682761 2.3235082100183373 172
1783125687019 2.392456701035944 173
1783125691382 2.6249105620274165 174
1783125695707 2.67149099439746 175
1783125700051 2.701721645642104 176
1783125704398 2.647294166087184 177
1783125708735 2.5491940348311606 178
1783125712991 2.7125331672920177 179
1783125717292 2.802876863760931 180
1783125721655 2.8287449705883376 181
1783125725960 2.864360867937406 182
1783125730281 2.9028902739286426 183
1783125734616 2.9448818902174634 184
1783125738954 2.9832114617029823 185
1783125743259 3.0250192920366925 186
1783125747599 3.053800696134567 187
1783125752055 3.079736480116844 188
