1783125669782 0.00265993798772494 169
1783125674094 0.16570202509562174 170
1783125678634 0.3684966986378034 171
1783125682761 0.4979867885510127 172
1783125687019 0.5619091192881266 173
1783125691382 0.5119099815686544 174
1783125695707 0.4821165179212888 175
1783125700051 0.4670703709125519 176
1783125704398 0.44625431050856906 177
1783125708735 0.4237735445300738 178
1783125712991 0.4313017552097638 179
1783125717292 0.4323180541396141 180
1783125721655 0.41424713283777237 181
1783125725960 0.4009748299916585 182
1783125730281 0.388567457596461 183
1783125734616 0.37864288439353305 184
1783125738954 0.36987318346897763 185
1783125743259 0.3567875623703003 186
1783125747599 0.34002849956353504 187
1783125752055 0.3283156156539917 188
