1783125669782 0.07870368659496307 169
1783125674094 0.537327046195666 170
1783125678634 1.2734685788551967 171
1783125682761 1.3692473967870076 172
1783125687019 0.7221642186244329 173
1783125691382 0.09060103197892506 174
1783125695707 0.022823452949523926 175
1783125700051 0.018793111046155293 176
1783125704398 0.025985245903333027 177
1783125708735 0.045484970013300575 178
1783125712991 0.07232397298018138 179
1783125717292 0.0722316602865855 180
1783125721655 0.04606915016969045 181
1783125725960 0.030005107323328655 182
1783125730281 0.021224757035573322 183
1783125734616 0.019356032212575276 184
1783125738954 0.017245203256607056 185
1783125743259 0.015317181746164957 186
1783125747599 0.01401949922243754 187
1783125752055 0.013248244921366373 188
