1783125669782 0.8666006028652191 169
1783125674094 0.8629105240106583 170
1783125678634 0.7822120835383733 171
1783125682761 0.6382815440495809 172
1783125687019 0.36294322460889816 173
1783125691382 -0.38606098604698974 174
1783125695707 -0.7256130675474802 175
1783125700051 -0.7119990835587183 176
1783125704398 -0.5788744526604811 177
1783125708735 -0.06918466115409198 178
1783125712991 0.23725977850457033 179
1783125717292 0.20149236917495728 180
1783125721655 0.39238860209782916 181
1783125725960 0.48006148387988407 182
1783125730281 0.5343551834424337 183
1783125734616 0.6254983097314835 184
1783125738954 0.6754740426937739 185
1783125743259 0.7203462223211924 186
1783125747599 0.7623686989148458 187
1783125752055 0.7932070791721344 188
