1783125669782 0.5567032073934873 169
1783125674094 1.1087533781925838 170
1783125678634 2.1227810283501944 171
1783125682761 2.339698702096939 172
1783125687019 1.6709169149398804 173
1783125691382 1.2477114697297413 174
1783125695707 1.381217231353124 175
1783125700051 1.4353976945082347 176
1783125704398 1.4662100970745087 177
1783125708735 1.3484032601118088 178
1783125712991 1.1900647679964702 179
1783125717292 1.0438601424296696 180
1783125721655 0.9294245193401972 181
1783125725960 0.914201577504476 182
1783125730281 0.8944329073031744 183
1783125734616 0.8399709761142731 184
1783125738954 0.8059805184602737 185
1783125743259 0.7742311209440231 186
1783125747599 0.7382025917371114 187
1783125752055 0.7122663011153539 188
