1783125669782 0.1698649674654007 169
1783125674094 0.16541214287281036 170
1783125678634 0.16524022817611694 171
1783125682761 0.16689340770244598 172
1783125687019 0.17001859843730927 173
1783125691382 0.16727976500988007 174
1783125695707 0.16668711602687836 175
1783125700051 0.16784793138504028 176
1783125704398 0.16814292967319489 177
1783125708735 0.16965551674365997 178
1783125712991 0.17102497816085815 179
1783125717292 0.16811725497245789 180
1783125721655 0.16795383393764496 181
1783125725960 0.1690792590379715 182
1783125730281 0.16912458837032318 183
1783125734616 0.16848930716514587 184
1783125738954 0.16771744191646576 185
1783125743259 0.16716203093528748 186
1783125747599 0.166730597615242 187
1783125752055 0.16638006269931793 188
