1783125669782 0.22844121356805167 169
1783125674094 0.1839052364230156 170
1783125678634 0.1370730015138785 171
1783125682761 0.10170512770613034 172
1783125687019 0.07555960801740487 173
1783125691382 0.06582599816222985 174
1783125695707 0.07307434889177482 175
1783125700051 0.08020074603458245 176
1783125704398 0.09434785507619381 177
1783125708735 0.10414595529437065 178
1783125712991 0.09415559594829877 179
1783125717292 0.0989509051044782 180
1783125721655 0.10212049136559169 181
1783125725960 0.10406570446987946 182
1783125730281 0.10187074728310108 183
1783125734616 0.10025709060331185 184
1783125738954 0.09860970204075177 185
1783125743259 0.09928213308254878 186
1783125747599 0.09821334605415662 187
1783125752055 0.09786872503658135 188
