1783152048084 0.9240666912949603 400
1783152050519 0.9240666964779729 401
1783152053045 0.9240666990694792 402
1783152055458 0.9240666964779729 403
1783152057961 0.9240666912949603 404
1783152060320 0.9240666887034541 405
1783152062666 0.9240666938864667 406
1783152065029 0.9240667094355044 407
1783152067386 0.9240666835204415 408
1783152069737 0.9240666990694792 409
1783152072072 0.9240666938864667 410
1783152074415 0.9240667068439982 411
1783152076806 0.9240666861119478 412
1783152079177 0.9240666964779729 413
1783152081584 0.9240666990694792 414
1783152083992 0.9240666964779729 415
1783152086352 0.9240667016609855 416
1783152088736 0.9240666964779729 417
1783152091219 0.9240666990694792 418
1783152093541 0.9240667042524918 419
1783152095888 0.9240666835204415 420
1783152098316 0.9240666964779729 421
1783152100849 0.9240666861119478 422
1783152103300 0.9240667016609855 423
1783152105687 0.9240667016609855 424
