1783152048084 1.0547074390494304 400
1783152050519 1.0547074131343677 401
1783152053045 1.0547074468239495 402
1783152055458 1.0547074312749116 403
1783152057961 1.054707389810811 404
1783152060320 1.054707452006962 405
1783152062666 1.0547073924023171 406
1783152065029 1.0547074831050376 407
1783152067386 1.0547074053598486 408
1783152069737 1.0547074235003928 409
1783152072072 1.0547074468239495 410
1783152074415 1.0547074364579243 411
1783152076806 1.0547074312749116 412
1783152079177 1.0547073872193047 413
1783152081584 1.0547074805135312 414
1783152083992 1.054707477922025 415
1783152086352 1.0547074390494304 416
1783152088736 1.0547075167946194 417
1783152091219 1.0547074053598486 418
1783152093541 1.0547075064285942 419
1783152095888 1.0547074105428613 420
1783152098316 1.054707452006962 421
1783152100849 1.054707503837088 422
1783152103300 1.0547074571899746 423
1783152105687 1.0547074053598486 424
