1783152048084 1.020512808924136 400
1783152050519 1.0205128037411233 401
1783152053045 1.0205128037411233 402
1783152055458 1.0205127907835918 403
1783152057961 1.0205128037411233 404
1783152060320 1.0205128192901611 405
1783152062666 1.0205127985581108 406
1783152065029 1.0205128192901611 407
1783152067386 1.0205128192901611 408
1783152069737 1.0205127985581108 409
1783152072072 1.0205127959666045 410
1783152074415 1.0205127907835918 411
1783152076806 1.0205128141071484 412
1783152079177 1.0205128037411233 413
1783152081584 1.0205128011496172 414
1783152083992 1.0205127907835918 415
1783152086352 1.0205128192901611 416
1783152088736 1.0205128115156423 417
1783152091219 1.0205128063326296 418
1783152093541 1.0205128115156423 419
1783152095888 1.0205128063326296 420
1783152098316 1.0205127933750981 421
1783152100849 1.0205128115156423 422
1783152103300 1.0205128192901611 423
1783152105687 1.0205128141071484 424
