1783152048084 0.05640028988516887 400
1783152050519 0.05640028958765182 401
1783152053045 0.05640028949788086 402
1783152055458 0.05640028930396594 403
1783152057961 0.05640029039771635 404
1783152060320 0.05640028910061 405
1783152062666 0.05640028964931605 406
1783152065029 0.05640029025462363 407
1783152067386 0.05640028925927924 408
1783152069737 0.056400289267487747 409
1783152072072 0.056400289440299387 410
1783152074415 0.056400289687066556 411
1783152076806 0.05640028925605661 412
1783152079177 0.056400290100951656 413
1783152081584 0.05640028939271745 414
1783152083992 0.0564002895789604 415
1783152086352 0.056400289965618335 416
1783152088736 0.05640028953300908 417
1783152091219 0.056400290445368116 418
1783152093541 0.05640028970453399 419
1783152095888 0.05640028969956239 420
1783152098316 0.056400290246994535 421
1783152100849 0.05640029070443914 422
1783152103300 0.056400288961564994 423
1783152105687 0.05640029021711178 424
