1783152048084 0.08615853572669237 400
1783152050519 0.08615853378306264 401
1783152053045 0.08615853572669237 402
1783152055458 0.08615853540275407 403
1783152057961 0.08615853637456894 404
1783152060320 0.0861585347548775 405
1783152062666 0.08615853572669237 406
1783152065029 0.08615853443093922 407
1783152067386 0.0861585347548775 408
1783152069737 0.0861585350788158 409
1783152072072 0.08615853345912436 410
1783152074415 0.08615853605063065 411
1783152076806 0.08615853443093922 412
1783152079177 0.08615853572669237 413
1783152081584 0.08615853799426038 414
1783152083992 0.0861585350788158 415
1783152086352 0.0861585347548775 416
1783152088736 0.08615853637456894 417
1783152091219 0.08615853540275407 418
1783152093541 0.08615853540275407 419
1783152095888 0.08615853669850723 420
1783152098316 0.08615853378306264 421
1783152100849 0.0861585373463838 422
1783152103300 0.08615853572669237 423
1783152105687 0.08615853443093922 424
