1783152048084 1.4146493331409848 400
1783152050519 1.4146493325886167 401
1783152053045 1.4146493302291507 402
1783152055458 1.4146493218379845 403
1783152057961 1.4146493510047697 404
1783152060320 1.4146493267638585 405
1783152062666 1.4146493250815961 406
1783152065029 1.4146493379271339 407
1783152067386 1.4146493255382802 408
1783152069737 1.41464931717145 409
1783152072072 1.4146493450705295 410
1783152074415 1.4146493359809198 411
1783152076806 1.4146493318861073 412
1783152079177 1.4146493381033352 413
1783152081584 1.4146493153802169 414
1783152083992 1.4146493341037014 415
1783152086352 1.4146493305306356 416
1783152088736 1.4146493396617004 417
1783152091219 1.4146493381785925 418
1783152093541 1.4146493270981007 419
1783152095888 1.4146493341330204 420
1783152098316 1.4146493506329063 421
1783152100849 1.4146493406144827 422
1783152103300 1.414649307909692 423
1783152105687 1.4146493439570922 424
