1783152048084 8.739333391189575 400
1783152050519 1.7744920253753662 401
1783152053045 1.9359838962554932 402
1783152055458 1.8080346584320068 403
1783152057961 1.9155118465423584 404
1783152060320 1.7707223892211914 405
1783152062666 1.7679657936096191 406
1783152065029 1.7809991836547852 407
1783152067386 1.7831494808197021 408
1783152069737 1.7768371105194092 409
1783152072072 1.7609174251556396 410
1783152074415 1.768815279006958 411
1783152076806 1.750884771347046 412
1783152079177 1.7728826999664307 413
1783152081584 1.776383876800537 414
1783152083992 1.805403232574463 415
1783152086352 1.7525150775909424 416
1783152088736 1.7919020652770996 417
1783152091219 1.8762121200561523 418
1783152093541 1.7465922832489014 419
1783152095888 1.7711634635925293 420
1783152098316 1.8158683776855469 421
1783152100849 1.9276962280273438 422
1783152103300 1.8673129081726074 423
1783152105687 1.8030707836151123 424
