1783152048084 0.7758849479935386 400
1783152050519 0.7764006690545515 401
1783152053045 0.7767446664246646 402
1783152055458 0.7769522748210214 403
1783152057961 0.7770196118138053 404
1783152060320 0.7769611450758848 405
1783152062666 0.7767936180938374 406
1783152065029 0.7765704420479861 407
1783152067386 0.7762881490317258 408
1783152069737 0.7759322957559065 409
1783152072072 0.7755118364637549 410
1783152074415 0.7750349803404375 411
1783152076806 0.7745004756884142 412
1783152079177 0.773913402449001 413
1783152081584 0.7732923437248577 414
1783152083992 0.7726419838992032 415
1783152086352 0.7719725885174491 416
1783152088736 0.7713107818906958 417
1783152091219 0.7706379294395447 418
1783152093541 0.7699529257687655 419
1783152095888 0.7692283419045535 420
1783152098316 0.7685025767846541 421
1783152100849 0.7677725390954451 422
1783152103300 0.7670131677931006 423
1783152105687 0.766244961456819 424
