1783152048084 4.01985009856846 400
1783152050519 3.9872575946476148 401
1783152053045 3.9556448148644487 402
1783152055458 3.925162398296854 403
1783152057961 3.8958163468734077 404
1783152060320 3.867731861446215 405
1783152062666 3.840850021528161 406
1783152065029 3.815115907917852 407
1783152067386 3.7905290956082553 408
1783152069737 3.7672423901765244 409
1783152072072 3.7452865476193637 410
1783152074415 3.7244966237441353 411
1783152076806 3.7049391580664595 412
1783152079177 3.6866124505582065 413
1783152081584 3.6694211441537607 414
1783152083992 3.653238182482512 415
1783152086352 3.6380337528560474 416
1783152088736 3.624064424763555 417
1783152091219 3.6112082833829136 418
1783152093541 3.599169803702313 419
1783152095888 3.5882387368575386 420
1783152098316 3.5782759293265967 421
1783152100849 3.56922637897989 422
1783152103300 3.561366672101228 423
1783152105687 3.5544241925944453 424
