1783152048084 0.35400107502937317 400
1783152050519 0.35400107502937317 401
1783152053045 0.35400113463401794 402
1783152055458 0.35400113463401794 403
1783152057961 0.35400113463401794 404
1783152060320 0.35400113463401794 405
1783152062666 0.35400113463401794 406
1783152065029 0.35400113463401794 407
1783152067386 0.35400113463401794 408
1783152069737 0.35400113463401794 409
1783152072072 0.35400107502937317 410
1783152074415 0.35400113463401794 411
1783152076806 0.35400113463401794 412
1783152079177 0.35400113463401794 413
1783152081584 0.35400113463401794 414
1783152083992 0.35400113463401794 415
1783152086352 0.35400113463401794 416
1783152088736 0.35400113463401794 417
1783152091219 0.35400113463401794 418
1783152093541 0.35400113463401794 419
1783152095888 0.35400107502937317 420
1783152098316 0.35400113463401794 421
1783152100849 0.35400113463401794 422
1783152103300 0.35400113463401794 423
1783152105687 0.35400113463401794 424
