1783152048084 0.597340030768483 400
1783152050519 0.5973400037313245 401
1783152053045 0.5973400291298673 402
1783152055458 0.5973400201174811 403
1783152057961 0.597340030768483 404
1783152060320 0.5973400393712152 405
1783152062666 0.5973400299491751 406
1783152065029 0.5973400397808691 407
1783152067386 0.5973400291298673 408
1783152069737 0.5973400348650221 409
1783152072072 0.5973400266719437 410
1783152074415 0.5973400434677544 411
1783152076806 0.5973400201174811 412
1783152079177 0.5973400225754046 413
1783152081584 0.5973400078278637 414
1783152083992 0.5973400365036378 415
1783152086352 0.597340040600177 416
1783152088736 0.5973400266719437 417
1783152091219 0.5973400446967161 418
1783152093541 0.5973400250333282 419
1783152095888 0.597340025442982 420
1783152098316 0.5973400168402498 421
1783152100849 0.5973400336360604 422
1783152103300 0.5973400283105594 423
1783152105687 0.5973400197078272 424
