1783152048084 0.9359177265550322 400
1783152050519 0.9359177181201019 401
1783152053045 0.9359177131997258 402
1783152055458 0.9359177061706172 403
1783152057961 0.9359177230404779 404
1783152060320 0.9359177110909932 405
1783152062666 0.9359177103880824 406
1783152065029 0.9359177131997258 407
1783152067386 0.9359177075764389 408
1783152069737 0.9359177110909932 409
1783152072072 0.9359177195259236 410
1783152074415 0.9359177209317453 411
1783152076806 0.9359177363957843 412
1783152079177 0.9359177244462997 413
1783152081584 0.9359177026560629 414
1783152083992 0.9359177167142801 415
1783152086352 0.9359177047647954 416
1783152088736 0.9359177096851715 417
1783152091219 0.9359177131997258 418
1783152093541 0.9359177195259236 419
1783152095888 0.9359177209317453 420
1783152098316 0.9359177047647954 421
1783152100849 0.9359177251492106 422
1783152103300 0.9359177160113693 423
1783152105687 0.9359177026560629 424
