1783152048084 0.48083147406578064 400
1783152050519 0.4808315336704254 401
1783152053045 0.48083147406578064 402
1783152055458 0.48083147406578064 403
1783152057961 0.48083147406578064 404
1783152060320 0.48083147406578064 405
1783152062666 0.48083147406578064 406
1783152065029 0.4808315634727478 407
1783152067386 0.48083147406578064 408
1783152069737 0.48083147406578064 409
1783152072072 0.48083147406578064 410
1783152074415 0.48083147406578064 411
1783152076806 0.48083147406578064 412
1783152079177 0.4808315336704254 413
1783152081584 0.4808315336704254 414
1783152083992 0.4808315634727478 415
1783152086352 0.4808315634727478 416
1783152088736 0.48083147406578064 417
1783152091219 0.4808315336704254 418
1783152093541 0.48083147406578064 419
1783152095888 0.48083147406578064 420
1783152098316 0.4808315634727478 421
1783152100849 0.4808315336704254 422
1783152103300 0.48083147406578064 423
1783152105687 0.48083147406578064 424
