1783152048084 0.32690715437104717 400
1783152050519 0.32690715578180796 401
1783152053045 0.32690714308496055 402
1783152055458 0.3269071649517533 403
1783152057961 0.32690714661186265 404
1783152060320 0.32690714590648223 405
1783152062666 0.3269071388526781 406
1783152065029 0.32690714379034097 407
1783152067386 0.3269071402634389 408
1783152069737 0.32690715296028633 409
1783152072072 0.32690716071947085 410
1783152074415 0.32690714308496055 411
1783152076806 0.32690715930871006 412
1783152079177 0.3269071564871884 413
1783152081584 0.32690715296028633 414
1783152083992 0.3269071444957214 415
1783152086352 0.3269071515495255 416
1783152088736 0.3269071501387647 417
1783152091219 0.3269071600140905 418
1783152093541 0.32690714872800386 419
1783152095888 0.3269071501387647 420
1783152098316 0.3269071600140905 421
1783152100849 0.3269071501387647 422
1783152103300 0.326907145553792 423
1783152105687 0.3269071494333843 424
