1783152048084 1.0086346138158493 400
1783152050519 1.0086346039405236 401
1783152053045 1.0086345912436763 402
1783152055458 1.0086346138158493 403
1783152057961 1.008634642031066 404
1783152060320 1.0086345884221546 405
1783152062666 1.0086346208696535 406
1783152065029 1.0086345898329154 407
1783152067386 1.0086345912436763 408
1783152069737 1.0086345940651977 409
1783152072072 1.0086346039405236 410
1783152074415 1.0086346180481318 411
1783152076806 1.0086345714930247 412
1783152079177 1.008634585600633 413
1783152081584 1.0086345898329154 414
1783152083992 1.0086345799575895 415
1783152086352 1.008634584189872 416
1783152088736 1.0086346180481318 417
1783152091219 1.0086345884221546 418
1783152093541 1.0086346067620453 419
1783152095888 1.0086345926544371 420
1783152098316 1.0086345940651977 421
1783152100849 1.0086345587961771 422
1783152103300 1.0086345884221546 423
1783152105687 1.0086346067620453 424
