1783152048084 0.03606116399168968 400
1783152050519 0.03606116399168968 401
1783152053045 0.03606116399168968 402
1783152055458 0.03606116399168968 403
1783152057961 0.03606116399168968 404
1783152060320 0.03606116399168968 405
1783152062666 0.03606116399168968 406
1783152065029 0.03606116399168968 407
1783152067386 0.03606116399168968 408
1783152069737 0.03606116399168968 409
1783152072072 0.03606116399168968 410
1783152074415 0.03606116399168968 411
1783152076806 0.03606116399168968 412
1783152079177 0.03606116399168968 413
1783152081584 0.03606116399168968 414
1783152083992 0.03606116399168968 415
1783152086352 0.03606116399168968 416
1783152088736 0.03606116399168968 417
1783152091219 0.03606116399168968 418
1783152093541 0.03606116399168968 419
1783152095888 0.03606116399168968 420
1783152098316 0.03606116399168968 421
1783152100849 0.03606116399168968 422
1783152103300 0.03606116399168968 423
1783152105687 0.03606116399168968 424
