1783152048084 0.4031184963558031 400
1783152050519 0.4031187179295913 401
1783152053045 0.4031186246353647 402
1783152055458 0.40311863111413043 403
1783152057961 0.4031186220438584 404
1783152060320 0.40311871663383814 405
1783152062666 0.4031187088593193 406
1783152065029 0.4031186246353647 407
1783152067386 0.4031186246353647 408
1783152069737 0.40311871145082556 409
1783152072072 0.4031186220438584 410
1783152074415 0.40311861815659894 411
1783152076806 0.403118627226871 412
1783152079177 0.4031186207481053 413
1783152081584 0.40311862593111786 414
1783152083992 0.403118627226871 415
1783152086352 0.4031185805797577 416
1783152088736 0.4031186220438584 417
1783152091219 0.40311862593111786 418
1783152093541 0.4031186168608458 419
1783152095888 0.4031186220438584 420
1783152098316 0.4031187088593193 421
1783152100849 0.4031184989473094 422
1783152103300 0.403118715338085 423
1783152105687 0.4031184989473094 424
