1783152048084 0.47520220415158704 400
1783152050519 0.47554610534147784 401
1783152053045 0.4764223342592066 402
1783152055458 0.4776720838113265 403
1783152057961 0.47929000041701575 404
1783152060320 0.48121114752509375 405
1783152062666 0.48336166685277765 406
1783152065029 0.48560513962398877 407
1783152067386 0.48793635314161127 408
1783152069737 0.49038183418187226 409
1783152072072 0.49290218678387726 410
1783152074415 0.4954776953567158 411
1783152076806 0.4981055422262712 412
1783152079177 0.5007716634056785 413
1783152081584 0.5034289820627733 414
1783152083992 0.5060675929893147 415
1783152086352 0.5086525163867257 416
1783152088736 0.5111032358624719 417
1783152091219 0.5134817456657236 418
1783152093541 0.5158306753093546 419
1783152095888 0.5182041173631494 420
1783152098316 0.5204687118530273 421
1783152100849 0.5226389101960442 422
1783152103300 0.5248067636381496 423
1783152105687 0.5269074859944257 424
