1783152048084 0.7304641507774844 400
1783152050519 0.7304641540798 401
1783152053045 0.7304641494376923 402
1783152055458 0.7304641388961588 403
1783152057961 0.730464163347266 404
1783152060320 0.7304641520646392 405
1783152062666 0.7304641556663509 406
1783152065029 0.7304641603133583 407
1783152067386 0.7304641544608468 408
1783152069737 0.730464145268593 409
1783152072072 0.7304641477630097 410
1783152074415 0.7304641590626785 411
1783152076806 0.7304641537150356 412
1783152079177 0.7304641699387058 413
1783152081584 0.7304641407335002 414
1783152083992 0.7304641514281542 415
1783152086352 0.7304641525316716 416
1783152088736 0.7304641561698987 417
1783152091219 0.7304641519520105 418
1783152093541 0.7304641514619176 419
1783152095888 0.7304641506023661 420
1783152098316 0.7304641619321641 421
1783152100849 0.7304641624118591 422
1783152103300 0.7304641457792864 423
1783152105687 0.7304641495851528 424
