1783152048084 0.670391929263068 400
1783152050519 0.6703919247970972 401
1783152053045 0.6703919234283159 402
1783152055458 0.6703919128209487 403
1783152057961 0.6703919328348449 404
1783152060320 0.6703919368735755 405
1783152062666 0.6703919376555745 406
1783152065029 0.670391943510241 407
1783152067386 0.6703919311627484 408
1783152069737 0.670391921559115 409
1783152072072 0.6703919163886604 410
1783152074415 0.6703919336747611 411
1783152076806 0.6703919277489233 412
1783152079177 0.6703919425941381 413
1783152081584 0.6703919162834611 414
1783152083992 0.6703919197239893 415
1783152086352 0.6703919213988374 416
1783152088736 0.6703919288043778 417
1783152091219 0.6703919234647127 418
1783152093541 0.6703919239121834 419
1783152095888 0.6703919280834072 420
1783152098316 0.670391937300905 421
1783152100849 0.6703919423949432 422
1783152103300 0.6703919199564021 423
1783152105687 0.6703919170679495 424
