1783152048084 0.15962089598178864 400
1783152050519 0.15962089857329492 401
1783152053045 0.15962089727754178 402
1783152055458 0.15962089857329492 403
1783152057961 0.15962089598178864 404
1783152060320 0.1596208992211715 405
1783152062666 0.15962089662966522 406
1783152065029 0.15962089533391205 407
1783152067386 0.15962089857329492 408
1783152069737 0.15962089662966522 409
1783152072072 0.15962089533391205 410
1783152074415 0.15962089662966522 411
1783152076806 0.15962089792541836 412
1783152079177 0.15962089857329492 413
1783152081584 0.15962089727754178 414
1783152083992 0.15962089598178864 415
1783152086352 0.15962089662966522 416
1783152088736 0.15962089986904807 417
1783152091219 0.15962089598178864 418
1783152093541 0.15962089986904807 419
1783152095888 0.15962089727754178 420
1783152098316 0.15962089792541836 421
1783152100849 0.15962089986904807 422
1783152103300 0.15962089857329492 423
1783152105687 0.15962089662966522 424
