1783152048084 1.1281864124795664 400
1783152050519 1.1281864124795664 401
1783152053045 1.1281864124795664 402
1783152055458 1.128186407296554 403
1783152057961 1.1281864021135413 404
1783152060320 1.1281864124795664 405
1783152062666 1.128186407296554 406
1783152065029 1.128186417662579 407
1783152067386 1.128186407296554 408
1783152069737 1.128186407296554 409
1783152072072 1.1281864021135413 410
1783152074415 1.128186433211617 411
1783152076806 1.128186417662579 412
1783152079177 1.1281864124795664 413
1783152081584 1.1281864021135413 414
1783152083992 1.128186417662579 415
1783152086352 1.128186407296554 416
1783152088736 1.1281864280286042 417
1783152091219 1.128186417662579 418
1783152093541 1.1281864228455916 419
1783152095888 1.1281864124795664 420
1783152098316 1.1281864124795664 421
1783152100849 1.1281864280286042 422
1783152103300 1.128186407296554 423
1783152105687 1.1281864021135413 424
