1783152048084 1.45 400
1783152050519 1.45 401
1783152053045 1.45 402
1783152055458 1.45 403
1783152057961 1.45 404
1783152060320 1.45 405
1783152062666 1.45 406
1783152065029 1.45 407
1783152067386 1.45 408
1783152069737 1.45 409
1783152072072 1.45 410
1783152074415 1.45 411
1783152076806 1.45 412
1783152079177 1.45 413
1783152081584 1.45 414
1783152083992 1.45 415
1783152086352 1.45 416
1783152088736 1.45 417
1783152091219 1.45 418
1783152093541 1.45 419
1783152095888 1.45 420
1783152098316 1.45 421
1783152100849 1.45 422
1783152103300 1.45 423
1783152105687 1.45 424
