1783152048084 0.7304641448933146 400
1783152050519 0.7304641448933146 401
1783152053045 0.7304641526678334 402
1783152055458 0.7304641345272893 403
1783152057961 0.7304641552593397 404
1783152060320 0.7304641448933146 405
1783152062666 0.7304641604423523 406
1783152065029 0.7304641552593397 407
1783152067386 0.7304641474848208 408
1783152069737 0.730464157850846 409
1783152072072 0.7304641604423523 410
1783152074415 0.7304641397103019 411
1783152076806 0.7304641448933146 412
1783152079177 0.730464157850846 413
1783152081584 0.7304641500763271 414
1783152083992 0.7304641319357831 415
1783152086352 0.7304641526678334 416
1783152088736 0.730464157850846 417
1783152091219 0.7304641371187957 418
1783152093541 0.7304641604423523 419
1783152095888 0.7304641630338586 420
1783152098316 0.7304641319357831 421
1783152100849 0.7304641448933146 422
1783152103300 0.7304641552593397 423
1783152105687 0.7304641656253649 424
