1783152048084 0.6703919198202051 400
1783152050519 0.6703919211159581 401
1783152053045 0.6703919159329456 402
1783152055458 0.6703919133414393 403
1783152057961 0.6703919198202051 404
1783152060320 0.6703919301862302 405
1783152062666 0.6703919301862302 406
1783152065029 0.6703919444395148 407
1783152067386 0.6703919340734896 408
1783152069737 0.6703919314819834 409
1783152072072 0.6703919042711672 410
1783152074415 0.6703918874263763 411
1783152076806 0.6703919224117113 412
1783152079177 0.6703919224117113 413
1783152081584 0.6703919224117113 414
1783152083992 0.6703919185244519 415
1783152086352 0.6703919379607491 416
1783152088736 0.6703919224117113 417
1783152091219 0.6703919275947239 418
1783152093541 0.6703919211159581 419
1783152095888 0.6703919237074645 420
1783152098316 0.6703919146371924 421
1783152100849 0.6703919314819834 422
1783152103300 0.6703919353692428 423
1783152105687 0.6703919250032176 424
