1783152048084 0.9867054534995038 400
1783152050519 0.9867054431334786 401
1783152053045 0.9867054327674534 402
1783152055458 0.9867054431334786 403
1783152057961 0.9867054509079974 404
1783152060320 0.98670545609101 405
1783152062666 0.9867054431334786 406
1783152065029 0.98670545609101 407
1783152067386 0.9867054431334786 408
1783152069737 0.9867054534995038 409
1783152072072 0.9867054457249849 410
1783152074415 0.9867054509079974 411
1783152076806 0.9867054405419723 412
1783152079177 0.9867054638655289 413
1783152081584 0.9867054664570353 414
1783152083992 0.9867054483164912 415
1783152086352 0.9867054690485415 416
1783152088736 0.9867054483164912 417
1783152091219 0.9867054483164912 418
1783152093541 0.9867054353589597 419
1783152095888 0.9867054509079974 420
1783152098316 0.9867054638655289 421
1783152100849 0.9867054690485415 422
1783152103300 0.9867054509079974 423
1783152105687 0.9867054483164912 424
