1783152048084 0.9177571379620096 400
1783152050519 0.9198888566183008 401
1783152053045 0.9219007206999738 402
1783152055458 0.9237763104231461 403
1783152057961 0.9254955493885538 404
1783152060320 0.9270443709000297 405
1783152062666 0.9284120227979578 406
1783152065029 0.9296459529710852 407
1783152067386 0.9307308378426925 408
1783152069737 0.9316461189933445 409
1783152072072 0.9323831848476244 410
1783152074415 0.9329504811245463 411
1783152076806 0.9333456651024197 412
1783152079177 0.9335743810819543 413
1783152081584 0.9336567391519961 414
1783152083992 0.9336019339768783 415
1783152086352 0.9334218890770621 416
1783152088736 0.9331294894218445 417
1783152091219 0.9327219154523767 418
1783152093541 0.9322216821753461 419
1783152095888 0.9316061009531436 420
1783152098316 0.9308814432310022 421
1783152100849 0.9300374336864637 422
1783152103300 0.9290857289148413 423
1783152105687 0.9280302550481714 424
