1783152048084 0.05707477033138275 400
1783152050519 0.057074762880802155 401
1783152053045 0.05707477778196335 402
1783152055458 0.057074759155511856 403
1783152057961 0.057074762880802155 404
1783152060320 0.05707476660609245 405
1783152062666 0.05707474797964096 406
1783152065029 0.057074762880802155 407
1783152067386 0.05707476660609245 408
1783152069737 0.057074762880802155 409
1783152072072 0.057074759155511856 410
1783152074415 0.057074762880802155 411
1783152076806 0.057074762880802155 412
1783152079177 0.05707475170493126 413
1783152081584 0.057074759155511856 414
1783152083992 0.05707477033138275 415
1783152086352 0.05707476660609245 416
1783152088736 0.05707477778196335 417
1783152091219 0.05707477778196335 418
1783152093541 0.057074762880802155 419
1783152095888 0.05707477033138275 420
1783152098316 0.057074762880802155 421
1783152100849 0.057074762880802155 422
1783152103300 0.05707476660609245 423
1783152105687 0.05707477033138275 424
