1783060898539 0.9650311136245727 87
1783060926890 0.9809050130844116 88
1783060955898 0.9904470229148865 89
1783060983871 0.9888743019104004 90
1783061011934 0.9918895769119263 91
1783061038853 0.9909590935707092 92
1783061066379 0.9919983577728272 93
1783061095946 0.9915512871742248 94
1783061124880 0.9868291163444519 95
1783061154909 0.9673585557937622 96
1783061185142 0.9209996962547302 97
1783061214900 0.9005373454093933 98
1783061241725 0.8619175863265991 99
1783061267873 0.8420511078834534 100
1783061293973 0.8347042775154114 101
1783061320359 0.8258051633834839 102
1783061346450 0.8071100664138794 103
1783061372630 0.8185670375823975 104
1783061399333 0.8014346337318421 105
1783061425968 0.7884571003913879 106
1783061452096 0.8019219636917114 107
1783061478547 0.7839219665527344 108
1783061505496 0.7759394836425781 109
1783061532044 0.7694743061065674 110
1783061557714 0.7590664339065551 111
1783061582973 0.7564336681365966 112
1783061608725 0.7488007497787476 113
1783061634594 0.7329377198219299 114
1783061660005 0.7272282099723816 115
1783061685479 0.7197448372840881 116
1783061711730 0.7129241228103638 117
1783061737308 0.6994158935546875 118
1783061762949 0.6879783082008362 119
1783061787017 0.6727484583854675 120
1783061811489 0.6619266319274902 121
1783061836007 0.6652255153656006 122
1783061860678 0.6581732439994812 123
1783061886530 0.6448445725440979 124
1783061913569 0.6487585234642029 125
1783061945422 0.6393035626411439 126
1783061987287 0.6434525370597839 127
1783062033640 0.6386940336227417 128
1783062081204 0.6326064872741699 129
1783062129510 0.6258720397949219 130
1783062179476 0.6198133826255798 131
1783062231093 0.6152587819099427 132
1783062284867 0.6076819968223571 133
1783062339688 0.6061911940574646 134
1783062396741 0.5985473728179932 135
1783062456728 0.6008401918411255 136
1783062523229 0.5575165367126464 137
1783062590069 0.5591688299179077 138
1783062659277 0.5304600930213929 139
1783062730078 0.5139832293987274 140
1783062801515 0.4959716260433197 141
1783062874204 0.4966390812397003 142
1783062947960 0.48432679414749147 143
1783063022210 0.4859293746948242 144
1783063098620 0.47154416680336 145
1783063181871 0.46496463537216187 146
1783063265720 0.4519156908988953 147
1783063353509 0.4117403495311737 148
1783063444774 0.3934817731380463 149
1783063537615 0.36017022728919984 150
1783063631370 0.3567893600463867 151
1783063725227 0.3555189061164856 152
1783063818713 0.3393829154968262 153
1783063912521 0.32646016955375673 154
1783064006596 0.3277358293533325 155
1783064100374 0.33710955023765565 156
1783064194193 0.32014883160591123 157
1783064288225 0.29982029914855957 158
1783064382184 0.3102507424354553 159
1783064476018 0.2958767700195313 160
1783064569883 0.28352925658226014 161
1783064663742 0.28577834367752075 162
1783064757505 0.28094525218009947 163
1783064850845 0.29066107630729676 164
1783064944703 0.2809001135826111 165
1783065038569 0.2808226788043976 166
1783065132587 0.27933016657829285 167
1783065226368 0.27783981680870057 168
1783065320238 0.26865838170051576 169
1783065413911 0.27126988470554353 170
1783065507694 0.27515808045864104 171
1783065601088 0.2619390600919724 172
1783065694756 0.25935880780220033 173
1783065788873 0.26338423788547516 174
1783065882656 0.25487146615982054 175
1783065976656 0.23612233996391296 176
1783066077174 0.24511144697666168 177
1783066188261 0.25400348484516144 178
1783066290078 0.23848900318145752 179
1783066395147 0.23728137969970703 180
1783066530331 0.2331758850812912 181
1783066670996 0.2388811218738556 182
1783066810399 0.23959518373012542 183
1783066947909 0.23173651814460755 184
1783067079537 0.24011493504047393 185
1783067224441 0.22925277829170226 186
1783067357807 0.2383633130788803 187
1783067476208 0.22301889657974244 188
1783067589042 0.22475359499454498 189
1783067701293 0.22298239946365356 190
1783067814203 0.22664255142211914 191
1783067929335 0.22059868693351745 192
1783068047657 0.2159703266620636 193
1783068166951 0.21587499022483825 194
1783068282030 0.21320604264736176 195
1783068399957 0.21697390973567962 196
1783068520080 0.20023813903331755 197
1783068636861 0.19954159915447234 198
1783068763801 0.1947181212902069 199
1783068891702 0.19237173616886138 200
1783069017943 0.19376818597316742 201
1783069169067 0.18295507669448852 202
1783069319687 0.18615423440933226 203
1783069450059 0.19232766449451447 204
1783069571375 0.1829199582338333 205
1783069684986 0.17763857662677765 206
1783069798282 0.18599575877189636 207
1783069911579 0.18061964392662047 208
1783070024092 0.17395687758922576 209
1783070137120 0.18834881067276002 210
1783070249933 0.17526383221149444 211
1783070362741 0.16740498304367066 212
1783070475774 0.17597926914691925 213
1783070588552 0.169947389960289 214
1783070701563 0.17514657199382783 215
1783070814257 0.17123949885368348 216
1783070927219 0.1649845653772354 217
1783071039433 0.1614016115665436 218
1783071152407 0.16207736372947693 219
1783071265483 0.16695436239242553 220
1783071378101 0.1641113442182541 221
1783071490819 0.17087012588977812 222
1783071603700 0.17553651750087737 223
1783071716502 0.16215354859828948 224
1783071829243 0.17282351970672608 225
1783071942164 0.17098330914974214 226
1783072055300 0.16866968274116517 227
1783072168562 0.1720208978652954 228
1783072281964 0.16448499023914337 229
1783072396486 0.1658671009540558 230
1783072509565 0.16196935415267943 231
1783072622383 0.1665276348590851 232
1783072735617 0.15893831610679626 233
1783072848668 0.1597562873363495 234
1783072961353 0.15449606597423554 235
1783073073937 0.16168349146842956 236
1783073187008 0.17156953513622283 237
1783073299668 0.16296167492866517 238
1783073412848 0.1647460174560547 239
1783073525766 0.16027669191360475 240
1783073638804 0.16043594419956209 241
1783073751667 0.15148970007896423 242
1783073864508 0.15486449599266053 243
1783073977402 0.16759572803974152 244
1783074090374 0.15695965826511382 245
1783074203192 0.16213060438632965 246
1783074316286 0.15595441162586213 247
1783074429103 0.15600716531276704 248
1783074541728 0.16143900036811829 249
1783074655237 0.1688655287027359 250
1783074768524 0.16510576248168946 251
1783074880989 0.16232542157173158 252
1783074993465 0.1636175125837326 253
1783075106443 0.16130758047103883 254
1783075219582 0.15964163839817047 255
1783075332632 0.1588922470808029 256
1783075454301 0.15668180108070373 257
1783075577902 0.16212696850299835 258
1783075692495 0.15603356182575226 259
