1783060898539 0.13779861658811568 87
1783060926890 0.11263221800327301 88
1783060955898 0.14520144015550612 89
1783060983871 0.06876786082983016 90
1783061011934 0.06613670155405998 91
1783061038853 0.041514389514923096 92
1783061066379 0.03463162750005722 93
1783061095946 0.027096325978636742 94
1783061124880 0.03253686837852001 95
1783061154909 0.038096282333135605 96
1783061185142 0.04368054300546646 97
1783061214900 0.0520075024664402 98
1783061241725 0.06351405471563339 99
1783061267873 0.05961746260523796 100
1783061293973 0.07601999461650849 101
1783061320359 0.077363882958889 102
1783061346450 0.07308982133865356 103
1783061372630 0.09984861880540848 104
1783061399333 0.13255376905202865 105
1783061425968 0.09942750245332718 106
1783061452096 0.12623072892427445 107
1783061478547 0.1273479250073433 108
1783061505496 0.16312398612499238 109
1783061532044 0.15494081258773804 110
1783061557714 0.1716808235645294 111
1783061582973 0.1859385883808136 112
1783061608725 0.18448858559131623 113
1783061634594 0.21389981985092163 114
1783061660005 0.21814553141593934 115
1783061685479 0.23124200284481047 116
1783061711730 0.22229182660579683 117
1783061737308 0.2166842609643936 118
1783061762949 0.23114318430423736 119
1783061787017 0.2259368646144867 120
1783061811489 0.23710653126239778 121
1783061836007 0.22633118867874147 122
1783061860678 0.2435020089149475 123
1783061886530 0.22909938931465149 124
1783061913569 0.23894334614276885 125
1783061945422 0.23200684905052185 126
1783061987287 0.2513544923067093 127
1783062033640 0.24595598697662355 128
1783062081204 0.24881749629974365 129
1783062129510 0.24163708806037903 130
1783062179476 0.24225405752658843 131
1783062231093 0.2385917806625366 132
1783062284867 0.23770593881607055 133
1783062339688 0.2344588541984558 134
1783062396741 0.24454382479190825 135
1783062456728 0.2335044890642166 136
1783062523229 0.23038414597511292 137
1783062590069 0.22802254259586335 138
1783062659277 0.2268346691131592 139
1783062730078 0.2239598560333252 140
1783062801515 0.2246759819984436 141
1783062874204 0.24781031250953675 142
1783062947960 0.24879061222076415 143
1783063022210 0.23377228081226348 144
1783063098620 0.23211140632629396 145
1783063181871 0.25057500183582304 146
1783063265720 0.22759136080741882 147
1783063353509 0.23759746670722962 148
1783063444774 0.23730413377285003 149
1783063537615 0.24524736702442168 150
1783063631370 0.25643743336200714 151
1783063725227 0.25050684452056887 152
1783063818713 0.25846824526786805 153
1783063912521 0.2507736766338348 154
1783064006596 0.251636421084404 155
1783064100374 0.25739238381385804 156
1783064194193 0.2518464118242264 157
1783064288225 0.23507125735282897 158
1783064382184 0.2629473650455475 159
1783064476018 0.24132569909095763 160
1783064569883 0.24528997659683227 161
1783064663742 0.25769040584564207 162
1783064757505 0.25421377837657927 163
1783064850845 0.2615510195493698 164
1783064944703 0.2526629638671875 165
1783065038569 0.26330994784832 166
1783065132587 0.2581473952531815 167
1783065226368 0.26106101393699643 168
1783065320238 0.2558146953582764 169
1783065413911 0.256983482837677 170
1783065507694 0.26405426502227786 171
1783065601088 0.2811794376373291 172
1783065694756 0.25964105129241943 173
1783065788873 0.2532438868284225 174
1783065882656 0.271005157828331 175
1783065976656 0.26764611780643466 176
1783066077174 0.2569076466560364 177
1783066188261 0.2730207407474518 178
1783066290078 0.25086657106876376 179
1783066395147 0.2536458021402359 180
1783066530331 0.2576732391119003 181
1783066670996 0.2644218933582306 182
1783066810399 0.2741395390033722 183
1783066947909 0.26020868837833405 184
1783067079537 0.25086832761764527 185
1783067224441 0.24834747433662416 186
1783067357807 0.2737205994129181 187
1783067476208 0.2686904430389404 188
1783067589042 0.2646044528484344 189
1783067701293 0.2651468640565872 190
1783067814203 0.27031984329223635 191
1783067929335 0.2599108463525772 192
1783068047657 0.25958125829696654 193
1783068166951 0.2597667807340622 194
1783068282030 0.2897567588090897 195
1783068399957 0.28213837146759035 196
1783068520080 0.2511340987682342 197
1783068636861 0.2614795058965683 198
1783068763801 0.27244624495506287 199
1783068891702 0.2541958624124527 200
1783069017943 0.2602516281604767 201
1783069169067 0.24715655744075776 202
1783069319687 0.2597064882516861 203
1783069450059 0.2620127159357071 204
1783069571375 0.24766816735267638 205
1783069684986 0.25517879247665404 206
1783069798282 0.24965780794620515 207
1783069911579 0.25301743507385255 208
1783070024092 0.2419989687204361 209
1783070137120 0.2518076330423355 210
1783070249933 0.26027787029743193 211
1783070362741 0.26452717125415803 212
1783070475774 0.2578542518615723 213
1783070588552 0.25489286065101624 214
1783070701563 0.2579861783981323 215
1783070814257 0.25228317856788635 216
1783070927219 0.2539385312795639 217
1783071039433 0.25269217729568483 218
1783071152407 0.2524997067451477 219
1783071265483 0.2517572093009949 220
1783071378101 0.25900221526622774 221
1783071490819 0.274617914557457 222
1783071603700 0.2570077037811279 223
1783071716502 0.26166782915592196 224
1783071829243 0.2545181703567505 225
1783071942164 0.2749912017583847 226
1783072055300 0.2594505077600479 227
1783072168562 0.25778709053993226 228
1783072281964 0.25135805666446687 229
1783072396486 0.265377641916275 230
1783072509565 0.26787167668342593 231
1783072622383 0.26125162541866304 232
1783072735617 0.2634346932172775 233
1783072848668 0.25465558111667635 234
1783072961353 0.2644610184431076 235
1783073073937 0.25586480855941773 236
1783073187008 0.26298642337322237 237
1783073299668 0.2706972765922546 238
1783073412848 0.2724408406019211 239
1783073525766 0.27032686650753024 240
1783073638804 0.2658800995349884 241
1783073751667 0.2631952142715454 242
1783073864508 0.2631821781396866 243
1783073977402 0.2709233069419861 244
1783074090374 0.2641052937507629 245
1783074203192 0.270411251783371 246
1783074316286 0.26984606981277465 247
1783074429103 0.26753982067108156 248
1783074541728 0.2626100832223892 249
1783074655237 0.26459131479263304 250
1783074768524 0.2942285579442978 251
1783074880989 0.3142988133430481 252
1783074993465 0.2933707469701767 253
1783075106443 0.2842125004529953 254
1783075219582 0.29843861937522886 255
1783075332632 0.28538884341716764 256
1783075454301 0.27289249897003176 257
1783075577902 0.2892499667406082 258
1783075692495 0.29028344511985776 259
