1783060898539 1.3625979375839234 87
1783060926890 1.5736533784866333 88
1783060955898 1.5249163341522216 89
1783060983871 1.6983630084991455 90
1783061011934 1.7414757061004638 91
1783061038853 1.8190464782714844 92
1783061066379 1.8443053913116456 93
1783061095946 1.8820814323425292 94
1783061124880 1.8728548765182496 95
1783061154909 1.842094020843506 96
1783061185142 1.8040143060684204 97
1783061214900 1.8075612163543702 98
1783061241725 1.7588731384277343 99
1783061267873 1.728255648612976 100
1783061293973 1.7195439624786377 101
1783061320359 1.6817571067810058 102
1783061346450 1.6756758356094361 103
1783061372630 1.5680828332901 104
1783061399333 1.4460767221450805 105
1783061425968 1.5273807191848754 106
1783061452096 1.4347118711471558 107
1783061478547 1.4227094411849976 108
1783061505496 1.2938857507705688 109
1783061532044 1.2337225294113159 110
1783061557714 1.1183559894561768 111
1783061582973 1.0487008118629455 112
1783061608725 1.0556459760665893 113
1783061634594 0.8221788215637207 114
1783061660005 0.7296013736724853 115
1783061685479 0.6841001987457276 116
1783061711730 0.6153118026256561 117
1783061737308 0.5441897130012512 118
1783061762949 0.521931232213974 119
1783061787017 0.5057651603221893 120
1783061811489 0.5259969019889832 121
1783061836007 0.4568031787872314 122
1783061860678 0.5208362650871277 123
1783061886530 0.39216322064399717 124
1783061913569 0.4424136137962341 125
1783061945422 0.4417194354534149 126
1783061987287 0.48911907196044924 127
1783062033640 0.49917609095573423 128
1783062081204 0.49091634035110476 129
1783062129510 0.4810681867599487 130
1783062179476 0.4931791126728058 131
1783062231093 0.47230039596557616 132
1783062284867 0.46603482723236084 133
1783062339688 0.4420634949207306 134
1783062396741 0.4974013161659241 135
1783062456728 0.4563745582103729 136
1783062523229 0.7134621357917785 137
1783062590069 0.4476128566265106 138
1783062659277 0.39606661319732667 139
1783062730078 0.42991719841957093 140
1783062801515 0.3965208649635315 141
1783062874204 0.4130067104101181 142
1783062947960 0.4271271300315857 143
1783063022210 0.37324598073959353 144
1783063098620 0.40752288937568665 145
1783063181871 0.4346590280532837 146
1783063265720 0.3457322359085083 147
1783063353509 0.38066393494606016 148
1783063444774 0.38688853025436404 149
1783063537615 0.4333235585689545 150
1783063631370 0.44449826836586 151
1783063725227 0.44565792798995973 152
1783063818713 0.42122927069664 153
1783063912521 0.4473844707012177 154
1783064006596 0.4352938449382782 155
1783064100374 0.4771060252189636 156
1783064194193 0.4348530828952789 157
1783064288225 0.39657708883285525 158
1783064382184 0.48254897832870486 159
1783064476018 0.4222425532341003 160
1783064569883 0.45582569122314454 161
1783064663742 0.4894059407711029 162
1783064757505 0.47075364232063294 163
1783064850845 0.5105312359333039 164
1783064944703 0.49182141304016114 165
1783065038569 0.49184914112091066 166
1783065132587 0.4999868071079254 167
1783065226368 0.5233527386188507 168
1783065320238 0.4840563416481018 169
1783065413911 0.5077043080329895 170
1783065507694 0.49859449386596677 171
1783065601088 0.5426601898670197 172
1783065694756 0.5087094235420228 173
1783065788873 0.5306290650367737 174
1783065882656 0.5399561679363251 175
1783065976656 0.5445859134197235 176
1783066077174 0.5148314249515533 177
1783066188261 0.5038866853713989 178
1783066290078 0.5036276209354401 179
1783066395147 0.5181833839416504 180
1783066530331 0.5170242726802826 181
1783066670996 0.5094505751132965 182
1783066810399 0.5325515341758728 183
1783066947909 0.524579598903656 184
1783067079537 0.5234409308433533 185
1783067224441 0.5252086198329926 186
1783067357807 0.5543154036998749 187
1783067476208 0.5228618490695953 188
1783067589042 0.5539737868309021 189
1783067701293 0.5195701360702515 190
1783067814203 0.5501382970809936 191
1783067929335 0.533229159116745 192
1783068047657 0.5562300324440003 193
1783068166951 0.5304411160945892 194
1783068282030 0.5770729053020477 195
1783068399957 0.5974848651885987 196
1783068520080 0.5615425372123718 197
1783068636861 0.580273916721344 198
1783068763801 0.5810846745967865 199
1783068891702 0.6022542119026184 200
1783069017943 0.6093032801151276 201
1783069169067 0.5849024832248688 202
1783069319687 0.5998143339157105 203
1783069450059 0.6191964244842529 204
1783069571375 0.6113839209079742 205
1783069684986 0.5995416283607483 206
1783069798282 0.6125156605243682 207
1783069911579 0.6368143916130066 208
1783070024092 0.6182125985622406 209
1783070137120 0.6223088896274567 210
1783070249933 0.6650530099868774 211
1783070362741 0.6314087891578675 212
1783070475774 0.6498546814918518 213
1783070588552 0.645042872428894 214
1783070701563 0.6807405781745911 215
1783070814257 0.6439461958408356 216
1783070927219 0.653586984872818 217
1783071039433 0.651439162492752 218
1783071152407 0.6530466270446778 219
1783071265483 0.6706084656715393 220
1783071378101 0.6875983834266662 221
1783071490819 0.667617861032486 222
1783071603700 0.6725563061237335 223
1783071716502 0.687329683303833 224
1783071829243 0.6770076560974121 225
1783071942164 0.6878015661239624 226
1783072055300 0.7256596994400024 227
1783072168562 0.6951354312896728 228
1783072281964 0.7092876315116883 229
1783072396486 0.7184296536445618 230
1783072509565 0.7326214599609375 231
1783072622383 0.7063686132431031 232
1783072735617 0.7151736855506897 233
1783072848668 0.7129158043861389 234
1783072961353 0.7234557509422302 235
1783073073937 0.7289898180961609 236
1783073187008 0.7149917101860046 237
1783073299668 0.735260705947876 238
1783073412848 0.7305752015113831 239
1783073525766 0.7393091797828675 240
1783073638804 0.7178302121162414 241
1783073751667 0.7611895871162414 242
1783073864508 0.7806324219703674 243
1783073977402 0.7557525515556336 244
1783074090374 0.7595549416542053 245
1783074203192 0.7897332000732422 246
1783074316286 0.7823973941802979 247
1783074429103 0.7557511425018311 248
1783074541728 0.8403685760498046 249
1783074655237 0.8372054672241211 250
1783074768524 0.8567767834663391 251
1783074880989 0.8993386483192444 252
1783074993465 0.8379829692840576 253
1783075106443 0.8041075563430786 254
1783075219582 0.8373552250862122 255
1783075332632 0.8255403232574463 256
1783075454301 0.7851804471015931 257
1783075577902 0.7848352980613709 258
1783075692495 0.8697968626022339 259
