1783060898539 0.28896027445793154 87
1783060926890 0.32332789063453676 88
1783060955898 0.34580442667007444 89
1783060983871 0.3716278874874115 90
1783061011934 0.310879887342453 91
1783061038853 0.374240163564682 92
1783061066379 0.34772677302360533 93
1783061095946 0.37446701288223266 94
1783061124880 0.3963890314102173 95
1783061154909 0.42895366668701174 96
1783061185142 0.35654226422309876 97
1783061214900 0.46694494247436524 98
1783061241725 0.4102082896232605 99
1783061267873 0.41116172790527344 100
1783061293973 0.4519205343723297 101
1783061320359 0.44277061700820924 102
1783061346450 0.508167530298233 103
1783061372630 0.4042360281944275 104
1783061399333 0.38530004739761353 105
1783061425968 0.44557549834251403 106
1783061452096 0.4054538023471832 107
1783061478547 0.4569287049770355 108
1783061505496 0.42643425703048704 109
1783061532044 0.35423546433448794 110
1783061557714 0.3529278898239136 111
1783061582973 0.37649174928665163 112
1783061608725 0.43090938329696654 113
1783061634594 0.3451676416397095 114
1783061660005 0.33808799386024474 115
1783061685479 0.3413789105415344 116
1783061711730 0.3259734046459198 117
1783061737308 0.29873920023441314 118
1783061762949 0.29618457913398744 119
1783061787017 0.2916001564264297 120
1783061811489 0.3058949863910675 121
1783061836007 0.26958242774009705 122
1783061860678 0.31286424934864043 123
1783061886530 0.23325908541679383 124
1783061913569 0.2679433995485306 125
1783061945422 0.2679371094703674 126
1783061987287 0.3060765570402145 127
1783062033640 0.3115567809343338 128
1783062081204 0.30758040606975556 129
1783062129510 0.3014970105886459 130
1783062179476 0.3116069608926773 131
1783062231093 0.30023925721645356 132
1783062284867 0.29824521124362946 133
1783062339688 0.28260555624961853 134
1783062396741 0.3192408275604248 135
1783062456728 0.28698209941387176 136
1783062523229 0.3384462773799896 137
1783062590069 0.2112804639339447 138
1783062659277 0.2128314858675003 139
1783062730078 0.21585357427597046 140
1783062801515 0.200104763507843 141
1783062874204 0.2170007461309433 142
1783062947960 0.2270715916156769 143
1783063022210 0.1941399297118187 144
1783063098620 0.20430242478847505 145
1783063181871 0.2181767439842224 146
1783063265720 0.22901900887489318 147
1783063353509 0.22957175612449646 148
1783063444774 0.22774711549282073 149
1783063537615 0.2528472661972046 150
1783063631370 0.26292888045310975 151
1783063725227 0.267132043838501 152
1783063818713 0.2613907468318939 153
1783063912521 0.2722639411687851 154
1783064006596 0.2693965578079224 155
1783064100374 0.30571341812610625 156
1783064194193 0.27267871499061586 157
1783064288225 0.2431958770751953 158
1783064382184 0.3021329760551453 159
1783064476018 0.2581668192148209 160
1783064569883 0.2854776793718338 161
1783064663742 0.30961381673812866 162
1783064757505 0.29412908136844634 163
1783064850845 0.32262749135494234 164
1783064944703 0.31045480489730837 165
1783065038569 0.3094529819488525 166
1783065132587 0.31785860359668733 167
1783065226368 0.3228549212217331 168
1783065320238 0.30239921927452085 169
1783065413911 0.31957142233848573 170
1783065507694 0.3220822983980179 171
1783065601088 0.34068761229515077 172
1783065694756 0.31625110924243927 173
1783065788873 0.33187582790851594 174
1783065882656 0.34462604999542235 175
1783065976656 0.34737804770469666 176
1783066077174 0.3242354846000671 177
1783066188261 0.31783971905708314 178
1783066290078 0.3239563763141632 179
1783066395147 0.33262382686138153 180
1783066530331 0.33641907811164856 181
1783066670996 0.32806042551994324 182
1783066810399 0.34632343769073487 183
1783066947909 0.3319308942556381 184
1783067079537 0.33811829626560214 185
1783067224441 0.3443917179107666 186
1783067357807 0.35892003774642944 187
1783067476208 0.33475291073322294 188
1783067589042 0.3576297116279602 189
1783067701293 0.32695351958274843 190
1783067814203 0.3571003806591034 191
1783067929335 0.3391289782524109 192
1783068047657 0.35717169761657713 193
1783068166951 0.3359033268690109 194
1783068282030 0.36399816870689394 195
1783068399957 0.3816256833076477 196
1783068520080 0.35984530568122863 197
1783068636861 0.37358155608177185 198
1783068763801 0.3686423015594482 199
1783068891702 0.38157947540283205 200
1783069017943 0.38920345664024353 201
1783069169067 0.3746589434146881 202
1783069319687 0.3758747100830078 203
1783069450059 0.3907020139694214 204
1783069571375 0.3905590522289276 205
1783069684986 0.3812436425685883 206
1783069798282 0.3909351336956024 207
1783069911579 0.40437130570411683 208
1783070024092 0.3962798178195953 209
1783070137120 0.39688512206077575 210
1783070249933 0.4227939403057098 211
1783070362741 0.3991755771636963 212
1783070475774 0.4097637140750885 213
1783070588552 0.3946003472805023 214
1783070701563 0.4259345531463623 215
1783070814257 0.3964411997795105 216
1783070927219 0.41202672958374026 217
1783071039433 0.3955400562286377 218
1783071152407 0.40638422131538393 219
1783071265483 0.4215103530883789 220
1783071378101 0.42580889105796815 221
1783071490819 0.4047377109527588 222
1783071603700 0.4259353458881378 223
1783071716502 0.4310263967514038 224
1783071829243 0.4230915307998657 225
1783071942164 0.4234435391426086 226
1783072055300 0.44484736561775207 227
1783072168562 0.4228196096420288 228
1783072281964 0.43593448162078857 229
1783072396486 0.44369461536407473 230
1783072509565 0.45364638686180114 231
1783072622383 0.43027611017227174 232
1783072735617 0.43035620093345645 233
1783072848668 0.4295914852619171 234
1783072961353 0.4305248939990997 235
1783073073937 0.44196048498153684 236
1783073187008 0.429297616481781 237
1783073299668 0.4479438579082489 238
1783073412848 0.4326975214481354 239
1783073525766 0.4447297132015228 240
1783073638804 0.4277941584587097 241
1783073751667 0.4495580792427063 242
1783073864508 0.45521218061447144 243
1783073977402 0.4436402058601379 244
1783074090374 0.4368782389163971 245
1783074203192 0.4533156406879425 246
1783074316286 0.4527887272834778 247
1783074429103 0.4272498452663422 248
1783074541728 0.479739625453949 249
1783074655237 0.4790339982509613 250
1783074768524 0.4944477808475494 251
1783074880989 0.5121384680271148 252
1783074993465 0.4760115551948547 253
1783075106443 0.44831897139549254 254
1783075219582 0.4731422758102417 255
1783075332632 0.4581161653995514 256
1783075454301 0.44483081459999085 257
1783075577902 0.43748121976852417 258
1783075692495 0.4931740093231201 259
