1783060898539 0.6886061669826289 87
1783060926890 0.6775827950693123 88
1783060955898 0.5132937687490633 89
1783060983871 0.41280037711826567 90
1783061011934 0.3656418805021724 91
1783061038853 0.37849085470275406 92
1783061066379 0.3798478701548862 93
1783061095946 0.37639415798462117 94
1783061124880 0.37699627590332974 95
1783061154909 0.3478975771439983 96
1783061185142 0.33358034953493887 97
1783061214900 0.3323891765075807 98
1783061241725 0.3220829231131219 99
1783061267873 0.3104708890551005 100
1783061293973 0.30972569762028307 101
1783061320359 0.2830309597896577 102
1783061346450 0.2865541470597389 103
1783061372630 0.26773824644384014 104
1783061399333 0.25880272398981896 105
1783061425968 0.27135516887299743 106
1783061452096 0.27821700991060305 107
1783061478547 0.256940161906138 108
1783061505496 0.2440949396325246 109
1783061532044 0.2266637026340864 110
1783061557714 0.21843150829165592 111
1783061582973 0.2081170516090599 112
1783061608725 0.20355810486245768 113
1783061634594 0.17230861770648928 114
1783061660005 0.15802191727114404 115
1783061685479 0.1434976103413173 116
1783061711730 0.12918741922322935 117
1783061737308 0.11934829448480373 118
1783061762949 0.11348256802118017 119
1783061787017 0.10726506474554562 120
1783061811489 0.10750821944021392 121
1783061836007 0.09395698257080812 122
1783061860678 0.10338175071246102 123
1783061886530 0.07592497735739025 124
1783061913569 0.07981211649456804 125
1783061945422 0.083574016853798 126
1783061987287 0.08546937701995945 127
1783062033640 0.08572345746166628 128
1783062081204 0.08421900456220316 129
1783062129510 0.0832806694571282 130
1783062179476 0.0844983235814086 131
1783062231093 0.08216830184307147 132
1783062284867 0.08076912489353277 133
1783062339688 0.07818448535359213 134
1783062396741 0.08214884920351033 135
1783062456728 0.0800932024166682 136
1783062523229 0.5370758417612703 137
1783062590069 0.4316150422264483 138
1783062659277 0.3771801733843664 139
1783062730078 0.4310228830478095 140
1783062801515 0.4387454826385715 141
1783062874204 0.42777374801414425 142
1783062947960 0.48577321547923946 143
1783063022210 0.4802226132007689 144
1783063098620 0.5253132019473703 145
1783063181871 0.5421270232522846 146
1783063265720 0.7886392692378794 147
1783063353509 0.7954066762317383 148
1783063444774 0.6986875611741133 149
1783063537615 0.6416547737137813 150
1783063631370 0.6099504021962917 151
1783063725227 0.5845879405910924 152
1783063818713 0.6064866712652587 153
1783063912521 0.5481402580761461 154
1783064006596 0.5255891364557921 155
1783064100374 0.740676126413696 156
1783064194193 0.727618072052441 157
1783064288225 0.588741539480383 158
1783064382184 0.515780417103466 159
1783064476018 0.5397013393806733 160
1783064569883 0.5723570606984926 161
1783064663742 0.5642424238574197 162
1783064757505 0.54023035932118 163
1783064850845 0.5436683238834167 164
1783064944703 0.5281243950079375 165
1783065038569 0.535100010842818 166
1783065132587 0.5142920825652602 167
1783065226368 0.5456128717544466 168
1783065320238 0.5777075738967538 169
1783065413911 0.5441783022116432 170
1783065507694 0.6635337482352471 171
1783065601088 0.600376467811873 172
1783065694756 0.5895178735653893 173
1783065788873 0.5461660718229284 174
1783065882656 0.5608964518539569 175
1783065976656 0.5293838744863983 176
1783066077174 0.5406474961763887 177
1783066188261 0.5662779046100033 178
1783066290078 0.5436141378723811 179
1783066395147 0.5457199322497521 180
1783066530331 0.516198349812002 181
1783066670996 0.5432590693834769 182
1783066810399 0.6441923887845286 183
1783066947909 0.5993180101987856 184
1783067079537 0.5823221543186253 185
1783067224441 0.5657654301923695 186
1783067357807 0.5636616560619931 187
1783067476208 0.5777687888530246 188
1783067589042 0.5558235883589039 189
1783067701293 0.5742275876861895 190
1783067814203 0.5807094038147832 191
1783067929335 0.5827022498897125 192
1783068047657 0.5665880315650184 193
1783068166951 0.5603004206041812 194
1783068282030 0.5678255872887927 195
1783068399957 0.5498106072960544 196
1783068520080 0.5389931424217936 197
1783068636861 0.5438945216410588 198
1783068763801 0.5659486931909173 199
1783068891702 0.534707095099941 200
1783069017943 0.5668570681273211 201
1783069169067 0.5318751190335369 202
1783069319687 0.5430623328796838 203
1783069450059 0.5390235503274393 204
1783069571375 0.5370598643005444 205
1783069684986 0.5601332632244734 206
1783069798282 0.5637388698433483 207
1783069911579 0.5597297230368626 208
1783070024092 0.5501001630625417 209
1783070137120 0.570517936292519 210
1783070249933 0.5559814344159885 211
1783070362741 0.5698936860219138 212
1783070475774 0.5702915833399457 213
1783070588552 0.5599193024428307 214
1783070701563 0.5527679953320047 215
1783070814257 0.5748710847725276 216
1783070927219 0.5653652712734976 217
1783071039433 0.5530091671869948 218
1783071152407 0.5728322304289359 219
1783071265483 0.5474572570871037 220
1783071378101 0.5397673939239734 221
1783071490819 0.6755970058408417 222
1783071603700 0.5935027399129486 223
1783071716502 0.5847678726387957 224
1783071829243 0.5766032320333185 225
1783071942164 0.6128147825111742 226
1783072055300 0.5534095844825382 227
1783072168562 0.5758597702858483 228
1783072281964 0.5570851425783908 229
1783072396486 0.5769892738101744 230
1783072509565 0.5693950602576598 231
1783072622383 0.5781528877040978 232
1783072735617 0.5781409711139157 233
1783072848668 0.5614007313654061 234
1783072961353 0.5749897665485018 235
1783073073937 0.5541031468001099 236
1783073187008 0.5682037770049299 237
1783073299668 0.5701252478463943 238
1783073412848 0.5783695765845994 239
1783073525766 0.5743446541338878 240
1783073638804 0.5725012049821816 241
1783073751667 0.5592465388261609 242
1783073864508 0.5539757412966115 243
1783073977402 0.5562699460958358 244
1783074090374 0.5563312110667966 245
1783074203192 0.5673519796770831 246
1783074316286 0.5643062809588989 247
1783074429103 0.5686168008893113 248
1783074541728 0.5413907700338105 249
1783074655237 0.5627785215041463 250
1783074768524 0.5709504163777116 251
1783074880989 0.603946587456993 252
1783074993465 0.58857614603788 253
1783075106443 0.5879575883081037 254
1783075219582 0.5780015525907917 255
1783075332632 0.5846658456980632 256
1783075454301 0.5613160017075463 257
1783075577902 0.6023670284525316 258
1783075692495 0.5486307555986784 259
