1783060898539 0.0 87
1783060926890 0.0 88
1783060955898 0.0 89
1783060983871 0.0 90
1783061011934 0.0 91
1783061038853 0.0 92
1783061066379 0.0 93
1783061095946 0.0 94
1783061124880 0.0 95
1783061154909 0.0 96
1783061185142 0.0 97
1783061214900 0.0 98
1783061241725 0.0 99
1783061267873 0.0 100
1783061293973 0.0 101
1783061320359 0.0 102
1783061346450 0.0 103
1783061372630 0.0 104
1783061399333 0.0 105
1783061425968 0.0 106
1783061452096 0.0 107
1783061478547 0.0 108
1783061505496 0.0 109
1783061532044 0.0 110
1783061557714 0.0 111
1783061582973 0.0 112
1783061608725 0.0 113
1783061634594 0.0 114
1783061660005 0.0 115
1783061685479 0.0 116
1783061711730 0.0 117
1783061737308 0.0 118
1783061762949 0.0 119
1783061787017 0.0 120
1783061811489 0.0 121
1783061836007 0.0 122
1783061860678 0.0 123
1783061886530 0.0 124
1783061913569 0.0 125
1783061945422 0.0 126
1783061987287 0.0 127
1783062033640 0.0 128
1783062081204 0.0 129
1783062129510 0.0 130
1783062179476 0.0 131
1783062231093 0.0 132
1783062284867 0.0 133
1783062339688 0.0 134
1783062396741 0.0 135
1783062456728 0.0 136
1783062523229 0.1414479637145996 137
1783062590069 0.13349711418151855 138
1783062659277 0.1314276123046875 139
1783062730078 0.11884917259216309 140
1783062801515 0.10479350566864014 141
1783062874204 0.09992111682891845 142
1783062947960 0.08893144607543946 143
1783063022210 0.08210861921310425 144
1783063098620 0.07043758153915405 145
1783063181871 0.06489916563034058 146
1783063265720 0.06213382720947266 147
1783063353509 0.04412940859794617 148
1783063444774 0.03206454753875732 149
1783063537615 0.026550906300544738 150
1783063631370 0.01657319277524948 151
1783063725227 0.01228775382041931 152
1783063818713 0.012027907073497773 153
1783063912521 0.008596076518297196 154
1783064006596 0.006183332577347755 155
1783064100374 0.053624975681304934 156
1783064194193 0.035710283517837525 157
1783064288225 0.01956224352121353 158
1783064382184 0.007583965808153153 159
1783064476018 0.011601616740226745 160
1783064569883 0.0055436909198760985 161
1783064663742 0.0024985234439373017 162
1783064757505 0.0023382997512817385 163
1783064850845 0.000655876025557518 164
1783064944703 0.006001388058066368 165
1783065038569 0.009591519981622696 166
1783065132587 0.004933094829320908 167
1783065226368 0.008634494543075561 168
1783065320238 0.0027170928567647936 169
1783065413911 0.002633446753025055 170
1783065507694 0.012905094027519225 171
1783065601088 0.005392041020095348 172
1783065694756 0.0022743813693523406 173
1783065788873 0.003952564895153046 174
1783065882656 0.0012548978626728058 175
1783065976656 0.0027640554308891296 176
1783066077174 0.006051550321280956 177
1783066188261 0.004885391891002655 178
1783066290078 0.0 179
1783066395147 0.0010232845693826675 180
1783066530331 0.0014298677444458008 181
1783066670996 0.0016072003543376923 182
1783066810399 0.016641403064131737 183
1783066947909 0.00018811782822012902 184
1783067079537 0.0 185
1783067224441 0.0 186
1783067357807 0.0 187
1783067476208 0.00202998086810112 188
1783067589042 5.729913711547852e-05 189
1783067701293 0.0040538707375526424 190
1783067814203 0.0 191
1783067929335 0.006018239632248878 192
1783068047657 0.0 193
1783068166951 0.0022932037222199142 194
1783068282030 0.0012398171424865723 195
1783068399957 0.004695665538311005 196
1783068520080 0.005720670819282531 197
1783068636861 0.000934797152876854 198
1783068763801 0.003269992470741272 199
1783068891702 0.0009846099466085433 200
1783069017943 0.008933269158005715 201
1783069169067 0.0015758784115314484 202
1783069319687 0.008836661130189896 203
1783069450059 0.0006159607577137649 204
1783069571375 0.007243375182151794 205
1783069684986 0.0010200071334838868 206
1783069798282 0.0 207
1783069911579 0.0016966843605041504 208
1783070024092 0.0 209
1783070137120 0.0 210
1783070249933 0.0 211
1783070362741 0.0 212
1783070475774 0.00014285962097346783 213
1783070588552 0.006193384528160095 214
1783070701563 0.0008038568496704101 215
1783070814257 0.0035601916909217836 216
1783070927219 0.0006048599723726511 217
1783071039433 0.0018287578970193864 218
1783071152407 0.0 219
1783071265483 0.0022459332644939422 220
1783071378101 0.007489776611328125 221
1783071490819 0.00437739223241806 222
1783071603700 0.005582206845283508 223
1783071716502 0.009715511202812195 224
1783071829243 0.002733995169401169 225
1783071942164 0.004740497171878815 226
1783072055300 0.003271104991436005 227
1783072168562 0.003942065238952637 228
1783072281964 0.0 229
1783072396486 0.0 230
1783072509565 0.0 231
1783072622383 0.0 232
1783072735617 0.0016402967274188995 233
1783072848668 0.0004309034440666437 234
1783072961353 0.004460565745830536 235
1783073073937 0.0010012205690145492 236
1783073187008 0.0025921067036688327 237
1783073299668 0.0029492077231407167 238
1783073412848 0.0042807599902153015 239
1783073525766 0.0 240
1783073638804 0.0 241
1783073751667 0.0 242
1783073864508 0.00048418283462524413 243
1783073977402 0.000144566697999835 244
1783074090374 0.0 245
1783074203192 0.0 246
1783074316286 0.0 247
1783074429103 0.0008860158920288085 248
1783074541728 0.0 249
1783074655237 0.0012886063382029534 250
1783074768524 0.0017388327792286873 251
1783074880989 0.0016668526828289031 252
1783074993465 0.0 253
1783075106443 0.00022910038009285927 254
1783075219582 0.004477257579565048 255
1783075332632 0.005390082597732544 256
1783075454301 0.0020554177463054657 257
1783075577902 0.0031995680183172226 258
1783075692495 0.0020927476882934572 259
