1783060898539 27.346673011779785 87
1783060926890 28.252933025360107 88
1783060955898 28.916932582855225 89
1783060983871 27.887736797332764 90
1783061011934 28.034404754638672 91
1783061038853 26.89650011062622 92
1783061066379 27.50389003753662 93
1783061095946 29.54212760925293 94
1783061124880 28.91349768638611 95
1783061154909 30.003076791763306 96
1783061185142 30.20753312110901 97
1783061214900 29.73445224761963 98
1783061241725 26.80276322364807 99
1783061267873 26.126955270767212 100
1783061293973 26.078136444091797 101
1783061320359 26.361960887908936 102
1783061346450 26.069458723068237 103
1783061372630 26.158303022384644 104
1783061399333 26.677325010299683 105
1783061425968 26.608190774917603 106
1783061452096 26.10472583770752 107
1783061478547 26.42816710472107 108
1783061505496 26.926655292510986 109
1783061532044 26.52367639541626 110
1783061557714 25.64521288871765 111
1783061582973 25.233994722366333 112
1783061608725 25.67114758491516 113
1783061634594 25.84341335296631 114
1783061660005 25.331169366836548 115
1783061685479 25.45165228843689 116
1783061711730 26.16427206993103 117
1783061737308 25.553939819335938 118
1783061762949 25.618330240249634 119
1783061787017 24.04408836364746 120
1783061811489 24.449727535247803 121
1783061836007 24.484941720962524 122
1783061860678 24.6474289894104 123
1783061886530 25.82797384262085 124
1783061913569 27.009040594100952 125
1783061945422 31.828266382217407 126
1783061987287 41.841192960739136 127
1783062033640 46.32888722419739 128
1783062081204 47.53886699676514 129
1783062129510 48.28057503700256 130
1783062179476 49.94084858894348 131
1783062231093 51.5899772644043 132
1783062284867 53.74827766418457 133
1783062339688 54.79621362686157 134
1783062396741 57.027626037597656 135
1783062456728 59.961145639419556 136
1783062523229 66.46140766143799 137
1783062590069 66.81129193305969 138
1783062659277 69.18007397651672 139
1783062730078 70.77586126327515 140
1783062801515 71.41121125221252 141
1783062874204 72.66319298744202 142
1783062947960 73.728431224823 143
1783063022210 74.22241806983948 144
1783063098620 76.38343620300293 145
1783063181871 83.22287368774414 146
1783063265720 83.82257223129272 147
1783063353509 87.75194573402405 148
1783063444774 91.22558236122131 149
1783063537615 92.81039428710938 150
1783063631370 93.7261528968811 151
1783063725227 93.8283703327179 152
1783063818713 93.4570243358612 153
1783063912521 93.77901029586792 154
1783064006596 94.04615569114685 155
1783064100374 93.74948143959045 156
1783064194193 93.78927278518677 157
1783064288225 94.0027334690094 158
1783064382184 93.93072557449341 159
1783064476018 93.80422496795654 160
1783064569883 93.83742070198059 161
1783064663742 93.82955837249756 162
1783064757505 93.73225569725037 163
1783064850845 93.31213235855103 164
1783064944703 93.82864832878113 165
1783065038569 93.83558320999146 166
1783065132587 93.98835778236389 167
1783065226368 93.75082588195801 168
1783065320238 93.83989882469177 169
1783065413911 93.64350628852844 170
1783065507694 93.75047945976257 171
1783065601088 93.36523127555847 172
1783065694756 93.63755059242249 173
1783065788873 94.08633756637573 174
1783065882656 93.75178122520447 175
1783065976656 93.97009873390198 176
1783066077174 100.48773884773254 177
1783066188261 111.05205988883972 178
1783066290078 101.78293490409851 179
1783066395147 105.0366370677948 180
1783066530331 135.15013551712036 181
1783066670996 140.61758399009705 182
1783066810399 139.3584065437317 183
1783066947909 137.45384001731873 184
1783067079537 131.59668469429016 185
1783067224441 144.8714668750763 186
1783067357807 133.3333079814911 187
1783067476208 118.36930680274963 188
1783067589042 112.80049896240234 189
1783067701293 112.21893978118896 190
1783067814203 112.87502336502075 191
1783067929335 115.09858131408691 192
1783068047657 118.28598618507385 193
1783068166951 119.25605940818787 194
1783068282030 115.0450930595398 195
1783068399957 117.89213013648987 196
1783068520080 120.07830214500427 197
1783068636861 116.74571585655212 198
1783068763801 126.90400218963623 199
1783068891702 127.85591316223145 200
1783069017943 126.20385217666626 201
1783069169067 151.066570520401 202
1783069319687 150.5619592666626 203
1783069450059 130.31533694267273 204
1783069571375 121.2752833366394 205
1783069684986 113.57207131385803 206
1783069798282 113.25575947761536 207
1783069911579 113.25954604148865 208
1783070024092 112.47694849967957 209
1783070137120 112.98987936973572 210
1783070249933 112.77654385566711 211
1783070362741 112.76142883300781 212
1783070475774 112.99664759635925 213
1783070588552 112.74079132080078 214
1783070701563 112.97434878349304 215
1783070814257 112.65814304351807 216
1783070927219 112.92510938644409 217
1783071039433 112.17735409736633 218
1783071152407 112.93887591362 219
1783071265483 113.03777408599854 220
1783071378101 112.58255577087402 221
1783071490819 112.67822217941284 222
1783071603700 112.83991408348083 223
1783071716502 112.76287126541138 224
1783071829243 112.70158886909485 225
1783071942164 112.88334274291992 226
1783072055300 113.09031105041504 227
1783072168562 113.21949362754822 228
1783072281964 113.35852479934692 229
1783072396486 114.4820249080658 230
1783072509565 113.035391330719 231
1783072622383 112.7800886631012 232
1783072735617 113.19436764717102 233
1783072848668 113.00947594642639 234
1783072961353 112.64503979682922 235
1783073073937 112.54292297363281 236
1783073187008 113.03045296669006 237
1783073299668 112.61743521690369 238
1783073412848 113.13499784469604 239
1783073525766 112.87716364860535 240
1783073638804 112.99835205078125 241
1783073751667 112.82435488700867 242
1783073864508 112.8013117313385 243
1783073977402 112.84800887107849 244
1783074090374 112.92957830429077 245
1783074203192 112.77799677848816 246
1783074316286 113.05378985404968 247
1783074429103 112.77677655220032 248
1783074541728 112.58326148986816 249
1783074655237 113.45865797996521 250
1783074768524 113.24592161178589 251
1783074880989 112.42154145240784 252
1783074993465 112.42883849143982 253
1783075106443 112.93684720993042 254
1783075219582 113.09678435325623 255
1783075332632 113.00600409507751 256
1783075454301 121.62456750869751 257
1783075577902 123.55286717414856 258
1783075692495 114.54888701438904 259
