1783060898539 7.918086032867432 87
1783060926890 6.714147777557373 88
1783060955898 5.588038558959961 89
1783060983871 5.141561756134033 90
1783061011934 4.686000814437866 91
1783061038853 4.262177877426147 92
1783061066379 3.8699449729919433 93
1783061095946 3.5660501194000243 94
1783061124880 3.4237220668792725 95
1783061154909 3.3959349822998046 96
1783061185142 3.395404968261719 97
1783061214900 3.3945044898986816 98
1783061241725 3.3934747409820556 99
1783061267873 3.3940309143066405 100
1783061293973 3.3937924671173096 101
1783061320359 3.393550491333008 102
1783061346450 3.3937865543365477 103
1783061372630 3.3926154136657716 104
1783061399333 3.3930321502685548 105
1783061425968 3.3944649505615234 106
1783061452096 3.393150472640991 107
1783061478547 3.3936846351623533 108
1783061505496 3.39268349647522 109
1783061532044 3.3932231426239015 110
1783061557714 3.3931103420257567 111
1783061582973 3.3905102825164795 112
1783061608725 3.3945350742340086 113
1783061634594 3.3927691268920896 114
1783061660005 3.3899768447875975 115
1783061685479 3.3923056983947752 116
1783061711730 3.3912473011016844 117
1783061737308 3.3906421756744383 118
1783061762949 3.3909679317474364 119
1783061787017 3.3897898101806643 120
1783061811489 3.3913782596588136 121
1783061836007 3.390632781982422 122
1783061860678 3.389971971511841 123
1783061886530 3.3887626552581787 124
1783061913569 3.392723731994629 125
1783061945422 3.390396547317505 126
1783061987287 3.389467868804932 127
1783062033640 3.389232864379883 128
1783062081204 3.3889431762695312 129
1783062129510 3.389273452758789 130
1783062179476 3.3892514419555666 131
1783062231093 3.3894488430023193 132
1783062284867 3.389409284591675 133
1783062339688 3.389486074447632 134
1783062396741 3.3892432498931884 135
1783062456728 3.389688501358032 136
1783062523229 3.3917823600769044 137
1783062590069 3.3898324012756347 138
1783062659277 3.3892561626434325 139
1783062730078 3.390303945541382 140
1783062801515 3.386833391189575 141
1783062874204 3.388307867050171 142
1783062947960 3.38101957321167 143
1783063022210 3.3787119293212893 144
1783063098620 3.373357152938843 145
1783063181871 3.371702537536621 146
1783063265720 3.3761566829681398 147
1783063353509 3.3683751583099366 148
1783063444774 3.3736386585235594 149
1783063537615 3.3689798641204836 150
1783063631370 3.366127223968506 151
1783063725227 3.3717861366271973 152
1783063818713 3.364115581512451 153
1783063912521 3.3679055404663085 154
1783064006596 3.365976095199585 155
1783064100374 3.362888298034668 156
1783064194193 3.360949239730835 157
1783064288225 3.362432107925415 158
1783064382184 3.3609609985351563 159
1783064476018 3.365326318740845 160
1783064569883 3.3596831703186036 161
1783064663742 3.3603603267669677 162
1783064757505 3.3585136985778807 163
1783064850845 3.3576724910736084 164
1783064944703 3.3566280460357665 165
1783065038569 3.3584060001373293 166
1783065132587 3.356536931991577 167
1783065226368 3.354155263900757 168
1783065320238 3.353624629974365 169
1783065413911 3.3531445693969726 170
1783065507694 3.352653293609619 171
1783065601088 3.353597946166992 172
1783065694756 3.353011245727539 173
1783065788873 3.351888885498047 174
1783065882656 3.3526321506500243 175
1783065976656 3.351583776473999 176
1783066077174 3.3498017406463623 177
1783066188261 3.3496944236755373 178
1783066290078 3.349054536819458 179
1783066395147 3.3490179061889647 180
1783066530331 3.349267101287842 181
1783066670996 3.348783588409424 182
1783066810399 3.34959361076355 183
1783066947909 3.3484751415252685 184
1783067079537 3.3468833923339845 185
1783067224441 3.3469754219055177 186
1783067357807 3.347892932891846 187
1783067476208 3.346098613739014 188
1783067589042 3.3454769802093507 189
1783067701293 3.3446427631378173 190
1783067814203 3.344211778640747 191
1783067929335 3.3455464267730712 192
1783068047657 3.346071968078613 193
1783068166951 3.3451473903656006 194
1783068282030 3.346273355484009 195
1783068399957 3.3446930694580077 196
1783068520080 3.3449270915985108 197
1783068636861 3.344590826034546 198
1783068763801 3.343715400695801 199
1783068891702 3.3431380653381346 200
1783069017943 3.343082056045532 201
1783069169067 3.343212900161743 202
1783069319687 3.342545566558838 203
1783069450059 3.3445222091674807 204
1783069571375 3.3434027671813964 205
1783069684986 3.3417211151123047 206
1783069798282 3.3413976192474366 207
1783069911579 3.3407157039642335 208
1783070024092 3.340723304748535 209
1783070137120 3.3393906784057616 210
1783070249933 3.3405058193206787 211
1783070362741 3.340512113571167 212
1783070475774 3.339672155380249 213
1783070588552 3.3390777683258057 214
1783070701563 3.339337968826294 215
1783070814257 3.339184589385986 216
1783070927219 3.338755407333374 217
1783071039433 3.338370761871338 218
1783071152407 3.3377894020080565 219
1783071265483 3.3372349739074707 220
1783071378101 3.337053155899048 221
1783071490819 3.338114786148071 222
1783071603700 3.3381922340393064 223
1783071716502 3.3372652626037596 224
1783071829243 3.3369576930999756 225
1783071942164 3.3379316616058348 226
1783072055300 3.3357972526550292 227
1783072168562 3.3361697673797606 228
1783072281964 3.3360546875 229
1783072396486 3.334978847503662 230
1783072509565 3.3345207023620604 231
1783072622383 3.3345804405212403 232
1783072735617 3.3343115234375 233
1783072848668 3.3344832611083985 234
1783072961353 3.334175453186035 235
1783073073937 3.3337533855438233 236
1783073187008 3.333024320602417 237
1783073299668 3.3344023990631104 238
1783073412848 3.333886938095093 239
1783073525766 3.332846097946167 240
1783073638804 3.3324044609069823 241
1783073751667 3.332465982437134 242
1783073864508 3.3320650100708007 243
1783073977402 3.3325663566589356 244
1783074090374 3.332715950012207 245
1783074203192 3.3324725818634033 246
1783074316286 3.331566686630249 247
1783074429103 3.331418962478638 248
1783074541728 3.332988920211792 249
1783074655237 3.33181040763855 250
1783074768524 3.332990312576294 251
1783074880989 3.3317350578308105 252
1783074993465 3.3310692501068115 253
1783075106443 3.330861415863037 254
1783075219582 3.33168662071228 255
1783075332632 3.3320047569274904 256
1783075454301 3.330828619003296 257
1783075577902 3.33195104598999 258
1783075692495 3.3300957012176515 259
