1783060898539 0.4913575972250123 87
1783060926890 0.6109461793663588 88
1783060955898 0.6914967249595556 89
1783060983871 0.66381010601755 90
1783061011934 0.68888303400754 91
1783061038853 0.6713789018979333 92
1783061066379 0.7053164454289358 93
1783061095946 0.6690000445372686 94
1783061124880 0.6566014687053628 95
1783061154909 0.6633287424745319 96
1783061185142 0.6767936118347538 97
1783061214900 0.6707143617809441 98
1783061241725 0.6830673984105096 99
1783061267873 0.7119197859458916 100
1783061293973 0.6765516068374294 101
1783061320359 0.7252297813793237 102
1783061346450 0.7195090316164585 103
1783061372630 0.7312508913958213 104
1783061399333 0.7748662467664 105
1783061425968 0.7437848980410691 106
1783061452096 0.708532548894242 107
1783061478547 0.7750276459876593 108
1783061505496 0.7606494748230913 109
1783061532044 0.7721607401510305 110
1783061557714 0.8203422011231671 111
1783061582973 0.7416430562392677 112
1783061608725 0.7709966600217889 113
1783061634594 0.8432227938038382 114
1783061660005 0.7843972021299889 115
1783061685479 0.8111514484502944 116
1783061711730 0.8450765745977311 117
1783061737308 0.8484590979814134 118
1783061762949 0.8716622030329804 119
1783061787017 0.8568919802971271 120
1783061811489 0.8582971717155247 121
1783061836007 0.8880911562810613 122
1783061860678 0.8695680577654906 123
1783061886530 0.8788737590463401 124
1783061913569 0.9056909307894508 125
1783061945422 0.8957428521259936 126
1783061987287 0.8780079552789603 127
1783062033640 0.8779449532001873 128
1783062081204 0.8698869452452717 129
1783062129510 0.8761967565839647 130
1783062179476 0.8683528146610455 131
1783062231093 0.8759340078083051 132
1783062284867 0.8655883262724724 133
1783062339688 0.8727714351121152 134
1783062396741 0.8518904738955849 135
1783062456728 0.8818057767365524 136
1783062523229 0.8983079127808768 137
1783062590069 0.8738702927723089 138
1783062659277 0.8920848940087333 139
1783062730078 0.8795009892978652 140
1783062801515 0.8777542279382712 141
1783062874204 0.8387660312219635 142
1783062947960 0.8491156227349826 143
1783063022210 0.8556295267025414 144
1783063098620 0.8597819310990533 145
1783063181871 0.8429291142704181 146
1783063265720 0.8617254518733648 147
1783063353509 0.8817706746735506 148
1783063444774 0.8764796635720481 149
1783063537615 0.8811841533819225 150
1783063631370 0.8646065136514338 151
1783063725227 0.8725022467422365 152
1783063818713 0.8526155705400663 153
1783063912521 0.8677582200355898 154
1783064006596 0.868619078860889 155
1783064100374 0.8382331212349905 156
1783064194193 0.8719832691700536 157
1783064288225 0.8616583377883743 158
1783064382184 0.8429122694666878 159
1783064476018 0.8677760586498938 160
1783064569883 0.86728205327004 161
1783064663742 0.8557445794433328 162
1783064757505 0.8738708209893894 163
1783064850845 0.8522508421702093 164
1783064944703 0.876214127513234 165
1783065038569 0.886276720451639 166
1783065132587 0.8727105454500581 167
1783065226368 0.8852272553944452 168
1783065320238 0.8751248208209245 169
1783065413911 0.8801857063550794 170
1783065507694 0.8828369115518903 171
1783065601088 0.8642960616196382 172
1783065694756 0.8802939164544418 173
1783065788873 0.8525616457410714 174
1783065882656 0.8602800610773725 175
1783065976656 0.858126612726219 176
1783066077174 0.8815367405107715 177
1783066188261 0.8719888100978362 178
1783066290078 0.8719206138992781 179
1783066395147 0.8538813820857707 180
1783066530331 0.8630830045911626 181
1783066670996 0.8617315035161264 182
1783066810399 0.8771229214772657 183
1783066947909 0.8616535538230001 184
1783067079537 0.8622705029334015 185
1783067224441 0.8534203312276862 186
1783067357807 0.8380929552744382 187
1783067476208 0.8715533148953779 188
1783067589042 0.8557662100868492 189
1783067701293 0.856172825115027 190
1783067814203 0.8545830153396186 191
1783067929335 0.8756521512963594 192
1783068047657 0.8520997795061684 193
1783068166951 0.8567233188360346 194
1783068282030 0.8518236131564967 195
1783068399957 0.8232289923352517 196
1783068520080 0.8866778948729692 197
1783068636861 0.8669970792878476 198
1783068763801 0.8892739023197925 199
1783068891702 0.8784182212065719 200
1783069017943 0.8723760070354232 201
1783069169067 0.8770369648617146 202
1783069319687 0.8684674114942217 203
1783069450059 0.8519160287925533 204
1783069571375 0.8793627397756282 205
1783069684986 0.8823936638689328 206
1783069798282 0.8619613520436721 207
1783069911579 0.8727990367409735 208
1783070024092 0.8809214596656765 209
1783070137120 0.8674734033120043 210
1783070249933 0.8649927957293129 211
1783070362741 0.8836768790126941 212
1783070475774 0.8878580044896778 213
1783070588552 0.8765317493159995 214
1783070701563 0.866600941676181 215
1783070814257 0.8865220075283892 216
1783070927219 0.8857419505060851 217
1783071039433 0.8773327042634392 218
1783071152407 0.8825960984181965 219
1783071265483 0.8809598872350505 220
1783071378101 0.8750597302697597 221
1783071490819 0.8901359009899986 222
1783071603700 0.877699849577786 223
1783071716502 0.8763875132891458 224
1783071829243 0.8892065106781454 225
1783071942164 0.8733097560507034 226
1783072055300 0.8792753448518557 227
1783072168562 0.8852899905746214 228
1783072281964 0.8828666617566581 229
1783072396486 0.8827635023899183 230
1783072509565 0.8882353243672954 231
1783072622383 0.891754945039818 232
1783072735617 0.890811547357827 233
1783072848668 0.8877681233900081 234
1783072961353 0.8870038800466751 235
1783073073937 0.8915954542516564 236
1783073187008 0.8986117756759803 237
1783073299668 0.905304981645728 238
1783073412848 0.8822032935811918 239
1783073525766 0.8970350722920065 240
1783073638804 0.8974592093324801 241
1783073751667 0.8930268021091596 242
1783073864508 0.89212501070032 243
1783073977402 0.8981691384509919 244
1783074090374 0.9001898212959274 245
1783074203192 0.8957110056850965 246
1783074316286 0.8974211202836729 247
1783074429103 0.8998890768402004 248
1783074541728 0.8901245043271444 249
1783074655237 0.8870749221037926 250
1783074768524 0.88337980022102 251
1783074880989 0.9043764145482781 252
1783074993465 0.8867172636565086 253
1783075106443 0.9064453849207796 254
1783075219582 0.8962254107596356 255
1783075332632 0.9012151755283062 256
1783075454301 0.9135427174892827 257
1783075577902 0.8999829420439834 258
1783075692495 0.8814986314909075 259
