1783060898539 1.3167905117558742 87
1783060926890 1.5171876505653707 88
1783060955898 1.4436742818459278 89
1783060983871 1.6574947954395673 90
1783061011934 1.6990088153529812 91
1783061038853 1.7992376620866442 92
1783061066379 1.829726718845185 93
1783061095946 1.8754170340841192 94
1783061124880 1.861075161743164 95
1783061154909 1.8273670415951844 96
1783061185142 1.7945520278487876 97
1783061214900 1.7852782419958895 98
1783061241725 1.7315467742847654 99
1783061267873 1.7103078169741872 100
1783061293973 1.6777399323267614 101
1783061320359 1.640515032510859 102
1783061346450 1.6463008074940813 103
1783061372630 1.5140271970324297 104
1783061399333 1.3477278526338223 105
1783061425968 1.4789621820477 106
1783061452096 1.3779141368883843 107
1783061478547 1.3596266919815339 108
1783061505496 1.2088404590561546 109
1783061532044 1.1705168335834562 110
1783061557714 1.0216210672252009 111
1783061582973 1.000280705690384 112
1783061608725 0.9868391914044073 113
1783061634594 0.6986232724853028 114
1783061660005 0.6584910272377189 115
1783061685479 0.5849313735961914 116
1783061711730 0.5222199286741699 117
1783061737308 0.4493687998639406 118
1783061762949 0.3969544788691758 119
1783061787017 0.4008500256739676 120
1783061811489 0.4086679647619926 121
1783061836007 0.33230846454045493 122
1783061860678 0.394581340358803 123
1783061886530 0.29648940740687524 124
1783061913569 0.3177592858565958 125
1783061945422 0.32840295364269717 126
1783061987287 0.35896002559824236 127
1783062033640 0.3895034013792526 128
1783062081204 0.388402545353189 129
1783062129510 0.3929213945663247 130
1783062179476 0.40838987429718754 131
1783062231093 0.39773961599676 132
1783062284867 0.39045445816857477 133
1783062339688 0.37474931711604653 134
1783062396741 0.4347178215929501 135
1783062456728 0.41970416215280354 136
1783062523229 0.7413937330921379 137
1783062590069 0.4382218311822028 138
1783062659277 0.3667618697763575 139
1783062730078 0.4505480857191951 140
1783062801515 0.4202477052497542 141
1783062874204 0.4557046606785809 142
1783062947960 0.43197877039096744 143
1783063022210 0.3501556365560367 144
1783063098620 0.41864729650092847 145
1783063181871 0.48722388571743513 146
1783063265720 0.345335786581167 147
1783063353509 0.37740376039077744 148
1783063444774 0.3841354629168144 149
1783063537615 0.4327248887081911 150
1783063631370 0.44927916405672697 151
1783063725227 0.44798494669596356 152
1783063818713 0.40240152365028137 153
1783063912521 0.45504459170124417 154
1783064006596 0.41165042691158527 155
1783064100374 0.487033554485866 156
1783064194193 0.4065808877468877 157
1783064288225 0.3764944843660745 158
1783064382184 0.48316834096992095 159
1783064476018 0.3993570715605124 160
1783064569883 0.4471508517954305 161
1783064663742 0.4713031471408734 162
1783064757505 0.4399304609455748 163
1783064850845 0.485059827785512 164
1783064944703 0.45636850270358 165
1783065038569 0.4740896761986765 166
1783065132587 0.4703457674201654 167
1783065226368 0.4938084507386304 168
1783065320238 0.47700342360664816 169
1783065413911 0.48335165551954057 170
1783065507694 0.4553911253093386 171
1783065601088 0.51035190030841 172
1783065694756 0.4689746133230635 173
1783065788873 0.4857684585011059 174
1783065882656 0.4904087093861207 175
1783065976656 0.4966625428025348 176
1783066077174 0.4532200362431864 177
1783066188261 0.43260967298479547 178
1783066290078 0.43740218620962046 179
1783066395147 0.4559020278740489 180
1783066530331 0.4422271663859739 181
1783066670996 0.4329854746171834 182
1783066810399 0.4471198222139379 183
1783066947909 0.46206107302490657 184
1783067079537 0.4378811995002385 185
1783067224441 0.4475247613449848 186
1783067357807 0.4843663064541748 187
1783067476208 0.430937287929867 188
1783067589042 0.47311203123732126 189
1783067701293 0.43682293190833027 190
1783067814203 0.4624964380452755 191
1783067929335 0.4358990708510254 192
1783068047657 0.4891600924280135 193
1783068166951 0.44614219176859277 194
1783068282030 0.5090984396640623 195
1783068399957 0.5504123745813303 196
1783068520080 0.4901082320757578 197
1783068636861 0.5227564310045483 198
1783068763801 0.50350041434701 199
1783068891702 0.5413712085589119 200
1783069017943 0.5515108206864849 201
1783069169067 0.5193762670131133 202
1783069319687 0.5251407790318721 203
1783069450059 0.5624651848355782 204
1783069571375 0.5438703068492842 205
1783069684986 0.5353263947423431 206
1783069798282 0.5594617193442766 207
1783069911579 0.5786388030839054 208
1783070024092 0.5444265045086839 209
1783070137120 0.5579792445953877 210
1783070249933 0.6069773342996625 211
1783070362741 0.5550591722781314 212
1783070475774 0.5800694655926659 213
1783070588552 0.5859699335473972 214
1783070701563 0.6088621748232208 215
1783070814257 0.5704869462662384 216
1783070927219 0.5758139200077833 217
1783071039433 0.589939046205555 218
1783071152407 0.5761464101012035 219
1783071265483 0.5865881687653058 220
1783071378101 0.6168182580857664 221
1783071490819 0.5787071270138973 222
1783071603700 0.5738896025209967 223
1783071716502 0.6018498705473635 224
1783071829243 0.5866033214883706 225
1783071942164 0.611504703826819 226
1783072055300 0.6269189366754496 227
1783072168562 0.6087232298464389 228
1783072281964 0.6280089779819609 229
1783072396486 0.6329540363256482 230
1783072509565 0.6324528818050925 231
1783072622383 0.617852702053919 232
1783072735617 0.625779043617895 233
1783072848668 0.622625633671477 234
1783072961353 0.6454966775246079 235
1783073073937 0.6359421640848942 236
1783073187008 0.619321032887489 237
1783073299668 0.6190515149853186 238
1783073412848 0.6452926759659801 239
1783073525766 0.632718271488766 240
1783073638804 0.6108105776390274 241
1783073751667 0.6657041941524633 242
1783073864508 0.6946083944530568 243
1783073977402 0.6413898626055037 244
1783074090374 0.6465037683596337 245
1783074203192 0.6969271478053733 246
1783074316286 0.6739432997579657 247
1783074429103 0.6627629251622442 248
1783074541728 0.738846155166626 249
1783074655237 0.768426969234287 250
1783074768524 0.7730759113011035 251
1783074880989 0.7858468194606664 252
1783074993465 0.7264937716933964 253
1783075106443 0.6926277268662155 254
1783075219582 0.7221283152224199 255
1783075332632 0.7119617560016576 256
1783075454301 0.6653682987850446 257
1783075577902 0.6661670801635463 258
1783075692495 0.7276903858197729 259
