1783060898539 0.4656715433145756 87
1783060926890 0.5935926598919501 88
1783060955898 0.66225350122966 89
1783060983871 0.6072863248821907 90
1783061011934 0.627306466761737 91
1783061038853 0.6232590117327206 92
1783061066379 0.6607399340053031 93
1783061095946 0.5947693252018621 94
1783061124880 0.5648385048598744 95
1783061154909 0.6219010912146388 96
1783061185142 0.5082355170223045 97
1783061214900 0.645906416288664 98
1783061241725 0.6295783315045754 99
1783061267873 0.5698289666497414 100
1783061293973 0.6760906591778129 101
1783061320359 0.6295032792018336 102
1783061346450 0.52705589483402 103
1783061372630 0.6162501044600966 104
1783061399333 0.7541050244236219 105
1783061425968 0.5825514825766253 106
1783061452096 0.62897906477286 107
1783061478547 0.6123909056514772 108
1783061505496 0.6718396872152606 109
1783061532044 0.6467462016932791 110
1783061557714 0.7556143906697257 111
1783061582973 0.6085838830898924 112
1783061608725 0.667211996141489 113
1783061634594 0.7852046300808775 114
1783061660005 0.6796726266957884 115
1783061685479 0.6823844181983254 116
1783061711730 0.6813304920663011 117
1783061737308 0.7124977890349281 118
1783061762949 0.7560439810958969 119
1783061787017 0.7407375656593677 120
1783061811489 0.7614666283130775 121
1783061836007 0.793857883327693 122
1783061860678 0.8084841286411594 123
1783061886530 0.7426737048042737 124
1783061913569 0.8101574909664925 125
1783061945422 0.810536136222339 126
1783061987287 0.8230649440213359 127
1783062033640 0.8161811731366997 128
1783062081204 0.814951772218453 129
1783062129510 0.8185902107658798 130
1783062179476 0.8107406173670084 131
1783062231093 0.8171359651662147 132
1783062284867 0.8059141917940503 133
1783062339688 0.8131598385666253 134
1783062396741 0.7693988510118278 135
1783062456728 0.7617323711508064 136
1783062523229 0.6406831106637602 137
1783062590069 0.6855830149762583 138
1783062659277 0.6941404972840581 139
1783062730078 0.6526335044652231 140
1783062801515 0.6154985829114727 141
1783062874204 0.5408157790973394 142
1783062947960 0.60736748622477 143
1783063022210 0.6375153349099688 144
1783063098620 0.6499525455429368 145
1783063181871 0.5857025096405104 146
1783063265720 0.6285738852818189 147
1783063353509 0.6407305437889045 148
1783063444774 0.6537446834397647 149
1783063537615 0.6548270444447218 150
1783063631370 0.6414050848776954 151
1783063725227 0.6662788239532162 152
1783063818713 0.6650803795129518 153
1783063912521 0.6527642659865158 154
1783064006596 0.694576720665064 155
1783064100374 0.6684993409817849 156
1783064194193 0.6750731077266579 157
1783064288225 0.6672130746544851 158
1783064382184 0.6337605873293474 159
1783064476018 0.6691371722775225 160
1783064569883 0.6655520372766173 161
1783064663742 0.68233513581888 162
1783064757505 0.6932654688579992 163
1783064850845 0.6947594093186731 164
1783064944703 0.7217212268260795 165
1783065038569 0.6806458683545491 166
1783065132587 0.7016829394273725 167
1783065226368 0.6915831496558992 168
1783065320238 0.6526995988446328 169
1783065413911 0.686768860621481 170
1783065507694 0.7045690310502581 171
1783065601088 0.658825981593114 172
1783065694756 0.6580381367610492 173
1783065788873 0.682589583973687 174
1783065882656 0.6633185775476896 175
1783065976656 0.655159448612283 176
1783066077174 0.6379151190773719 177
1783066188261 0.6102671709325472 178
1783066290078 0.6345172619380762 179
1783066395147 0.6193430959221798 180
1783066530331 0.640390811683129 181
1783066670996 0.6181403056541127 182
1783066810399 0.6073861368666629 183
1783066947909 0.5985710331016212 184
1783067079537 0.6590436260265279 185
1783067224441 0.6610709510167035 186
1783067357807 0.6259481025245346 187
1783067476208 0.6316993891559861 188
1783067589042 0.6309711502070346 189
1783067701293 0.6071571139896573 190
1783067814203 0.6171194155457915 191
1783067929335 0.63923849844453 192
1783068047657 0.6070048813338702 193
1783068166951 0.6359017172102952 194
1783068282030 0.5480270299411167 195
1783068399957 0.5773793045993697 196
1783068520080 0.6381516310257805 197
1783068636861 0.6097846542569193 198
1783068763801 0.6337101172794726 199
1783068891702 0.6444586588857746 200
1783069017943 0.6192328095371165 201
1783069169067 0.6822325393975995 202
1783069319687 0.6398010172046369 203
1783069450059 0.6404909133735099 204
1783069571375 0.6709127366162809 205
1783069684986 0.6543796078803724 206
1783069798282 0.6562301530774399 207
1783069911579 0.6572762189937924 208
1783070024092 0.7003124764420119 209
1783070137120 0.6851820965702375 210
1783070249933 0.6638687262970518 211
1783070362741 0.6965842132775681 212
1783070475774 0.6928778265807698 213
1783070588552 0.6538942909944496 214
1783070701563 0.6495132773877855 215
1783070814257 0.6795106088126117 216
1783070927219 0.6905572239558935 217
1783071039433 0.6435624869997448 218
1783071152407 0.6751961659227711 219
1783071265483 0.693000038618755 220
1783071378101 0.6389754180606947 221
1783071490819 0.6424122443562972 222
1783071603700 0.7086048421020334 223
1783071716502 0.6467335328239607 224
1783071829243 0.726193983580557 225
1783071942164 0.608832958526942 226
1783072055300 0.722429247813165 227
1783072168562 0.6626253707858099 228
1783072281964 0.6793926914133276 229
1783072396486 0.675956773467797 230
1783072509565 0.6914678570751019 231
1783072622383 0.6920172800582566 232
1783072735617 0.657814365111433 233
1783072848668 0.6907045075228393 234
1783072961353 0.629799248536832 235
1783073073937 0.6859175349268427 236
1783073187008 0.6735421473464434 237
1783073299668 0.7033455207502859 238
1783073412848 0.6203597869993832 239
1783073525766 0.6839718307924817 240
1783073638804 0.6893956400858465 241
1783073751667 0.6574257885622414 242
1783073864508 0.6395061227978712 243
1783073977402 0.7112886224817806 244
1783074090374 0.7022255620726093 245
1783074203192 0.6775682898493 246
1783074316286 0.6583822151025365 247
1783074429103 0.6968772185871436 248
1783074541728 0.6731584896175642 249
1783074655237 0.5988800676419093 250
1783074768524 0.5429559998943019 251
1783074880989 0.5903392613873408 252
1783074993465 0.6192462936971779 253
1783075106443 0.6283980543630545 254
1783075219582 0.6134171861651869 255
1783075332632 0.6175124092864508 256
1783075454301 0.6505849931224869 257
1783075577902 0.5556396631042703 258
1783075692495 0.6335055442305005 259
