1783060898539 1.4103642680262016 87
1783060926890 1.626538929342068 88
1783060955898 1.6193807345295714 89
1783060983871 1.7440592172107459 90
1783061011934 1.8054920421994252 91
1783061038853 1.858270044918009 92
1783061066379 1.8763193045811724 93
1783061095946 1.9012366382653962 94
1783061124880 1.8940555743250043 95
1783061154909 1.8597588933500133 96
1783061185142 1.81864813978492 97
1783061214900 1.8332263561227096 98
1783061241725 1.7900084948771795 99
1783061267873 1.7533978017945557 100
1783061293973 1.758210212118652 101
1783061320359 1.7197963834868966 102
1783061346450 1.7022336283707122 103
1783061372630 1.6171640358178136 104
1783061399333 1.5320332383355846 105
1783061425968 1.5674163474239269 106
1783061452096 1.4789283655030077 107
1783061478547 1.4801865167374226 108
1783061505496 1.3739748717625628 109
1783061532044 1.3018317150983212 110
1783061557714 1.2242860355009615 111
1783061582973 1.1016012457558897 112
1783061608725 1.1247746779483818 113
1783061634594 0.9527054193451648 114
1783061660005 0.8077583430312011 115
1783061685479 0.7856516449420622 116
1783061711730 0.7164026873330026 117
1783061737308 0.6468551240118171 118
1783061762949 0.6447344288875447 119
1783061787017 0.608692940921193 120
1783061811489 0.6387338342919814 121
1783061836007 0.5801110028443973 122
1783061860678 0.6452523603610195 123
1783061886530 0.49630226444905323 124
1783061913569 0.5916681985315749 125
1783061945422 0.5738932821485732 126
1783061987287 0.630835057548314 127
1783062033640 0.6206106884674456 128
1783062081204 0.6086876946936545 129
1783062129510 0.5938401924320525 130
1783062179476 0.597740511659716 131
1783062231093 0.5806495678359997 132
1783062284867 0.5694761117908386 133
1783062339688 0.5473042740607656 134
1783062396741 0.5900779214377204 135
1783062456728 0.5502235873337536 136
1783062523229 0.7621626605627672 137
1783062590069 0.5211881323948803 138
1783062659277 0.49148300771649345 139
1783062730078 0.4762395405703304 140
1783062801515 0.4476025320022999 141
1783062874204 0.44645144991979807 142
1783062947960 0.5010631237154692 143
1783063022210 0.46542165371993405 144
1783063098620 0.46836197267170826 145
1783063181871 0.46199508326180677 146
1783063265720 0.41684287852409524 147
1783063353509 0.457806521520353 148
1783063444774 0.45230786292561553 149
1783063537615 0.4959241782562642 150
1783063631370 0.5012985212921454 151
1783063725227 0.505606437796977 152
1783063818713 0.5032575174343367 153
1783063912521 0.5022108851948569 154
1783064006596 0.513102315830928 155
1783064100374 0.5193532966841371 156
1783064194193 0.5192452547449533 157
1783064288225 0.46950863359196116 158
1783064382184 0.546311479763027 159
1783064476018 0.5077485851411027 160
1783064569883 0.5258965428805592 161
1783064663742 0.5654246543294951 162
1783064757505 0.5635138258987944 163
1783064850845 0.5900139200507446 164
1783064944703 0.5850250661538249 165
1783065038569 0.5785658138210763 166
1783065132587 0.5894928849307355 167
1783065226368 0.6100553597630681 168
1783065320238 0.5497197790774043 169
1783065413911 0.5814869864164595 170
1783065507694 0.5907925698064989 171
1783065601088 0.6226381954207296 172
1783065694756 0.5967820713907142 173
1783065788873 0.6116151113188668 174
1783065882656 0.6234246045739281 175
1783065976656 0.622295137262938 176
1783066077174 0.6013639182820877 177
1783066188261 0.5906385821405921 178
1783066290078 0.5906596839145462 179
1783066395147 0.5932611127844737 180
1783066530331 0.602165572680728 181
1783066670996 0.598593335288736 182
1783066810399 0.6305399034441131 183
1783066947909 0.5986174616458408 184
1783067079537 0.6078592277446465 185
1783067224441 0.610107491969075 186
1783067357807 0.6292030786881682 187
1783067476208 0.6191073300366733 188
1783067589042 0.6321396850131284 189
1783067701293 0.6051178977230002 190
1783067814203 0.6311882981857934 191
1783067929335 0.6269891179322444 192
1783068047657 0.6226601656620032 193
1783068166951 0.6149503173512044 194
1783068282030 0.6368273344142928 195
1783068399957 0.6290410898124535 196
1783068520080 0.6355885721642874 197
1783068636861 0.639756905405145 198
1783068763801 0.6579958844811241 199
1783068891702 0.6687501485332232 200
1783069017943 0.6732481433800029 201
1783069169067 0.6566958828201425 202
1783069319687 0.671647735512549 203
1783069450059 0.6780971717730303 204
1783069571375 0.6809178545175354 205
1783069684986 0.6692744985289638 206
1783069798282 0.6685540284178154 207
1783069911579 0.6989743548106931 208
1783070024092 0.694678217528568 209
1783070137120 0.6907266833494426 210
1783070249933 0.7218006142426376 211
1783070362741 0.7071438004298763 212
1783070475774 0.7203810195549472 213
1783070588552 0.7032293267627855 214
1783070701563 0.7427656283239051 215
1783070814257 0.7150055072260009 216
1783070927219 0.7187047256477948 217
1783071039433 0.7109145211649465 218
1783071152407 0.7207953831337017 219
1783071265483 0.7465972122200739 220
1783071378101 0.7495642955486591 221
1783071490819 0.7424447429358662 222
1783071603700 0.7522653519112253 223
1783071716502 0.7577307283813609 224
1783071829243 0.7573823088430354 225
1783071942164 0.7475262711920648 226
1783072055300 0.8024063992826219 227
1783072168562 0.7746071462473157 228
1783072281964 0.7800755257378464 229
1783072396486 0.7852451833641148 230
1783072509565 0.8125042583026608 231
1783072622383 0.7828133139380796 232
1783072735617 0.788926668289642 233
1783072848668 0.7908017922981815 234
1783072961353 0.7919236575424639 235
1783073073937 0.8101530653847704 236
1783073187008 0.7963562073478555 237
1783073299668 0.8200941503111555 238
1783073412848 0.804441718096914 239
1783073525766 0.821048271502548 240
1783073638804 0.8084478995560828 241
1783073751667 0.8402161488407537 242
1783073864508 0.858262340484127 243
1783073977402 0.8557504722087139 244
1783074090374 0.8437197304297414 245
1783074203192 0.8726327876959529 246
1783074316286 0.8646211182148142 247
1783074429103 0.8458384785958868 248
1783074541728 0.913369727810798 249
1783074655237 0.891595414081351 250
1783074768524 0.9041172485919406 251
1783074880989 0.9658170815261327 252
1783074993465 0.9112944953213958 253
1783075106443 0.8979305183732664 254
1783075219582 0.9152067766226396 255
1783075332632 0.9062597482078132 256
1783075454301 0.87456726567428 257
1783075577902 0.8766866142162378 258
1783075692495 0.9633386069726331 259
