1783060926890 1.6433341430895256 88
1783060955898 1.6001680259376678 89
1783060983871 1.7216899671878012 90
1783061011934 1.7701738175620976 91
1783061038853 1.8381227324366516 92
1783061066379 1.8617230058664984 93
1783061095946 1.8924014184989182 94
1783061124880 1.882006369052945 95
1783061154909 1.8526775618522398 96
1783061185142 1.8108218482098866 97
1783061214900 1.8219689210763754 98
1783061241725 1.772642326080936 99
1783061267873 1.7448112157731108 100
1783061293973 1.7413507087515034 101
1783061320359 1.7006029597887509 102
1783061346450 1.6969972600434955 103
1783061372630 1.598251298268636 104
1783061399333 1.4757832736875267 105
1783061425968 1.5619775168329693 106
1783061452096 1.479913917176929 107
1783061478547 1.4573055603717724 108
1783061505496 1.3458400313593761 109
1783061532044 1.2831297333331655 110
1783061557714 1.1763920946819026 111
1783061582973 1.1071184393075797 112
1783061608725 1.1208982880051073 113
1783061634594 0.8960086117620053 114
1783061660005 0.807801222709155 115
1783061685479 0.7734656513378184 116
1783061711730 0.6994125275384813 117
1783061737308 0.6285355940882249 118
1783061762949 0.6244052648544312 119
1783061787017 0.6075843087558088 120
1783061811489 0.6295213948696031 121
1783061836007 0.5620985863635328 122
1783061860678 0.6295287718207149 123
1783061886530 0.4803951457270627 124
1783061913569 0.5324053747128924 125
1783061945422 0.5415345109602812 126
1783061987287 0.585072500275647 127
1783062033640 0.5957034971129219 128
1783062081204 0.579661876779713 129
1783062129510 0.5654832791097416 130
1783062179476 0.570758485833378 131
1783062231093 0.54990951937057 132
1783062284867 0.5273369323916551 133
1783062339688 0.5174395503284775 134
1783062396741 0.5554101393628026 135
1783062456728 0.5100169009693574 136
1783062523229 0.7493575131612559 137
1783062590069 0.48459679597443706 138
1783062659277 0.4423231476428462 139
1783062730078 0.45947099946350717 140
1783062801515 0.4239833693951368 141
1783062874204 0.43138940476212095 142
1783062947960 0.45379338769538885 143
1783063022210 0.40618421900281604 144
1783063098620 0.4321546506237339 145
1783063181871 0.45055564504172935 146
1783063265720 0.36755632511293046 147
1783063353509 0.4050650071430873 148
1783063444774 0.42291683914177813 149
1783063537615 0.4686293549887784 150
1783063631370 0.48342545384125746 151
1783063725227 0.4812339185331277 152
1783063818713 0.4525001999684402 153
1783063912521 0.4833623359300739 154
1783064006596 0.4641226371056242 155
1783064100374 0.5197411912936544 156
1783064194193 0.472744695734909 157
1783064288225 0.4352663228625343 158
1783064382184 0.5158876578810222 159
1783064476018 0.45193921767502854 160
1783064569883 0.48859987832755275 161
1783064663742 0.529534854645584 162
1783064757505 0.5111458826632727 163
1783064850845 0.5503735320512638 164
1783064944703 0.5392590099423259 165
1783065038569 0.5237773933560094 166
1783065132587 0.5420402665306755 167
1783065226368 0.565127691640034 168
1783065320238 0.5211110452393045 169
1783065413911 0.5507928365799214 170
1783065507694 0.553704088675108 171
1783065601088 0.5964420324722416 172
1783065694756 0.5559210769322162 173
1783065788873 0.5833676971641242 174
1783065882656 0.5993681861321453 175
1783065976656 0.6069395826600223 176
1783066077174 0.5767886077440701 177
1783066188261 0.5647389730808796 178
1783066290078 0.566741533141835 179
1783066395147 0.5859140561093691 180
1783066530331 0.5857636623541393 181
1783066670996 0.579123814382133 182
1783066810399 0.6087480980902911 183
1783066947909 0.5992281618641644 184
1783067079537 0.6022507633226386 185
1783067224441 0.6031152523509451 186
1783067357807 0.6393636144780582 187
1783067476208 0.603912870089213 188
1783067589042 0.6376042430416946 189
1783067701293 0.6019557468238884 190
1783067814203 0.6408462310634485 191
1783067929335 0.6190708483286196 192
1783068047657 0.647015326671645 193
1783068166951 0.6168892208721434 194
1783068282030 0.6812622005462646 195
1783068399957 0.6939065848157999 196
1783068520080 0.6385527876543614 197
1783068636861 0.6661909046608705 198
1783068763801 0.6740413196415669 199
1783068891702 0.6867504819234213 200
1783069017943 0.6997547796147269 201
1783069169067 0.6736870486781282 202
1783069319687 0.6882748429226235 203
1783069450059 0.714584391052433 204
1783069571375 0.6969715074759897 205
1783069684986 0.6877683887719683 206
1783069798282 0.7020049222423512 207
1783069911579 0.7258163217172726 208
1783070024092 0.7040107713805305 209
1783070137120 0.7107058465201495 210
1783070249933 0.754919198809467 211
1783070362741 0.7245421990894136 212
1783070475774 0.7414531351775223 213
1783070588552 0.72932717264915 214
1783070701563 0.7753780934230937 215
1783070814257 0.7314723230619787 216
1783070927219 0.7467875902064137 217
1783071039433 0.7372076299154398 218
1783071152407 0.7433470659183733 219
1783071265483 0.7629211312711992 220
1783071378101 0.7762731188397075 221
1783071490819 0.7674795316652653 222
1783071603700 0.7775175386029215 223
1783071716502 0.7823170718326363 224
1783071829243 0.7743907112661649 225
1783071942164 0.785757303237915 226
1783072055300 0.824601067437066 227
1783072168562 0.7868308154019442 228
1783072281964 0.8004504038058116 229
1783072396486 0.8157967550681764 230
1783072509565 0.8283232434184962 231
1783072622383 0.8009803814253783 232
1783072735617 0.810210663237838 233
1783072848668 0.8028722028622682 234
1783072961353 0.811918420353155 235
1783073073937 0.8229299780237918 236
1783073187008 0.8084573466085929 237
1783073299668 0.8384498367884831 238
1783073412848 0.8247819100656817 239
1783073525766 0.8334412446132926 240
1783073638804 0.8129518949431317 241
1783073751667 0.8500370766593621 242
1783073864508 0.8671622417490029 243
1783073977402 0.8477975313480084 244
1783074090374 0.8539752521128505 245
1783074203192 0.8826338200850787 246
1783074316286 0.8745470861736819 247
1783074429103 0.8483594649560757 248
1783074541728 0.932548442072245 249
1783074655237 0.9170863374750665 250
1783074768524 0.9466684862380511 251
1783074880989 0.9850607428187137 252
1783074993465 0.9332815788556283 253
1783075106443 0.8919441410782458 254
1783075219582 0.9305475767185626 255
1783075332632 0.9145148076413931 256
1783075454301 0.8817240573392056 257
1783075577902 0.881626408932037 258
1783075692495 0.9742494961611596 259
