1783060898539 0.28041359782218933 87
1783060926890 0.2893926203250885 88
1783060955898 0.29149574041366577 89
1783060983871 0.27823328971862793 90
1783061011934 0.28992998600006104 91
1783061038853 0.30354586243629456 92
1783061066379 0.32600125670433044 93
1783061095946 0.3420197367668152 94
1783061124880 0.32520633935928345 95
1783061154909 0.32014283537864685 96
1783061185142 0.3060268461704254 97
1783061214900 0.302423357963562 98
1783061241725 0.3106191158294678 99
1783061267873 0.28783518075942993 100
1783061293973 0.2888451814651489 101
1783061320359 0.26709574460983276 102
1783061346450 0.2657560706138611 103
1783061372630 0.25717926025390625 104
1783061399333 0.2597332000732422 105
1783061425968 0.24748599529266357 106
1783061452096 0.2573464810848236 107
1783061478547 0.2561924457550049 108
1783061505496 0.25767064094543457 109
1783061532044 0.2664627432823181 110
1783061557714 0.2676416337490082 111
1783061582973 0.2720819413661957 112
1783061608725 0.2743944823741913 113
1783061634594 0.2766254246234894 114
1783061660005 0.2868097424507141 115
1783061685479 0.2891746759414673 116
1783061711730 0.29017797112464905 117
1783061737308 0.28546446561813354 118
1783061762949 0.2835885286331177 119
1783061787017 0.2911982238292694 120
1783061811489 0.28272324800491333 121
1783061836007 0.28324684500694275 122
1783061860678 0.28459444642066956 123
1783061886530 0.2826020419597626 124
1783061913569 0.29316776990890503 125
1783061945422 0.28396427631378174 126
1783061987287 0.28656357526779175 127
1783062033640 0.27914315462112427 128
1783062081204 0.2839488089084625 129
1783062129510 0.27956926822662354 130
1783062179476 0.28080156445503235 131
1783062231093 0.27693384885787964 132
1783062284867 0.2788160741329193 133
1783062339688 0.2718196511268616 134
1783062396741 0.2783939838409424 135
1783062456728 0.26741039752960205 136
1783062523229 0.28315234184265137 137
1783062590069 0.2778036594390869 138
1783062659277 0.2771158516407013 139
1783062730078 0.2851218283176422 140
1783062801515 0.2780311703681946 141
1783062874204 0.267744243144989 142
1783062947960 0.2653852701187134 143
1783063022210 0.23525065183639526 144
1783063098620 0.26840949058532715 145
1783063181871 0.23748642206192017 146
1783063265720 0.273524671792984 147
1783063353509 0.2615605294704437 148
1783063444774 0.28112736344337463 149
1783063537615 0.28596869111061096 150
1783063631370 0.2726770341396332 151
1783063725227 0.26040196418762207 152
1783063818713 0.2734777331352234 153
1783063912521 0.277560830116272 154
1783064006596 0.2609199285507202 155
1783064100374 0.2762528657913208 156
1783064194193 0.24082669615745544 157
1783064288225 0.29298165440559387 158
1783064382184 0.2712212800979614 159
1783064476018 0.28383925557136536 160
1783064569883 0.28173166513442993 161
1783064663742 0.2942645847797394 162
1783064757505 0.29558271169662476 163
1783064850845 0.28328168392181396 164
1783064944703 0.3005688190460205 165
1783065038569 0.2773418724536896 166
1783065132587 0.2976889908313751 167
1783065226368 0.2781987488269806 168
1783065320238 0.2840970754623413 169
1783065413911 0.2696840763092041 170
1783065507694 0.29918158054351807 171
1783065601088 0.28715407848358154 172
1783065694756 0.26499828696250916 173
1783065788873 0.24542057514190674 174
1783065882656 0.26046818494796753 175
1783065976656 0.26954689621925354 176
1783066077174 0.2734071612358093 177
1783066188261 0.22721508145332336 178
1783066290078 0.2522379755973816 179
1783066395147 0.2367425560951233 180
1783066530331 0.26323091983795166 181
1783066670996 0.26463058590888977 182
1783066810399 0.2619827687740326 183
1783066947909 0.2639737129211426 184
1783067079537 0.21295811235904694 185
1783067224441 0.25484371185302734 186
1783067357807 0.27396297454833984 187
1783067476208 0.2551581561565399 188
1783067589042 0.24787983298301697 189
1783067701293 0.24349606037139893 190
1783067814203 0.26163533329963684 191
1783067929335 0.23812313377857208 192
1783068047657 0.27372825145721436 193
1783068166951 0.2511518895626068 194
1783068282030 0.2518504858016968 195
1783068399957 0.24956417083740234 196
1783068520080 0.25945284962654114 197
1783068636861 0.23995718359947205 198
1783068763801 0.26118895411491394 199
1783068891702 0.2716215252876282 200
1783069017943 0.27086493372917175 201
1783069169067 0.2792171239852905 202
1783069319687 0.26944002509117126 203
1783069450059 0.2932988703250885 204
1783069571375 0.2716468572616577 205
1783069684986 0.2811785936355591 206
1783069798282 0.2710905969142914 207
1783069911579 0.2824687957763672 208
1783070024092 0.2892841100692749 209
1783070137120 0.2856835424900055 210
1783070249933 0.27915075421333313 211
1783070362741 0.28950339555740356 212
1783070475774 0.29416903853416443 213
1783070588552 0.30075934529304504 214
1783070701563 0.25404995679855347 215
1783070814257 0.27708056569099426 216
1783070927219 0.2841690480709076 217
1783071039433 0.2840909957885742 218
1783071152407 0.2819063067436218 219
1783071265483 0.2939451336860657 220
1783071378101 0.2638009786605835 221
1783071490819 0.27639973163604736 222
1783071603700 0.28496113419532776 223
1783071716502 0.2747545540332794 224
1783071829243 0.2978181838989258 225
1783071942164 0.2660302221775055 226
1783072055300 0.2637087106704712 227
1783072168562 0.28486377000808716 228
1783072281964 0.27170276641845703 229
1783072396486 0.2837676703929901 230
1783072509565 0.267751544713974 231
1783072622383 0.2960439920425415 232
1783072735617 0.291706919670105 233
1783072848668 0.2897952198982239 234
1783072961353 0.26904696226119995 235
1783073073937 0.26194339990615845 236
1783073187008 0.29578280448913574 237
1783073299668 0.2549402713775635 238
1783073412848 0.2855451703071594 239
1783073525766 0.2667362093925476 240
1783073638804 0.2718639373779297 241
1783073751667 0.27661046385765076 242
1783073864508 0.2613506019115448 243
1783073977402 0.25954315066337585 244
1783074090374 0.26884081959724426 245
1783074203192 0.2769385874271393 246
1783074316286 0.29259681701660156 247
1783074429103 0.2778848707675934 248
1783074541728 0.25557732582092285 249
1783074655237 0.24215908348560333 250
1783074768524 0.2645980417728424 251
1783074880989 0.2621583938598633 252
1783074993465 0.2511303424835205 253
1783075106443 0.2817981243133545 254
1783075219582 0.2693837881088257 255
1783075332632 0.29389894008636475 256
1783075454301 0.27283698320388794 257
1783075577902 0.28567638993263245 258
1783075692495 0.2834584414958954 259
