1783060898539 1.0 87
1783060926890 1.0 88
1783060955898 1.0 89
1783060983871 1.0 90
1783061372630 1.0 104
1783061452096 1.0 107
1783061478547 1.0 108
1783061505496 1.0 109
1783061532044 1.0 110
1783061557714 1.0 111
1783061582973 1.0 112
1783061608725 1.0 113
1783061634594 1.0 114
1783061660005 1.0 115
1783061685479 1.0 116
1783061711730 1.0 117
1783061737308 1.0 118
1783061762949 1.0 119
1783061787017 1.0 120
1783061811489 1.0 121
1783061836007 1.0 122
1783061860678 1.0 123
1783061886530 1.0 124
1783061913569 1.0 125
1783061945422 1.0 126
1783061987287 1.0 127
1783062033640 1.0 128
1783062081204 1.0 129
1783062129510 1.0 130
1783062179476 1.0 131
1783062231093 1.0 132
1783062284867 1.0 133
1783062339688 1.0 134
1783062396741 1.0 135
1783062456728 1.0 136
1783062523229 1.0 137
1783062590069 1.0 138
1783062659277 1.0 139
1783062730078 1.0 140
1783062801515 1.0 141
1783062874204 1.0 142
1783062947960 1.0 143
1783063022210 1.0 144
1783063098620 1.0 145
1783063181871 1.0 146
1783063265720 1.0 147
1783063353509 1.0 148
1783063444774 1.0 149
1783063537615 1.0 150
1783063631370 1.0 151
1783063725227 1.0 152
1783063818713 1.0 153
1783063912521 1.0 154
1783064382184 1.0 159
1783068399957 1.0 196
1783069798282 1.0 207
1783070137120 1.0 210
1783070701563 1.0 215
1783070814257 1.0 216
1783072168562 1.0 228
1783075577902 1.0 258
