1783060898539 0.04068232762883175 87
1783060926890 0.028032934677745893 88
1783060955898 0.025075331470761738 89
1783060983871 0.02527861331760505 90
1783061011934 0.026428390932548305 91
1783061038853 0.025940679435898346 92
1783061066379 0.02733969968728464 93
1783061095946 0.03252105481309021 94
1783061124880 0.033802886488665536 95
1783061154909 0.03313243121807318 96
1783061185142 0.029466298763115142 97
1783061214900 0.029237832067871446 98
1783061241725 0.019162898464325433 99
1783061267873 0.027005103923384014 100
1783061293973 0.018933486200409487 101
1783061320359 0.028760531739123206 102
1783061346450 0.024981279834106924 103
1783061372630 0.016191799295784223 104
1783061399333 0.02572972834968823 105
1783061425968 0.02654098587431387 106
1783061452096 0.02675312175274788 107
1783061478547 0.022667850988467155 108
1783061505496 0.023402004322051653 109
1783061532044 0.024473252204807068 110
1783061557714 0.027238043353530278 111
1783061582973 0.023487763331698563 112
1783061608725 0.02615642418416125 113
1783061634594 0.02167588168007569 114
1783061660005 0.022139495238255525 115
1783061685479 0.023015945486167765 116
1783061711730 0.021105553898505606 117
1783061737308 0.019041248029322257 118
1783061762949 0.022433683368253698 119
1783061787017 0.017978150679076255 120
1783061811489 0.020937223779255873 121
1783061836007 0.01822512275861906 122
1783061860678 0.017291958883694558 123
1783061886530 0.01580745403633652 124
1783061913569 0.015863194092732253 125
1783061945422 0.016105539152758867 126
1783061987287 0.016453074030978315 127
1783062033640 0.015676390152584645 128
1783062081204 0.014816882788284904 129
1783062129510 0.01475112958391037 130
1783062179476 0.014850975809513329 131
1783062231093 0.014776185657065071 132
1783062284867 0.014756213764800729 133
1783062339688 0.01486613242692935 134
1783062396741 0.015510894324822099 135
1783062456728 0.014176639452225573 136
1783062523229 0.01857107548898701 137
1783062590069 0.01369751229109776 138
1783062659277 0.01294391210549899 139
1783062730078 0.01369282844349982 140
1783062801515 0.013555307092531924 141
1783062874204 0.01372930370368825 142
1783062947960 0.013532097625735939 143
1783063022210 0.012594784298601856 144
1783063098620 0.012283231077044548 145
1783063181871 0.012051891347534063 146
1783063265720 0.011651773457233503 147
1783063353509 0.010996214919720538 148
1783063444774 0.010121312672498183 149
1783063537615 0.011069140025768623 150
1783063631370 0.011005032899302023 151
1783063725227 0.009353314615073032 152
1783063818713 0.009825631008804217 153
1783063912521 0.010170066573112611 154
1783064006596 0.010017581310524595 155
1783064100374 0.011605162534404674 156
1783064194193 0.009552675339424848 157
1783064288225 0.010848892525258029 158
1783064382184 0.010956203175577078 159
1783064476018 0.009388187604593744 160
1783064569883 0.008889650777887255 161
1783064663742 0.009820059349452398 162
1783064757505 0.009494614031100355 163
1783064850845 0.009596490089137055 164
1783064944703 0.0099853595333722 165
1783065038569 0.00963279079654967 166
1783065132587 0.010154961555378273 167
1783065226368 0.009153983818763057 168
1783065320238 0.010784731846900588 169
1783065413911 0.008681835603116876 170
1783065507694 0.009778373700567803 171
1783065601088 0.00930210550378888 172
1783065694756 0.008292047061753086 173
1783065788873 0.00882255583819339 174
1783065882656 0.008891266005133123 175
1783065976656 0.00992762583072969 176
1783066077174 0.009615552356299304 177
1783066188261 0.009780202545559101 178
1783066290078 0.008750643432731521 179
1783066395147 0.008833029752149741 180
1783066530331 0.009161183399210132 181
1783066670996 0.00929538603760193 182
1783066810399 0.009746855356220295 183
1783066947909 0.008873930565781242 184
1783067079537 0.008499207343723659 185
1783067224441 0.008975125777154366 186
1783067357807 0.0095775607323867 187
1783067476208 0.009249641339709645 188
1783067589042 0.009300426864089483 189
1783067701293 0.009936880175734283 190
1783067814203 0.009547040317653833 191
1783067929335 0.012201069566610082 192
1783068047657 0.009723796719496629 193
1783068166951 0.008819749422215561 194
1783068282030 0.010018142177280727 195
1783068399957 0.010674370545320926 196
1783068520080 0.008660669817157516 197
1783068636861 0.008997871197429959 198
1783068763801 0.009221810161676936 199
1783068891702 0.009225339647255169 200
1783069017943 0.009211567960661948 201
1783069169067 0.009641231541672823 202
1783069319687 0.010338096702562326 203
1783069450059 0.010729783439433049 204
1783069571375 0.009967351922944848 205
1783069684986 0.010110640703781731 206
1783069798282 0.009550626153519867 207
1783069911579 0.010051046060831747 208
1783070024092 0.009982676669580238 209
1783070137120 0.010303060582023136 210
1783070249933 0.010321198161118445 211
1783070362741 0.010178444356495979 212
1783070475774 0.011196045203241738 213
1783070588552 0.010832993659284208 214
1783070701563 0.010420221618824143 215
1783070814257 0.010739273709953825 216
1783070927219 0.01121782816932561 217
1783071039433 0.011174298020068817 218
1783071152407 0.009947595377401133 219
1783071265483 0.011839267313271194 220
1783071378101 0.011913844408468321 221
1783071490819 0.011871642993319255 222
1783071603700 0.011042174506466532 223
1783071716502 0.012163710918894139 224
1783071829243 0.011668443079828042 225
1783071942164 0.012692163082482086 226
1783072055300 0.011862106789587112 227
1783072168562 0.011355437361041065 228
1783072281964 0.011073536302671225 229
1783072396486 0.010977061275402775 230
1783072509565 0.010776548219864708 231
1783072622383 0.011039861071515892 232
1783072735617 0.011057152744413845 233
1783072848668 0.011280884247635186 234
1783072961353 0.0111094218793581 235
1783073073937 0.01050917101244219 236
1783073187008 0.012182690671572042 237
1783073299668 0.01237680825677065 238
1783073412848 0.012827345305815167 239
1783073525766 0.01019504368894862 240
1783073638804 0.0119923759300688 241
1783073751667 0.011671867749713178 242
1783073864508 0.011441463795896804 243
1783073977402 0.011699288499482161 244
1783074090374 0.0118240102973535 245
1783074203192 0.013802674863760937 246
1783074316286 0.011245973226135296 247
1783074429103 0.013001555228179314 248
1783074541728 0.01229832755486162 249
1783074655237 0.011719688906121822 250
1783074768524 0.0123948368992842 251
1783074880989 0.011761441003874704 252
1783074993465 0.013384530833427562 253
1783075106443 0.011538213536330963 254
1783075219582 0.014249448754873507 255
1783075332632 0.012468859548080217 256
1783075454301 0.014364865889277401 257
1783075577902 0.01518895465204423 258
1783075692495 0.012881877595153432 259
