1783060898539 0.9409679685727704 87
1783060926890 0.970709293285571 88
1783060955898 0.9775870077571795 89
1783060983871 0.9464404228858863 90
1783061011934 0.9582643258947497 91
1783061038853 0.9647697185321492 92
1783061066379 0.9640322096906523 93
1783061095946 0.9485704498634483 94
1783061124880 0.9470265752173077 95
1783061154909 0.9481633312735154 96
1783061185142 0.931789309710845 97
1783061214900 0.9754341655258569 98
1783061241725 0.9767565620707162 99
1783061267873 0.9392618206917024 100
1783061293973 0.9808511917159377 101
1783061320359 0.9753246059382525 102
1783061346450 0.9510778305256932 103
1783061372630 0.9794292930315079 104
1783061399333 0.9776707744239616 105
1783061425968 0.9611919198346952 106
1783061452096 0.9618217603331538 107
1783061478547 0.9790710079220486 108
1783061505496 0.9836166739453717 109
1783061532044 0.9720964307511162 110
1783061557714 0.9848007322252781 111
1783061582973 0.9535532940961658 112
1783061608725 0.9742723287588599 113
1783061634594 0.9887511818075281 114
1783061660005 0.9780395054280951 115
1783061685479 0.9840800691609882 116
1783061711730 0.9874231422615298 117
1783061737308 0.9884240012975336 118
1783061762949 0.9903354619195113 119
1783061787017 0.9891497999692759 120
1783061811489 0.9915835486245441 121
1783061836007 0.9926894823376742 122
1783061860678 0.9915217103247587 123
1783061886530 0.9922884892712028 124
1783061913569 0.9935168839859715 125
1783061945422 0.9927350737534578 126
1783061987287 0.9930962647366194 127
1783062033640 0.9920659998836007 128
1783062081204 0.9919554520845004 129
1783062129510 0.9915575025799386 130
1783062179476 0.9909075133308209 131
1783062231093 0.9909832224541851 132
1783062284867 0.9911630145025326 133
1783062339688 0.991600580170471 134
1783062396741 0.9897569936760197 135
1783062456728 0.9895006524620711 136
1783062523229 0.974212608421631 137
1783062590069 0.9812345267545597 138
1783062659277 0.98623455106304 139
1783062730078 0.9765225019756955 140
1783062801515 0.98448652545716 141
1783062874204 0.983454312561795 142
1783062947960 0.9878804025211391 143
1783063022210 0.9855539282084537 144
1783063098620 0.9819640309885294 145
1783063181871 0.980061908158934 146
1783063265720 0.9771751799426563 147
1783063353509 0.9734864653169291 148
1783063444774 0.9801924102648265 149
1783063537615 0.9799461652731452 150
1783063631370 0.9780127287843483 151
1783063725227 0.9788296685309048 152
1783063818713 0.9788223495179866 153
1783063912521 0.9785842614362589 154
1783064006596 0.9828749753834645 155
1783064100374 0.9752060665403891 156
1783064194193 0.9826663716942867 157
1783064288225 0.9791615948205344 158
1783064382184 0.9795970854829402 159
1783064476018 0.9768267223608431 160
1783064569883 0.9816922306521767 161
1783064663742 0.9858944365388602 162
1783064757505 0.9802710437044253 163
1783064850845 0.9825398938217873 164
1783064944703 0.9833177352950707 165
1783065038569 0.9810836201289708 166
1783065132587 0.9844342286710408 167
1783065226368 0.9772877915685754 168
1783065320238 0.9812013956301116 169
1783065413911 0.9807427829322034 170
1783065507694 0.9830573211183582 171
1783065601088 0.9820214739221474 172
1783065694756 0.97901620702117 173
1783065788873 0.9817520333201923 174
1783065882656 0.9820475206151273 175
1783065976656 0.9819735026918996 176
1783066077174 0.9813146495635416 177
1783066188261 0.9799269154013988 178
1783066290078 0.984528536404484 179
1783066395147 0.9823402183977135 180
1783066530331 0.9849734027922848 181
1783066670996 0.9817943824857573 182
1783066810399 0.9805907675535334 183
1783066947909 0.9812761782794426 184
1783067079537 0.9840628339342433 185
1783067224441 0.9861516671250113 186
1783067357807 0.9816522956757702 187
1783067476208 0.9839627662538716 188
1783067589042 0.982843693362011 189
1783067701293 0.9826525460595172 190
1783067814203 0.9847462788121972 191
1783067929335 0.9854572275571267 192
1783068047657 0.9844243086732883 193
1783068166951 0.9795996926097065 194
1783068282030 0.9814296267964931 195
1783068399957 0.9814821384661799 196
1783068520080 0.9843008200808179 197
1783068636861 0.9820118362103512 198
1783068763801 0.9810478848911987 199
1783068891702 0.9833215178612091 200
1783069017943 0.9855060445024596 201
1783069169067 0.9820211549002519 202
1783069319687 0.9807650417813416 203
1783069450059 0.9817909554252299 204
1783069571375 0.982369600057656 205
1783069684986 0.9830225235095894 206
1783069798282 0.9818668499606996 207
1783069911579 0.981945011875134 208
1783070024092 0.9826833748636808 209
1783070137120 0.9819018730169584 210
1783070249933 0.9808432836129357 211
1783070362741 0.9807358923819125 212
1783070475774 0.9845381287517364 213
1783070588552 0.9784487930878696 214
1783070701563 0.9798094764053279 215
1783070814257 0.979410966277936 216
1783070927219 0.9851632617061425 217
1783071039433 0.9798628489134589 218
1783071152407 0.9820370865842375 219
1783071265483 0.9830038051887487 220
1783071378101 0.978050774970659 221
1783071490819 0.9795641656790276 222
1783071603700 0.9841467915468666 223
1783071716502 0.9826298722808836 224
1783071829243 0.985160688696142 225
1783071942164 0.9801144846839334 226
1783072055300 0.9831095318925788 227
1783072168562 0.9796295638714484 228
1783072281964 0.9844959906944782 229
1783072396486 0.9832138909317346 230
1783072509565 0.9832378390976041 231
1783072622383 0.9839639680660293 232
1783072735617 0.9814838610495578 233
1783072848668 0.9817883683996592 234
1783072961353 0.981074957829691 235
1783073073937 0.9851980906665334 236
1783073187008 0.9818862630763534 237
1783073299668 0.9831423190344466 238
1783073412848 0.9819721479956034 239
1783073525766 0.9832485929656339 240
1783073638804 0.9852492423101683 241
1783073751667 0.9813354198815308 242
1783073864508 0.9813365758568199 243
1783073977402 0.9848668047942714 244
1783074090374 0.9837564860170737 245
1783074203192 0.983209896989117 246
1783074316286 0.9828718119966479 247
1783074429103 0.9823890677206742 248
1783074541728 0.9821782747814768 249
1783074655237 0.9801042714235247 250
1783074768524 0.9814168377820707 251
1783074880989 0.9817905866391173 252
1783074993465 0.981889687264848 253
1783075106443 0.9843803038364821 254
1783075219582 0.9830487015435004 255
1783075332632 0.9842501698501076 256
1783075454301 0.9868722970056433 257
1783075577902 0.9830710168234725 258
1783075692495 0.9851788154731795 259
