1783060898539 0.15288846909999848 87
1783060926890 0.17823629796504975 88
1783060955898 0.21315771877765655 89
1783060983871 0.15190940082073212 90
1783061011934 0.17219857275485992 91
1783061038853 0.15142842441797255 92
1783061066379 0.14823365032672883 93
1783061095946 0.15243496745824814 94
1783061124880 0.17267926633358002 95
1783061154909 0.16746493577957153 96
1783061185142 0.1538955894112587 97
1783061214900 0.1938447666168213 98
1783061241725 0.18943923473358154 99
1783061267873 0.15586306691169738 100
1783061293973 0.20139687299728393 101
1783061320359 0.179496049284935 102
1783061346450 0.16431997537612916 103
1783061372630 0.17821376502513886 104
1783061399333 0.19337823271751403 105
1783061425968 0.16266042947769166 106
1783061452096 0.1762458473443985 107
1783061478547 0.17758985936641694 108
1783061505496 0.19860970914363862 109
1783061532044 0.17247029781341552 110
1783061557714 0.17056350886821747 111
1783061582973 0.1782211810350418 112
1783061608725 0.17112710058689118 113
1783061634594 0.17340754389762877 114
1783061660005 0.16969124615192413 115
1783061685479 0.17598883748054506 116
1783061711730 0.16403395175933838 117
1783061737308 0.15578150361776352 118
1783061762949 0.16505876660346985 119
1783061787017 0.1606930124759674 120
1783061811489 0.17015216290950774 121
1783061836007 0.15797504663467407 122
1783061860678 0.17576993644237518 123
1783061886530 0.15650090515613557 124
1783061913569 0.16528776586055755 125
1783061945422 0.1602094852924347 126
1783061987287 0.1778557640314102 127
1783062033640 0.17412196934223176 128
1783062081204 0.1766072952747345 129
1783062129510 0.17065230667591094 130
1783062179476 0.1720467746257782 131
1783062231093 0.16877818793058397 132
1783062284867 0.16828673392534255 133
1783062339688 0.16534004867076874 134
1783062396741 0.1759914869070053 135
1783062456728 0.16553424328565597 136
1783062523229 0.17629240810871125 137
1783062590069 0.1603344538807869 138
1783062659277 0.15805831223726272 139
1783062730078 0.15737210661172868 140
1783062801515 0.1574717065691948 141
1783062874204 0.17733685165643692 142
1783062947960 0.1784928983449936 143
1783063022210 0.16482151687145233 144
1783063098620 0.16400296986103058 145
1783063181871 0.18120433062314986 146
1783063265720 0.16010240614414215 147
1783063353509 0.1682214605808258 148
1783063444774 0.16843804121017455 149
1783063537615 0.17644095569849014 150
1783063631370 0.1876369199156761 151
1783063725227 0.18180903762578965 152
1783063818713 0.18835476130247117 153
1783063912521 0.18300900250673294 154
1783064006596 0.18362773299217225 155
1783064100374 0.18893237829208373 156
1783064194193 0.18290679901838303 157
1783064288225 0.16879729866981508 158
1783064382184 0.19592466533184053 159
1783064476018 0.17387432038784026 160
1783064569883 0.17900002777576446 161
1783064663742 0.19174583792686462 162
1783064757505 0.1868412387371063 163
1783064850845 0.1965204483270645 164
1783064944703 0.18682530283927917 165
1783065038569 0.19748195469379426 166
1783065132587 0.19365567922592164 167
1783065226368 0.19714230120182039 168
1783065320238 0.19172800362110137 169
1783065413911 0.19307115256786347 170
1783065507694 0.1970171797275543 171
1783065601088 0.21832338273525237 172
1783065694756 0.19661795139312743 173
1783065788873 0.19312240540981293 174
1783065882656 0.20971649646759033 175
1783065976656 0.2077358514070511 176
1783066077174 0.19712046504020692 177
1783066188261 0.21070158183574678 178
1783066290078 0.19131568670272828 179
1783066395147 0.19531762063503266 180
1783066530331 0.19860159397125243 181
1783066670996 0.20476917266845704 182
1783066810399 0.21453205108642578 183
1783066947909 0.20241936266422272 184
1783067079537 0.19224748611450196 185
1783067224441 0.19192025184631348 186
1783067357807 0.21717641532421111 187
1783067476208 0.21150152921676635 188
1783067589042 0.20891712486743927 189
1783067701293 0.2102417653799057 190
1783067814203 0.2155851137638092 191
1783067929335 0.20558542370796204 192
1783068047657 0.20974002718925477 193
1783068166951 0.20743942022323608 194
1783068282030 0.24086859226226806 195
1783068399957 0.23412116050720214 196
1783068520080 0.20044271230697633 197
1783068636861 0.21323583841323854 198
1783068763801 0.22120445668697358 199
1783068891702 0.20684506893157958 200
1783069017943 0.2136542820930481 201
1783069169067 0.19685969829559327 202
1783069319687 0.21195462346076965 203
1783069450059 0.21603399872779847 204
1783069571375 0.20090431213378906 205
1783069684986 0.2086339223384857 206
1783069798282 0.20378025591373444 207
1783069911579 0.20980940580368043 208
1783070024092 0.19693269550800324 209
1783070137120 0.2058512419462204 210
1783070249933 0.22026863157749177 211
1783070362741 0.22114644527435304 212
1783070475774 0.2154235088825226 213
1783070588552 0.21502137064933777 214
1783070701563 0.2211334401369095 215
1783070814257 0.21328529536724092 216
1783070927219 0.21235615134239197 217
1783071039433 0.21403023183345796 218
1783071152407 0.21451520204544067 219
1783071265483 0.21371967136859893 220
1783071378101 0.2263326269388199 221
1783071490819 0.23738059043884277 222
1783071603700 0.21656523644924164 223
1783071716502 0.2278464651107788 224
1783071829243 0.21611056685447694 225
1783071942164 0.24847680032253266 226
1783072055300 0.2318560755252838 227
1783072168562 0.2317193329334259 228
1783072281964 0.22444858253002167 229
1783072396486 0.24177284121513368 230
1783072509565 0.24680632829666138 231
1783072622383 0.2398310261964798 232
1783072735617 0.24636393845081328 233
1783072848668 0.23403094112873077 234
1783072961353 0.25193565011024477 235
1783073073937 0.2438099992275238 236
1783073187008 0.2499423509836197 237
1783073299668 0.2561629503965378 238
1783073412848 0.2669314646720886 239
1783073525766 0.26722590923309325 240
1783073638804 0.2614549165964127 241
1783073751667 0.26610232710838316 242
1783073864508 0.2713913482427597 243
1783073977402 0.27546110153198244 244
1783074090374 0.2679514670372009 245
1783074203192 0.2865848118066788 246
1783074316286 0.2923732936382294 247
1783074429103 0.28831654906272886 248
1783074541728 0.30100095391273496 249
1783074655237 0.31002032101154325 250
1783074768524 0.35814749777317045 251
1783074880989 0.42351717829704283 252
1783074993465 0.34197316348552703 253
1783075106443 0.33991152107715605 254
1783075219582 0.36952386796474457 255
1783075332632 0.3641050308942795 256
1783075454301 0.3287743043899536 257
1783075577902 0.36586409866809844 258
1783075692495 0.384018474817276 259
