1783060898539 0.7661012053489685 87
1783060926890 0.8465717220306397 88
1783060955898 0.8699501872062683 89
1783060983871 0.8880237817764283 90
1783061011934 0.9048041725158691 91
1783061038853 0.9138819932937622 92
1783061066379 0.9218225073814392 93
1783061095946 0.9338976740837097 94
1783061124880 0.9281071090698242 95
1783061154909 0.9348507952690125 96
1783061185142 0.9350524020195007 97
1783061214900 0.9507874345779419 98
1783061241725 0.9122141003608704 99
1783061267873 0.9461919093132019 100
1783061293973 0.9500907778739929 101
1783061320359 0.9530392408370971 102
1783061346450 0.9639810442924499 103
1783061372630 0.9590410685539246 104
1783061399333 0.9647108912467957 105
1783061425968 0.950158395767212 106
1783061452096 0.9590982937812805 107
1783061478547 0.9582677841186523 108
1783061505496 0.9613040280342102 109
1783061532044 0.962149305343628 110
1783061557714 0.9598570919036865 111
1783061582973 0.9595066428184509 112
1783061608725 0.9667155265808105 113
1783061634594 0.9741175055503846 114
1783061660005 0.9682374501228332 115
1783061685479 0.972579083442688 116
1783061711730 0.9805374836921692 117
1783061737308 0.9777494955062866 118
1783061762949 0.9775519967079163 119
1783061787017 0.9757439827919007 120
1783061811489 0.9825776648521424 121
1783061836007 0.98053049325943 122
1783061860678 0.9786997652053833 123
1783061886530 0.9791759181022645 124
1783061913569 0.9715743207931519 125
1783061945422 0.9738268065452576 126
1783061987287 0.9676648211479187 127
1783062033640 0.975481789112091 128
1783062081204 0.9756619143486023 129
1783062129510 0.9769072270393372 130
1783062179476 0.9784492754936218 131
1783062231093 0.9804294991493225 132
1783062284867 0.9802633213996887 133
1783062339688 0.9820948028564453 134
1783062396741 0.9826990795135498 135
1783062456728 0.9860533738136291 136
1783062523229 0.9463194847106934 137
1783062590069 0.9814665961265564 138
1783062659277 0.9850620722770691 139
1783062730078 0.9809914636611938 140
1783062801515 0.9798440766334534 141
1783062874204 0.9793236374855041 142
1783062947960 0.9791984319686889 143
1783063022210 0.9793697428703309 144
1783063098620 0.9743388414382934 145
1783063181871 0.9788573956489564 146
1783063265720 0.9663947677612305 147
1783063353509 0.958847644329071 148
1783063444774 0.9768197464942933 149
1783063537615 0.9784966850280762 150
1783063631370 0.9749536466598511 151
1783063725227 0.9739800214767456 152
1783063818713 0.9736964988708496 153
1783063912521 0.9711352467536927 154
1783064006596 0.9671595025062562 155
1783064100374 0.9654622316360474 156
1783064194193 0.9666308379173278 157
1783064288225 0.9640191984176636 158
1783064382184 0.9677297830581665 159
1783064476018 0.9664593863487244 160
1783064569883 0.9684241461753845 161
1783064663742 0.9675078558921814 162
1783064757505 0.9687099957466125 163
1783064850845 0.9666525220870972 164
1783064944703 0.967415521144867 165
1783065038569 0.9665036511421203 166
1783065132587 0.9638859820365906 167
1783065226368 0.9673287796974183 168
1783065320238 0.9692801141738892 169
1783065413911 0.968490858078003 170
1783065507694 0.9671211791038513 171
1783065601088 0.9662671256065368 172
1783065694756 0.9702302074432373 173
1783065788873 0.9683542251586914 174
1783065882656 0.9692937231063843 175
1783065976656 0.9679497456550599 176
1783066077174 0.9698940396308899 177
1783066188261 0.969322476387024 178
1783066290078 0.9705850863456726 179
1783066395147 0.9700095009803772 180
1783066530331 0.97030179977417 181
1783066670996 0.9717847824096679 182
1783066810399 0.9735136580467224 183
1783066947909 0.9724599146842956 184
1783067079537 0.9739038300514221 185
1783067224441 0.9745351028442383 186
1783067357807 0.9761244487762452 187
1783067476208 0.9758615779876709 188
1783067589042 0.976518919467926 189
1783067701293 0.9758963418006897 190
1783067814203 0.9751422667503357 191
1783067929335 0.9755209660530091 192
1783068047657 0.9758739614486694 193
1783068166951 0.9751821422576904 194
1783068282030 0.9763559412956238 195
1783068399957 0.9724776077270508 196
1783068520080 0.9733900499343872 197
1783068636861 0.9778875160217285 198
1783068763801 0.9791473627090455 199
1783068891702 0.980642249584198 200
1783069017943 0.9801203465461731 201
1783069169067 0.9801403498649597 202
1783069319687 0.9795960092544556 203
1783069450059 0.9781788444519043 204
1783069571375 0.9812811160087586 205
1783069684986 0.9805584073066711 206
1783069798282 0.9814218378067017 207
1783069911579 0.9828847742080689 208
1783070024092 0.9826262879371643 209
1783070137120 0.9822587752342224 210
1783070249933 0.983306200504303 211
1783070362741 0.9839041996002197 212
1783070475774 0.9822062373161315 213
1783070588552 0.9834289312362671 214
1783070701563 0.9833125114440918 215
1783070814257 0.9837460160255432 216
1783070927219 0.9821624898910523 217
1783071039433 0.9836969995498657 218
1783071152407 0.9838623976707459 219
1783071265483 0.9852818179130555 220
1783071378101 0.98225435256958 221
1783071490819 0.9808465814590455 222
1783071603700 0.9816337871551514 223
1783071716502 0.9819844484329223 224
1783071829243 0.9828776431083679 225
1783071942164 0.9831128191947937 226
1783072055300 0.9821954011917114 227
1783072168562 0.9832488989830017 228
1783072281964 0.9836319255828857 229
1783072396486 0.9831534266471863 230
1783072509565 0.9838232493400574 231
1783072622383 0.9848961949348449 232
1783072735617 0.9829198694229127 233
1783072848668 0.9851644349098205 234
1783072961353 0.9857503819465637 235
1783073073937 0.9818796062469483 236
1783073187008 0.984937129020691 237
1783073299668 0.9831640672683716 238
1783073412848 0.9838355779647827 239
1783073525766 0.9817790794372558 240
1783073638804 0.9848515582084656 241
1783073751667 0.9863364577293396 242
1783073864508 0.9817161011695862 243
1783073977402 0.9829440760612488 244
1783074090374 0.9859360980987549 245
1783074203192 0.9847926449775696 246
1783074316286 0.9822989916801452 247
1783074429103 0.985387704372406 248
1783074541728 0.9847948813438415 249
1783074655237 0.9738122582435608 250
1783074768524 0.9762834930419921 251
1783074880989 0.9630161118507385 252
1783074993465 0.9792074275016784 253
1783075106443 0.9799851536750793 254
1783075219582 0.9803399443626404 255
1783075332632 0.9769142699241639 256
1783075454301 0.980618793964386 257
1783075577902 0.9824426364898682 258
1783075692495 0.9820836496353149 259
