1783060898539 0.36974602460861206 87
1783060926890 0.3110151219367981 88
1783060955898 0.2713318753242493 89
1783060983871 0.23863603353500365 90
1783061011934 0.25040823698043824 91
1783061038853 0.2544413065910339 92
1783061066379 0.24186585664749147 93
1783061095946 0.2436411952972412 94
1783061124880 0.25202991008758546 95
1783061154909 0.21518360137939452 96
1783061185142 0.22754786491394044 97
1783061214900 0.25449615001678466 98
1783061241725 0.25405128717422487 99
1783061267873 0.22452149868011476 100
1783061293973 0.22338394403457643 101
1783061320359 0.22352665424346924 102
1783061346450 0.21978113651275635 103
1783061372630 0.21570827960968017 104
1783061399333 0.23108352184295655 105
1783061425968 0.20673735857009887 106
1783061452096 0.20816435813903808 107
1783061478547 0.22082221746444702 108
1783061505496 0.21381470441818237 109
1783061532044 0.21006948232650757 110
1783061557714 0.2168589448928833 111
1783061582973 0.19123080492019653 112
1783061608725 0.20612648248672485 113
1783061634594 0.21107145309448241 114
1783061660005 0.21433045864105224 115
1783061685479 0.19786098957061768 116
1783061711730 0.19370105504989624 117
1783061737308 0.19829384088516236 118
1783061762949 0.19835644483566284 119
1783061787017 0.21080291748046875 120
1783061811489 0.17891444206237794 121
1783061836007 0.2064668369293213 122
1783061860678 0.19349079370498656 123
1783061886530 0.21501779556274414 124
1783061913569 0.21888361215591431 125
1783061945422 0.19617116689682007 126
1783061987287 0.21150813341140748 127
1783062033640 0.20636467933654784 128
1783062081204 0.20827975749969482 129
1783062129510 0.20340167760848998 130
1783062179476 0.2000838613510132 131
1783062231093 0.19636892557144164 132
1783062284867 0.19530229330062865 133
1783062339688 0.19315943241119385 134
1783062396741 0.19092442274093627 135
1783062456728 0.1963683247566223 136
1783062523229 0.28936665296554565 137
1783062590069 0.26468873977661134 138
1783062659277 0.29314895629882814 139
1783062730078 0.2794786810874939 140
1783062801515 0.2739757513999939 141
1783062874204 0.28396263360977175 142
1783062947960 0.2853778314590454 143
1783063022210 0.2773310327529907 144
1783063098620 0.2826246237754822 145
1783063181871 0.2737264156341553 146
1783063265720 0.28300153255462646 147
1783063353509 0.2747419214248657 148
1783063444774 0.26835993766784666 149
1783063537615 0.26551576137542726 150
1783063631370 0.2573660326004028 151
1783063725227 0.25928062915802 152
1783063818713 0.26173150539398193 153
1783063912521 0.24988105058670043 154
1783064006596 0.2546877121925354 155
1783064100374 0.24864835977554323 156
1783064194193 0.24893983364105224 157
1783064288225 0.25077073097229 158
1783064382184 0.24863532066345215 159
1783064476018 0.2667757511138916 160
1783064569883 0.24429219007492065 161
1783064663742 0.2514985609054565 162
1783064757505 0.24844956159591675 163
1783064850845 0.24594342470169067 164
1783064944703 0.25372124433517457 165
1783065038569 0.24727179288864135 166
1783065132587 0.2587498831748962 167
1783065226368 0.2418142056465149 168
1783065320238 0.23755623102188111 169
1783065413911 0.25009151697158816 170
1783065507694 0.23552185773849488 171
1783065601088 0.24880757570266723 172
1783065694756 0.24144103050231933 173
1783065788873 0.2466673755645752 174
1783065882656 0.24278101205825806 175
1783065976656 0.24463507652282715 176
1783066077174 0.2354881954193115 177
1783066188261 0.24074846982955933 178
1783066290078 0.23503293037414552 179
1783066395147 0.23479709148406983 180
1783066530331 0.23254404544830323 181
1783066670996 0.23061530590057372 182
1783066810399 0.22757782220840453 183
1783066947909 0.2302432417869568 184
1783067079537 0.2371170115470886 185
1783067224441 0.22761094331741333 186
1783067357807 0.23203454971313475 187
1783067476208 0.23073644161224366 188
1783067589042 0.2277717399597168 189
1783067701293 0.22370165586471558 190
1783067814203 0.2293428111076355 191
1783067929335 0.22649938106536865 192
1783068047657 0.21893584489822387 193
1783068166951 0.22339526653289796 194
1783068282030 0.2140911912918091 195
1783068399957 0.25009262323379516 196
1783068520080 0.22693509101867676 197
1783068636861 0.21537766456604004 198
1783068763801 0.22263320207595824 199
1783068891702 0.2196831202507019 200
1783069017943 0.21573605060577392 201
1783069169067 0.22643746852874755 202
1783069319687 0.2146107530593872 203
1783069450059 0.2204533839225769 204
1783069571375 0.2168215274810791 205
1783069684986 0.21711159467697144 206
1783069798282 0.21663372993469238 207
1783069911579 0.2096548867225647 208
1783070024092 0.21795085668563843 209
1783070137120 0.2199524998664856 210
1783070249933 0.20635994911193847 211
1783070362741 0.216896812915802 212
1783070475774 0.21238080263137818 213
1783070588552 0.20865411996841432 214
1783070701563 0.21080590963363646 215
1783070814257 0.21220865488052368 216
1783070927219 0.21514801025390626 217
1783071039433 0.2120910406112671 218
1783071152407 0.21378692626953125 219
1783071265483 0.2083197808265686 220
1783071378101 0.21077123165130615 221
1783071490819 0.20761730909347534 222
1783071603700 0.22001845836639405 223
1783071716502 0.21421040773391722 224
1783071829243 0.21200223684310912 225
1783071942164 0.20454447984695434 226
1783072055300 0.20953176021575928 227
1783072168562 0.1998723840713501 228
1783072281964 0.1992746138572693 229
1783072396486 0.2065226912498474 230
1783072509565 0.20100841999053956 231
1783072622383 0.19639347553253172 232
1783072735617 0.19640018701553344 233
1783072848668 0.2021544122695923 234
1783072961353 0.19152010202407838 235
1783073073937 0.19871962785720826 236
1783073187008 0.19407933712005615 237
1783073299668 0.20255124807357788 238
1783073412848 0.1819208598136902 239
1783073525766 0.19433463335037232 240
1783073638804 0.18484880685806274 241
1783073751667 0.1858040976524353 242
1783073864508 0.17995898723602294 243
1783073977402 0.18062803030014038 244
1783074090374 0.19076776266098022 245
1783074203192 0.1787005066871643 246
1783074316286 0.18005664825439452 247
1783074429103 0.17392791509628297 248
1783074541728 0.18492084264755249 249
1783074655237 0.16655998468399047 250
1783074768524 0.18958620548248292 251
1783074880989 0.17770098209381102 252
1783074993465 0.18799687147140504 253
1783075106443 0.16541926860809325 254
1783075219582 0.1790487551689148 255
1783075332632 0.1556226634979248 256
1783075454301 0.18039085388183593 257
1783075577902 0.154742112159729 258
1783075692495 0.17008585214614869 259
