1783060898539 0.14496262073516847 87
1783060926890 0.1623363173007965 88
1783060955898 0.19548329532146455 89
1783060983871 0.21563261032104492 90
1783061011934 0.22286577999591828 91
1783061038853 0.21439436435699463 92
1783061066379 0.2117326557636261 93
1783061095946 0.21213736951351167 94
1783061124880 0.22125722229480743 95
1783061154909 0.22308897972106934 96
1783061185142 0.20375373125076293 97
1783061214900 0.22809995889663695 98
1783061241725 0.22646040081977845 99
1783061267873 0.2061140578985214 100
1783061293973 0.2247932720184326 101
1783061320359 0.21271570444107055 102
1783061346450 0.2103866457939148 103
1783061372630 0.20380782186985016 104
1783061399333 0.19827059745788575 105
1783061425968 0.19683984756469727 106
1783061452096 0.20004552185535432 107
1783061478547 0.1964344984292984 108
1783061505496 0.19141521215438842 109
1783061532044 0.18063401639461518 110
1783061557714 0.17395831108093263 111
1783061582973 0.1644918739795685 112
1783061608725 0.1615392744541168 113
1783061634594 0.1448268038034439 114
1783061660005 0.13496967285871506 115
1783061685479 0.1314955598115921 116
1783061711730 0.11884915828704834 117
1783061737308 0.10808274745941163 118
1783061762949 0.10571531146764755 119
1783061787017 0.10048561751842498 120
1783061811489 0.10254723846912384 121
1783061836007 0.08992860198020936 122
1783061860678 0.10049794495105743 123
1783061886530 0.07939123570919036 124
1783061913569 0.08745488345623016 125
1783061945422 0.087585229575634 126
1783061987287 0.09371104925870895 127
1783062033640 0.09498208284378051 128
1783062081204 0.09406725734472275 129
1783062129510 0.09220450282096863 130
1783062179476 0.09383132755756378 131
1783062231093 0.0907403053343296 132
1783062284867 0.08941575050354005 133
1783062339688 0.0859442561864853 134
1783062396741 0.09467320621013642 135
1783062456728 0.09052964985370636 136
1783062523229 0.13631332337856292 137
1783062590069 0.11344041168689728 138
1783062659277 0.10548441767692567 139
1783062730078 0.10812706559896469 140
1783062801515 0.10237784415483475 141
1783062874204 0.10692211657762528 142
1783062947960 0.1159682223200798 143
1783063022210 0.1096761366724968 144
1783063098620 0.11417320519685745 145
1783063181871 0.11826756924390792 146
1783063265720 0.08653844356536865 147
1783063353509 0.09808608949184418 148
1783063444774 0.10166490972042083 149
1783063537615 0.11100189000368119 150
1783063631370 0.11761634707450867 151
1783063725227 0.12280319422483445 152
1783063818713 0.11893984377384186 153
1783063912521 0.12268648743629455 154
1783064006596 0.12008365094661713 155
1783064100374 0.13040017277002336 156
1783064194193 0.13082255423069 157
1783064288225 0.11811822623014451 158
1783064382184 0.13473333686590194 159
1783064476018 0.12641322672367095 160
1783064569883 0.13396459341049194 161
1783064663742 0.14221602588891982 162
1783064757505 0.14096747934818268 163
1783064850845 0.1492931526899338 164
1783064944703 0.14458634197711945 165
1783065038569 0.14297353774309157 166
1783065132587 0.1429074838757515 167
1783065226368 0.15267492711544037 168
1783065320238 0.14678796350955964 169
1783065413911 0.14981326192617417 170
1783065507694 0.15119885325431823 171
1783065601088 0.1590268647670746 172
1783065694756 0.1549477344751358 173
1783065788873 0.15819719016551972 174
1783065882656 0.1639178690314293 175
1783065976656 0.16156537145376204 176
1783066077174 0.1553207504749298 177
1783066188261 0.15465941727161409 178
1783066290078 0.15048512130975722 179
1783066395147 0.15637489467859267 180
1783066530331 0.15611595094203948 181
1783066670996 0.15478328257799148 182
1783066810399 0.16394250839948654 183
1783066947909 0.1648850217461586 184
1783067079537 0.162974034845829 185
1783067224441 0.1616400796175003 186
1783067357807 0.1733367720246315 187
1783067476208 0.16537775009870528 188
1783067589042 0.17163007140159606 189
1783067701293 0.16650040090084076 190
1783067814203 0.1732759717106819 191
1783067929335 0.16879867076873778 192
1783068047657 0.1727650687098503 193
1783068166951 0.16859876990318298 194
1783068282030 0.18359443575143813 195
1783068399957 0.18571285367012025 196
1783068520080 0.16885471493005752 197
1783068636861 0.1765287345647812 198
1783068763801 0.18008216232061386 199
1783068891702 0.17944004982709885 200
1783069017943 0.18195901364088057 201
1783069169067 0.17094089031219484 202
1783069319687 0.1788356938958168 203
1783069450059 0.18080251961946486 204
1783069571375 0.1779234939813614 205
1783069684986 0.17811167389154434 206
1783069798282 0.1815964674949646 207
1783069911579 0.18825533092021943 208
1783070024092 0.1802934604883194 209
1783070137120 0.18461431294679642 210
1783070249933 0.19459077775478362 211
1783070362741 0.18882291436195373 212
1783070475774 0.19216076910495758 213
1783070588552 0.193013836145401 214
1783070701563 0.19938195645809173 215
1783070814257 0.19458508491516113 216
1783070927219 0.19138209342956544 217
1783071039433 0.1950065815448761 218
1783071152407 0.19693959653377532 219
1783071265483 0.199157754778862 220
1783071378101 0.2016431874036789 221
1783071490819 0.2122873568534851 222
1783071603700 0.1998446649312973 223
1783071716502 0.20377021610736848 224
1783071829243 0.20259987115859984 225
1783071942164 0.2098978191614151 226
1783072055300 0.2139813631772995 227
1783072168562 0.20892709732055664 228
1783072281964 0.2081766653060913 229
1783072396486 0.21330417156219483 230
1783072509565 0.21697860479354858 231
1783072622383 0.21285107135772705 232
1783072735617 0.21640865623950958 233
1783072848668 0.21123240053653716 234
1783072961353 0.22044266045093536 235
1783073073937 0.2171795552968979 236
1783073187008 0.21547577142715454 237
1783073299668 0.21896695256233215 238
1783073412848 0.22243253648281097 239
1783073525766 0.22220031201839446 240
1783073638804 0.2163819944858551 241
1783073751667 0.22896686911582947 242
1783073864508 0.2348303610086441 243
1783073977402 0.22441616773605347 244
1783074090374 0.22932577788829803 245
1783074203192 0.23995026528835298 246
1783074316286 0.23568084478378296 247
1783074429103 0.23093042612075806 248
1783074541728 0.2451916378736496 249
1783074655237 0.24596778690814972 250
1783074768524 0.25315059840679166 251
1783074880989 0.27040787518024445 252
1783074993465 0.2529208868741989 253
1783075106443 0.24753593981266023 254
1783075219582 0.25436639070510864 255
1783075332632 0.2518147718906403 256
1783075454301 0.23607145249843597 257
1783075577902 0.24410223722457886 258
1783075692495 0.25664646446704864 259
