1782941161446 0.9724934895833334 101
1782941168171 0.9718424479166666 102
1782941172116 0.9713541666666666 103
1782941172788 0.9710286458333334 104
1782941173843 0.9708658854166666 105
1782941174533 0.9708658854166666 106
1782941175565 0.9705403645833334 107
1782941176245 0.9705403645833334 108
1782941177283 0.9703776041666666 109
1782941177955 0.9703776041666666 110
1782941178945 0.9703776041666666 111
1782941179593 0.9703776041666666 112
1782941180580 0.9703776041666666 113
1782941181289 0.9703776041666666 114
1782941182411 0.9703776041666666 115
1782941183082 0.9703776041666666 116
1782941184185 0.9703776041666666 117
1782941184886 0.9703776041666666 118
1782941185912 0.9703776041666666 119
1782941186576 0.9703776041666666 120
