1782941161446 0.7659632582978264 101
1782941168171 0.7659632693773485 102
1782941172116 0.7659632923431642 103
1782941172788 0.7659633310761595 104
1782941173843 0.7659633095913279 105
1782941174533 0.765963262296577 106
1782941175565 0.7659633142796721 107
1782941176245 0.7659632940013253 108
1782941177283 0.7659633405254928 109
1782941177955 0.7659632655359735 110
1782941178945 0.7659632951180052 111
1782941179593 0.7659632472655796 112
1782941180580 0.7659633389586116 113
1782941181289 0.7659632964061714 114
1782941182411 0.7659632921602744 115
1782941183082 0.765963258475829 116
1782941184185 0.7659632384815643 117
1782941184886 0.7659633308082472 118
1782941185912 0.7659632536811852 119
1782941186576 0.7659632347961288 120
