1782941161446 0.01603067697405164 101
1782941168171 0.01603067638824039 102
1782941172116 0.016030677388535603 103
1782941172788 0.016030677648549197 104
1782941173843 0.016030676236442682 105
1782941174533 0.016030676344785406 106
1782941175565 0.016030677293691075 107
1782941176245 0.016030676325719185 108
1782941177283 0.016030677400019136 109
1782941177955 0.01603067548087751 110
1782941178945 0.01603067670839931 111
1782941179593 0.016030676493305578 112
1782941180580 0.016030676954795504 113
1782941181289 0.016030676399014114 114
1782941182411 0.01603067682697269 115
1782941183082 0.016030676411917678 116
1782941184185 0.016030676633321438 117
1782941184886 0.016030676993933932 118
1782941185912 0.016030676130552278 119
1782941186576 0.016030675469710095 120
