1782941161446 0.017828103775779407 101
1782941168171 0.017828101913134258 102
1782941172116 0.017828103775779407 103
1782941172788 0.017828103775779407 104
1782941173843 0.01782810439666112 105
1782941174533 0.017828103775779407 106
1782941175565 0.017828103775779407 107
1782941176245 0.017828102534015972 108
1782941177283 0.017828103775779407 109
1782941177955 0.017828102534015972 110
1782941178945 0.017828102534015972 111
1782941179593 0.01782810315489769 112
1782941180580 0.01782810315489769 113
1782941181289 0.017828102534015972 114
1782941182411 0.017828103775779407 115
1782941183082 0.017828102534015972 116
1782941184185 0.01782810439666112 117
1782941184886 0.01782810315489769 118
1782941185912 0.01782810439666112 119
1782941186576 0.017828102534015972 120
