1782941161446 7.8197197914123535 101
1782941168171 7.81978972752889 102
1782941172116 7.819835027058919 103
1782941172788 7.81988000869751 104
1782941173843 7.819907983144124 105
1782941174533 7.819932142893474 106
1782941175565 7.819947719573975 107
1782941176245 7.819961071014404 108
1782941177283 7.819966952006022 109
1782941177955 7.8199723561604815 110
1782941178945 7.819978396097819 111
1782941179593 7.8199812571207685 112
1782941180580 7.819986343383789 113
1782941181289 7.819986820220947 114
1782941182411 7.819990158081055 115
1782941183082 7.819992224375407 116
1782941184185 7.819993178049724 117
1782941184886 7.819993019104004 118
1782941185912 7.819993178049724 119
1782941186576 7.819993019104004 120
