1782941161446 0.020701507660856214 101
1782941168171 0.020305059544027667 102
1782941172116 0.020052173521944307 103
1782941172788 0.01978130298748351 104
1782941173843 0.019653715430215896 105
1782941174533 0.019645642726979357 106
1782941175565 0.019468782626239047 107
1782941176245 0.019382102883976998 108
1782941177283 0.01938450658643568 109
1782941177955 0.0193474396227928 110
1782941178945 0.019347440916202815 111
1782941179593 0.019347441347339487 112
1782941180580 0.019347440916202815 113
1782941181289 0.01932670802309893 114
1782941182411 0.019326707591181217 115
1782941183082 0.019306013242302703 116
1782941184185 0.019306013242302703 117
1782941184886 0.019306012376899512 118
1782941185912 0.01930601151149632 119
1782941186576 0.019306011078794726 120
