1782941161446 -0.6569781378631361 101
1782941168171 -0.6927268194853388 102
1782941172116 0.5824830771327185 103
1782941174533 0.6685073327518489 106
1782941175565 0.6500769299068019 107
1782941176245 0.5748264779713277 108
1782941177283 0.5748261169248141 109
1782941177955 0.5748259698562203 110
1782941178945 0.5748268081455574 111
1782941179593 0.5748273082279429 112
1782941180580 0.5748256396816926 113
1782941181289 0.5748268081455574 114
1782941182411 0.5748256396816926 115
1782941183082 0.5748273670041102 116
1782941184185 0.5748268081455574 117
1782941184886 0.5748268081455574 118
1782941185912 0.5748259698562203 119
1782941186576 0.574826955214002 120
