1782941161446 0.22941172053702824 101
1782941168171 0.23301134081319558 102
1782941172116 0.22059127306305037 103
1782941172788 0.21787041541468158 104
1782941173843 0.20868554955041296 105
1782941174533 0.2107135290762503 106
1782941175565 0.2108884344604563 107
1782941176245 0.19677691565999558 108
1782941177283 0.20879070386896542 109
1782941177955 0.20588622990227237 110
1782941178945 0.20588631725884335 111
1782941179593 0.20588629744481812 112
1782941180580 0.2058862359452801 113
1782941181289 0.2021234150008936 114
1782941182411 0.20212346308856247 115
1782941183082 0.20112216251300374 116
1782941184185 0.2011223742329651 117
1782941184886 0.2011223472589579 118
1782941185912 0.20112230158401023 119
1782941186576 0.201122333253704 120
