1782941161446 0.21231786906719208 101
1782941168171 0.21552330255508423 102
1782941172116 0.21795488893985748 103
1782941172788 0.2197675108909607 104
1782941173843 0.2211095541715622 105
1782941174533 0.22209902107715607 106
1782941175565 0.222822904586792 107
1782941176245 0.22335542738437653 108
1782941177283 0.22374457120895386 109
1782941177955 0.2240271121263504 110
1782941178945 0.22423940896987915 111
1782941179593 0.22438836097717285 112
1782941180580 0.22450299561023712 113
1782941181289 0.22457890212535858 114
1782941182411 0.2246364802122116 115
1782941183082 0.22468161582946777 116
1782941184185 0.22471125423908234 117
1782941184886 0.2247377634048462 118
1782941185912 0.224753275513649 119
1782941186576 0.22476617991924286 120
