1782941161446 0.645800511042277 101
1782941168171 0.6450353463490804 102
1782941172116 0.644490381081899 103
1782941172788 0.644104023774465 104
1782941173843 0.6438312331835429 105
1782941174533 0.6436302661895752 106
1782941175565 0.6434916853904724 107
1782941176245 0.6433877944946289 108
1782941177283 0.643312414487203 109
1782941177955 0.6432602405548096 110
1782941178945 0.6432186762491862 111
1782941179593 0.6431901454925537 112
1782941180580 0.6431710720062256 113
1782941181289 0.6431559522946676 114
1782941182411 0.6431455810864767 115
1782941183082 0.6431368986765543 116
1782941184185 0.6431322495142618 117
1782941184886 0.6431283354759216 118
1782941185912 0.643125593662262 119
1782941186576 0.6431229710578918 120
