1782941161446 0.34874210536677874 101
1782941168171 0.35075930020713636 102
1782941172116 0.35219205132187487 103
1782941172788 0.3532148755078464 104
1782941173843 0.3539457038273249 105
1782941174533 0.3544701356821911 106
1782941175565 0.3548486926230104 107
1782941176245 0.35512095730828946 108
1782941177283 0.3553192357680027 109
1782941177955 0.35546272055388767 110
1782941178945 0.35556627984318917 111
1782941179593 0.35564178861649776 112
1782941180580 0.35569694674562147 113
1782941181289 0.35573727324063803 114
1782941182411 0.35576636630913544 115
1782941183082 0.3557874211616297 116
1782941184185 0.35580292373853095 117
1782941184886 0.3558137476172029 118
1782941185912 0.3558228756315356 119
1782941186576 0.35582839697094554 120
