1782941161446 0.7022979302572215 101
1782941168171 0.7022979268987225 102
1782941172116 0.7022979446459315 103
1782941172788 0.7022979257857948 104
1782941173843 0.7022979261673937 105
1782941174533 0.702297913720967 106
1782941175565 0.7022979599553558 107
1782941176245 0.7022979535011401 108
1782941177283 0.702297951561408 109
1782941177955 0.7022979053746754 110
1782941178945 0.702297939539435 111
1782941179593 0.7022979405972248 112
1782941180580 0.702297905054914 113
1782941181289 0.7022978944271882 114
1782941182411 0.7022979354444633 115
1782941183082 0.7022979380031272 116
1782941184185 0.7022979343758742 117
1782941184886 0.7022979012667152 118
1782941185912 0.7022979198316114 119
1782941186576 0.7022979353143145 120
