1782941161446 0.1576370225701461 101
1782941168171 0.15763710848881887 102
1782941172116 0.15763703772796958 103
1782941172788 0.15763708715760313 104
1782941173843 0.15763705964846184 105
1782941174533 0.15763704047317403 106
1782941175565 0.15763697170590796 107
1782941176245 0.15763700925913657 108
1782941177283 0.1576369721593757 109
1782941177955 0.15763707762284343 110
1782941178945 0.15763698547107696 111
1782941179593 0.15763696047439346 112
1782941180580 0.15763700814131415 113
1782941181289 0.15763698732810552 114
1782941182411 0.1576369887965762 115
1782941183082 0.1576369834278047 116
1782941184185 0.1576369661580137 117
1782941184886 0.15763706110248998 118
1782941185912 0.15763697469594626 119
1782941186576 0.1576369830540509 120
