1782941161446 0.8421892325083414 101
1782941168171 0.8421892325083414 102
1782941172116 0.8421892325083414 103
1782941172788 0.8421892325083414 104
1782941173843 0.8421892325083414 105
1782941174533 0.8421892325083414 106
1782941175565 0.8421892325083414 107
1782941176245 0.8421892325083414 108
1782941177283 0.8421892325083414 109
1782941177955 0.8421892325083414 110
1782941178945 0.8421892325083414 111
1782941179593 0.8421892325083414 112
1782941180580 0.8421892325083414 113
1782941181289 0.8421892325083414 114
1782941182411 0.8421892325083414 115
1782941183082 0.8421892325083414 116
1782941184185 0.8421892325083414 117
1782941184886 0.8421892325083414 118
1782941185912 0.8421892325083414 119
1782941186576 0.8421892325083414 120
