1782941161446 2.6316428184509277 101
1782941168171 2.630666414896647 102
1782941172116 2.6298209031422934 103
1782941172788 2.6292362213134766 104
1782941173843 2.6289584636688232 105
1782941174533 2.6284919579823813 106
1782941175565 2.62851619720459 107
1782941176245 2.628195842107137 108
1782941177283 2.6279283364613852 109
1782941177955 2.6279046535491943 110
1782941178945 2.6278353532155356 111
1782941179593 2.627791245778402 112
1782941180580 2.6277999877929688 113
1782941181289 2.6276939709981284 114
1782941182411 2.627854347229004 115
1782941183082 2.6278066635131836 116
1782941184185 2.6277913252512612 117
1782941184886 2.627773920694987 118
1782941185912 2.6277878284454346 119
1782941186576 2.627692540486654 120
