1782941161446 0.6606122652689616 101
1782941168171 0.6606122652689616 102
1782941172116 0.6606122652689616 103
1782941172788 0.6606122652689616 104
1782941173843 0.6606122652689616 105
1782941174533 0.6606122652689616 106
1782941175565 0.6606122652689616 107
1782941176245 0.6606122652689616 108
1782941177283 0.6606122652689616 109
1782941177955 0.6606122652689616 110
1782941178945 0.6606122652689616 111
1782941179593 0.6606122652689616 112
1782941180580 0.6606122652689616 113
1782941181289 0.6606122652689616 114
1782941182411 0.6606122652689616 115
1782941183082 0.6606122652689616 116
1782941184185 0.6606122652689616 117
1782941184886 0.6606122652689616 118
1782941185912 0.6606122652689616 119
1782941186576 0.6606122652689616 120
