1782943786188 0.9796549479166666 101
1782943791225 0.9791666666666666 102
1782943793882 0.9788411458333334 103
1782943794625 0.978515625 104
1782943795772 0.9783528645833334 105
1782943796513 0.9781901041666666 106
1782943797683 0.97802734375 107
1782943798442 0.97802734375 108
1782943799627 0.9778645833333334 109
1782943800366 0.9778645833333334 110
1782943801502 0.9778645833333334 111
1782943802239 0.9777018229166666 112
1782943803411 0.9777018229166666 113
1782943804172 0.9777018229166666 114
1782943805768 0.9777018229166666 115
1782943806508 0.9777018229166666 116
1782943807674 0.9777018229166666 117
1782943808428 0.9777018229166666 118
1782943809645 0.9777018229166666 119
1782943810408 0.9777018229166666 120
