1782943786188 0.01934421683351199 101
1782943791225 0.019344219317038853 102
1782943793882 0.01934421869615714 103
1782943794625 0.019344217454393704 104
1782943795772 0.019344217454393704 105
1782943796513 0.01934421869615714 106
1782943797683 0.01934421869615714 107
1782943798442 0.01934421869615714 108
1782943799627 0.01934421869615714 109
1782943800366 0.01934421807527542 110
1782943801502 0.01934421807527542 111
1782943802239 0.019344219317038853 112
1782943803411 0.019344217454393704 113
1782943804172 0.01934421807527542 114
1782943805768 0.019344220558802288 115
1782943806508 0.01934421993792057 116
1782943807674 0.01934421993792057 117
1782943808428 0.01934421869615714 118
1782943809645 0.01934421869615714 119
1782943810408 0.01934421869615714 120
