1782943786188 0.7850644842338997 101
1782943791225 0.7850645307197922 102
1782943793882 0.7850645017978208 103
1782943794625 0.785064525762627 104
1782943795772 0.7850645052957691 105
1782943796513 0.7850644792439181 106
1782943797683 0.7850645363412804 107
1782943798442 0.7850645608784936 108
1782943799627 0.7850645385577263 109
1782943800366 0.7850645450372215 110
1782943801502 0.7850645307966214 111
1782943802239 0.7850644934096236 112
1782943803411 0.785064531960753 113
1782943804172 0.785064553640102 114
1782943805768 0.7850644797417893 115
1782943806508 0.7850645226278578 116
1782943807674 0.7850644620367699 117
1782943808428 0.7850644907967851 118
1782943809645 0.7850645833376171 119
1782943810408 0.7850644449170253 120
