1782943786188 0.03202111025651296 101
1782943791225 0.03202111149827639 102
1782943793882 0.032021112740039825 103
1782943794625 0.03202111211915811 104
1782943795772 0.03202111522356669 105
1782943796513 0.03202111211915811 106
1782943797683 0.03202111211915811 107
1782943798442 0.032021112740039825 108
1782943799627 0.03202111211915811 109
1782943800366 0.03202111211915811 110
1782943801502 0.03202111211915811 111
1782943802239 0.03202111211915811 112
1782943803411 0.03202111211915811 113
1782943804172 0.032021112740039825 114
1782943805768 0.032021112740039825 115
1782943806508 0.032021114602684975 116
1782943807674 0.03202111211915811 117
1782943808428 0.03202111211915811 118
1782943809645 0.03202111211915811 119
1782943810408 0.032021110877394676 120
