1782943786188 23.712652921676636 101
1782943791225 5.015526056289673 102
1782943793882 1.8003015518188477 103
1782943794625 0.7184455394744873 104
1782943795772 0.7114300727844238 105
1782943796513 0.7175052165985107 106
1782943797683 0.7243597507476807 107
1782943798442 0.7348103523254395 108
1782943799627 0.7401835918426514 109
1782943800366 0.7178173065185547 110
1782943801502 0.7089626789093018 111
1782943802239 0.7144742012023926 112
1782943803411 0.7169287204742432 113
1782943804172 0.7351081371307373 114
1782943805768 0.7191457748413086 115
1782943806508 0.7182595729827881 116
1782943807674 0.7123918533325195 117
1782943808428 0.7302720546722412 118
1782943809645 0.7469086647033691 119
1782943810408 0.7296178340911865 120
