1782943786188 -0.08844907109304062 101
1782943791225 -0.09814244695248377 102
1782943793882 0.005595263159611926 103
1782943794625 -0.045301843072226816 104
1782943795772 -0.06949715440538888 105
1782943796513 -0.057219794768463235 106
1782943797683 -0.021950001448295304 107
1782943798442 0.050038080580303665 108
1782943799627 0.014797542061020802 109
1782943800366 -0.07783136801276574 110
1782943801502 0.09872635228338902 111
1782943802239 0.010281610059511797 112
1782943803411 -0.03639695488834563 113
1782943804172 -0.004707025756911311 114
1782943805768 -0.037013522230156984 115
1782943806508 -0.08554016278771884 116
1782943807674 0.0637995199129385 117
1782943808428 -0.00840927999091074 118
1782943809645 -0.027988894009841024 119
1782943810408 -0.052825579833276896 120
