1782943786188 0.02390404489128087 101
1782943791225 0.023480763582334127 102
1782943793882 0.023236281330498706 103
1782943794625 0.02293208031587198 104
1782943795772 0.022854440426700328 105
1782943796513 0.022793230235366013 106
1782943797683 0.022632278157298676 107
1782943798442 0.022515134999401682 108
1782943799627 0.022528758810923387 109
1782943800366 0.02253094922314893 110
1782943801502 0.022531991400873617 111
1782943802239 0.022490434577624577 112
1782943803411 0.022490435008761248 113
1782943804172 0.022490434577624577 114
1782943805768 0.022472622169964554 115
1782943806508 0.0224726234657177 116
1782943807674 0.02247262260188227 117
1782943808428 0.022472623897635418 118
1782943809645 0.0224726234657177 119
1782943810408 0.022472621306129124 120
