1782943786188 0.2711189091205597 101
1782943791225 0.269873708486557 102
1782943793882 0.26891663670539856 103
1782943794625 0.2681979238986969 104
1782943795772 0.26766374707221985 105
1782943796513 0.26726803183555603 106
1782943797683 0.26697835326194763 107
1782943798442 0.26676517724990845 108
1782943799627 0.26660898327827454 109
1782943800366 0.26649537682533264 110
1782943801502 0.26641014218330383 111
1782943802239 0.26635047793388367 112
1782943803411 0.26630470156669617 113
1782943804172 0.26627376675605774 114
1782943805768 0.26625069975852966 115
1782943806508 0.2662328779697418 116
1782943807674 0.2662210762500763 117
1782943808428 0.2662101984024048 118
1782943809645 0.26620373129844666 119
1782943810408 0.26619836688041687 120
