1782943786188 0.16744367165578428 101
1782943791225 0.9809313603110514 102
1782943793882 -0.277350334638124 103
1782943797683 nan 107
1782943798442 0.24999999999999997 108
1782943799627 nan 109
1782943800366 -0.20628424925175864 110
1782943801502 0.25000000000000006 111
1782943802239 0.24999999999999997 112
1782943803411 nan 113
1782943804172 nan 114
1782943805768 0.25000000000000006 115
1782943806508 0.25000000000000006 116
1782943807674 0.25 117
1782943808428 0.25 118
1782943809645 nan 119
1782943810408 0.25000000000000006 120
