1782943786188 0.029668023543698446 101
1782943791225 0.028457416892051696 102
1782943793882 0.027302575500115105 103
1782943794625 0.027302576795868252 104
1782943795772 0.027951225638389587 105
1782943796513 0.02749062861715044 106
1782943797683 0.0267087496817112 107
1782943798442 0.02644663421731246 108
1782943799627 0.02644662480605276 109
1782943800366 0.02637213245034218 110
1782943801502 0.02637212201952934 111
1782943802239 0.0263721264898777 112
1782943803411 0.0263721264898777 113
1782943804172 0.026372121274471284 114
1782943805768 0.02637212723493576 115
1782943806508 0.026372134685516357 116
1782943807674 0.026372130215168 117
1782943808428 0.026372124999761583 118
1782943809645 0.026372138410806656 119
1782943810408 0.026372116804122925 120
