1782943786188 0.25533172488212585 101
1782943791225 0.2545972466468811 102
1782943793882 0.25404682755470276 103
1782943794625 0.25363889336586 104
1782943795772 0.25333812832832336 105
1782943796513 0.2531168460845947 106
1782943797683 0.25295498967170715 107
1782943798442 0.2528364956378937 108
1782943799627 0.25274959206581116 109
1782943800366 0.2526867091655731 110
1782943801502 0.25263941287994385 111
1782943802239 0.25260621309280396 112
1782943803411 0.2525809705257416 113
1782943804172 0.2525637447834015 114
1782943805768 0.25255104899406433 115
1782943806508 0.25254112482070923 116
1782943807674 0.25253456830978394 117
1782943808428 0.2525286078453064 118
1782943809645 0.25252512097358704 119
1782943810408 0.25252220034599304 120
