1782943786188 0.05063967682697155 101
1782943791225 0.049879967138685026 102
1782943793882 0.04927350165414029 103
1782943794625 0.04915020117175438 104
1782943795772 0.04912609025543811 105
1782943796513 0.049158791080117226 106
1782943797683 0.04916830412669532 107
1782943798442 0.049013253853801536 108
1782943799627 0.048884138013377335 109
1782943800366 0.04872155548038339 110
1782943801502 0.048621299115013096 111
1782943802239 0.0486097033344098 112
1782943803411 0.04860969977592355 113
1782943804172 0.0486097033344098 114
1782943805768 0.048549156649848345 115
1782943806508 0.048549159308791605 116
1782943807674 0.0485491548772195 117
1782943808428 0.04854915753616276 118
1782943809645 0.04854915399090508 119
1782943810408 0.04854915310459066 120
