1782943786188 0.16714275379975638 101
1782943791225 0.16714274883270264 102
1782943793882 0.16714274883270264 103
1782943794625 0.16714274883270264 104
1782943795772 0.16714274883270264 105
1782943796513 0.16714275379975638 106
1782943797683 0.16714274883270264 107
1782943798442 0.16714275379975638 108
1782943799627 0.1671427587668101 109
1782943800366 0.16714275379975638 110
1782943801502 0.16714275379975638 111
1782943802239 0.16714275379975638 112
1782943803411 0.16714275379975638 113
1782943804172 0.16714274883270264 114
1782943805768 0.16714274883270264 115
1782943806508 0.16714274883270264 116
1782943807674 0.16714274883270264 117
1782943808428 0.16714274883270264 118
1782943809645 0.16714274883270264 119
1782943810408 0.16714274883270264 120
