1782943786188 1.2178739468256632 101
1782943791225 1.2172599395116173 102
1782943793882 1.2168324947357179 103
1782943794625 1.2165349483489991 104
1782943795772 1.222066763767463 105
1782943796513 1.2161790291468302 106
1782943797683 1.2160744825998941 107
1782943798442 1.2582865674751997 108
1782943799627 1.2189438637593686 109
1782943800366 1.2159071127573648 110
1782943801502 1.2260930375962427 111
1782943802239 1.2158582766850787 112
1782943803411 1.2158431371053058 113
1782943804172 1.215832805633545 114
1782943805768 1.2206862681089323 115
1782943806508 1.2245990275384055 116
1782943807674 1.2355709653752132 117
1782943808428 1.2158119837443033 118
1782943809645 1.215809957186381 119
1782943810408 1.2158084074656168 120
