1782943786188 0.8114043474197388 101
1782943791225 0.8121077020963033 102
1782943793882 0.8134780128796896 103
1782943794625 0.8135141134262085 104
1782943795772 0.8139214515686035 105
1782943796513 0.8138514161109924 106
1782943797683 0.8139885862668356 107
1782943798442 0.814356247584025 108
1782943799627 0.8143993218739828 109
1782943800366 0.8146292567253113 110
1782943801502 0.8145158489545187 111
1782943802239 0.8145024577776591 112
1782943803411 0.8146738608678182 113
1782943804172 0.8143676320711771 114
1782943805768 0.8143583138783773 115
1782943806508 0.8144897222518921 116
1782943807674 0.8146340052286783 117
1782943808428 0.8146618803342184 118
1782943809645 0.8147262533505758 119
1782943810408 0.8146615425745646 120
