1782943786188 2.450807730356852 101
1782943791225 2.450455983479818 102
1782943793882 2.449770927429199 103
1782943794625 2.4497528076171875 104
1782943795772 2.4495492776234946 105
1782943796513 2.4495842456817627 106
1782943797683 2.4495155811309814 107
1782943798442 2.449331839879354 108
1782943799627 2.449310223261515 109
1782943800366 2.449195305506388 110
1782943801502 2.4492520491282144 111
1782943802239 2.449258724848429 112
1782943803411 2.4491729736328125 113
1782943804172 2.4493261178334556 114
1782943805768 2.4493308067321777 115
1782943806508 2.4492650826772056 116
1782943807674 2.449192921320597 117
1782943808428 2.44917893409729 118
1782943809645 2.449146827061971 119
1782943810408 2.449179172515869 120
