1782943786188 2.184704383214315 101
1782943791225 2.1845415433247886 102
1782943793882 2.1843833923339844 103
1782943794625 2.1843154430389404 104
1782943795772 2.184267282485962 105
1782943796513 2.184239466985067 106
1782943797683 2.1842200756073 107
1782943798442 2.1841862201690674 108
1782943799627 2.1841580073038735 109
1782943800366 2.1841372648874917 110
1782943801502 2.18414306640625 111
1782943802239 2.184122006098429 112
1782943803411 2.184107780456543 113
1782943804172 2.1841298739115396 114
1782943805768 2.1841299533843994 115
1782943806508 2.184119621912638 116
1782943807674 2.184108257293701 117
1782943808428 2.1841057936350503 118
1782943809645 2.184100945790609 119
1782943810408 2.184105634689331 120
