1782766970332 1.2899734139639079 86
1782766977019 1.2859607248940856 87
1782766982617 1.2730901305683986 88
1782766983622 1.254000767119183 89
1782766984667 1.235573826313286 90
1782766985693 1.2203996017480756 91
1782766986714 1.2075356381963518 92
1782766987750 1.1956399531057398 93
1782766988774 1.184668883296615 94
1782766989858 1.1749144341194182 95
1782766990891 1.1663796213403437 96
1782766991921 1.156511359434526 97
1782766992942 1.1447805002437683 98
1782766993990 1.13292279224295 99
1782766995035 1.129638017581845 100
