1782766970332 0.537865060959459 86
1782766977019 0.5341133581629333 87
1782766982617 0.5218873515059289 88
1782766983622 0.5031628393780606 89
1782766984667 0.4843393301337084 90
1782766985693 0.4681814528997199 91
1782766986714 0.4540003713303024 92
1782766987750 0.44050913932470165 93
1782766988774 0.4277097251593072 94
1782766989858 0.41599893575781194 95
1782766990891 0.4054693033952666 96
1782766991921 0.3930817557763115 97
1782766992942 0.3779743452752213 98
1782766993990 0.3621301404832697 99
1782766995035 0.35760407046280934 100
