1782766970332 0.026576663677891094 86
1782766977019 0.027376738066474598 87
1782766982617 0.02953444793820381 88
1782766983622 0.03235926913718382 89
1782766984667 0.03527244180440903 90
1782766985693 0.038328694800535835 91
1782766986714 0.041310506562391915 92
1782766987750 0.044082000851631165 93
1782766988774 0.046811586866776146 94
1782766989858 0.04957738642891248 95
1782766990891 0.052406719575325646 96
1782766991921 0.05457762877146403 97
1782766992942 0.05591439704100291 98
1782766993990 0.05665422355135282 99
1782766995035 0.057553794234991074 100
