1782766970332 0.4029947916666667 86
1782766977019 0.4029947916666667 87
1782766982617 0.4029947916666667 88
1782766983622 0.4033203125 89
1782766984667 0.4026692708333333 90
1782766985693 0.4036458333333333 91
1782766986714 0.4033203125 92
1782766987750 0.4026692708333333 93
1782766988774 0.40234375 94
1782766989858 0.4029947916666667 95
1782766990891 0.4036458333333333 96
1782766991921 0.3916015625 97
1782766992942 0.4026692708333333 98
1782766993990 0.40234375 99
1782766995035 0.4016927083333333 100
