1782766970332 0.29717222849527997 86
1782766977019 0.31727614005406696 87
1782766982617 0.18377317984898886 88
1782766983622 0.17242521047592163 89
1782766984667 0.21137787898381552 90
1782766985693 0.22190002600351968 91
1782766986714 0.2221504052480062 92
1782766987750 0.22568015257517496 93
1782766988774 0.23479235172271729 94
1782766989858 0.23777985572814941 95
1782766990891 0.23569560050964355 96
1782766991921 0.23175549507141113 97
1782766992942 0.2242156664530436 98
1782766993990 0.21403491497039795 99
1782766995035 0.20646744966506958 100
