1782766970332 24.18110466003418 86
1782766977019 6.666221857070923 87
1782766982617 5.578343629837036 88
1782766983622 0.9867880344390869 89
1782766984667 1.0254392623901367 90
1782766985693 1.00510573387146 91
1782766986714 1.0008502006530762 92
1782766987750 1.0173044204711914 93
1782766988774 1.004072904586792 94
1782766989858 1.0646286010742188 95
1782766990891 1.0105128288269043 96
1782766991921 1.0092620849609375 97
1782766992942 0.9997048377990723 98
1782766993990 1.0020983219146729 99
1782766995035 1.0234534740447998 100
