1782766970332 0.2564418613910675 86
1782766977019 0.25593048334121704 87
1782766982617 0.28983423113822937 88
1782766983622 0.2552379071712494 89
1782766984667 0.28832367062568665 90
1782766985693 0.2548362910747528 91
1782766986714 0.16937559843063354 92
1782766987750 0.2855461835861206 93
1782766988774 0.25448963046073914 94
1782766989858 0.28832074999809265 95
1782766990891 0.2543506622314453 96
1782766991921 0.2875469923019409 97
1782766992942 0.2542441189289093 98
1782766993990 0.2541833817958832 99
1782766995035 0.28788796067237854 100
