1782766970332 0.800754767197829 86
1782766977019 0.8173295103985331 87
1782766982617 0.8185133934020996 88
1782766983622 0.8240804565086793 89
1782766984667 0.8315570655910448 90
1782766985693 0.8377930472878848 91
1782766986714 0.8441713310423351 92
1782766987750 0.8520888133221362 93
1782766988774 0.8619532987295863 94
1782766989858 0.8730537000908909 95
1782766990891 0.8851056156388248 96
1782766991921 0.8964730228286192 97
1782766992942 0.9070818108248423 98
1782766993990 0.9168549503188536 99
1782766995035 0.9266890100685947 100
