1782766970332 0.7465030169371075 86
1782766977019 0.7394725892601943 87
1782766982617 0.7348208092526848 88
1782766983622 0.7338836052365488 89
1782766984667 0.7346149908529745 90
1782766985693 0.7356688289319054 91
1782766986714 0.7371372965008732 92
1782766987750 0.7402099295300439 93
1782766988774 0.7459658593246618 94
1782766989858 0.7534494055322853 95
1782766990891 0.7614297801050647 96
1782766991921 0.7689468357389774 97
1782766992942 0.7762357190406034 98
1782766993990 0.7817815585607466 99
1782766995035 0.7874765115139596 100
