1782766970332 0.18860356509685516 86
1782766977019 0.19096703827381134 87
1782766982617 0.21662044525146484 88
1782766983622 0.19444245100021362 89
1782766984667 0.22036097943782806 90
1782766985693 0.19663070142269135 91
1782766986714 0.21880610287189484 92
1782766987750 0.22122494876384735 93
1782766988774 0.19861455261707306 94
1782766989858 0.22310416400432587 95
1782766990891 0.19958549737930298 96
1782766991921 0.22474785149097443 97
1782766992942 0.20044700801372528 98
1782766993990 0.20087428390979767 99
1782766995035 0.225314661860466 100
