1782766970332 0.6424046754837036 86
1782766977019 0.6418664852778116 87
1782766982617 0.6400380730628967 88
1782766983622 0.6409048239390055 89
1782766984667 0.6389545599619547 90
1782766985693 0.6403715014457703 91
1782766986714 0.6378336946169535 92
1782766987750 0.6380590796470642 93
1782766988774 0.6396430929501852 94
1782766989858 0.6377527316411337 95
1782766990891 0.6388307213783264 96
1782766991921 0.6366603175799052 97
1782766992942 0.6378958821296692 98
1782766993990 0.6374500592549642 99
1782766995035 0.6354599595069885 100
