1782766970332 -0.07193938639848 86
1782766977019 0.01883566939000791 87
1782766982617 0.20043522597293087 88
1782766983622 0.29651490567134936 89
1782766984667 0.3538279868129153 90
1782766985693 0.3911742452953839 91
1782766986714 0.417646717527242 92
1782766987750 0.43913430098655354 93
1782766988774 0.4572538032707228 94
1782766989858 0.47161104896149997 95
1782766990891 0.4822417487908614 96
1782766991921 0.49639796695135474 97
1782766992942 0.5162958695682083 98
1782766993990 0.5370803297991773 99
1782766995035 0.5467003465670123 100
