1782766970332 2.1861917972564697 86
1782766977019 2.062434991200765 87
1782766982617 1.8884392579396565 88
1782766983622 1.6644152402877808 89
1782766984667 1.5410457452138264 90
1782766985693 1.4633371035257976 91
1782766986714 1.4100237687428792 92
1782766987750 1.3693021138509114 93
1782766988774 1.336490273475647 94
1782766989858 1.3099874258041382 95
1782766990891 1.289106806119283 96
1782766991921 1.2726936340332031 97
1782766992942 1.2552836338678997 98
1782766993990 1.236040989557902 99
1782766995035 1.2201470534006755 100
