1782766970332 1.0159462889035542 86
1782766977019 0.9226395885149637 87
1782766982617 0.7949127157529196 88
1782766983622 0.6335741678873698 89
1782766984667 0.5448907216389974 90
1782766985693 0.4882330298423767 91
1782766986714 0.4475980003674825 92
1782766987750 0.4158278703689575 93
1782766988774 0.3884395956993103 94
1782766989858 0.36559083064397174 95
1782766990891 0.3463789224624634 96
1782766991921 0.3300698200861613 97
1782766992942 0.3141196370124817 98
1782766993990 0.2987327774365743 99
1782766995035 0.28515203793843585 100
