1782766970332 -0.01594631016875307 86
1782766977019 0.07736041210591793 87
1782766982617 0.20508727182944617 88
1782766983622 0.36642584204673767 89
1782766984667 0.45510926842689514 90
1782766985693 0.5117669602235159 91
1782766986714 0.5524019996325175 92
1782766987750 0.5841721296310425 93
1782766988774 0.6115604043006897 94
1782766989858 0.6344091693560282 95
1782766990891 0.6536210775375366 96
1782766991921 0.6699301799138387 97
1782766992942 0.6858803629875183 98
1782766993990 0.7012672225634257 99
1782766995035 0.7148479620615641 100
