1782766970332 -0.15750455359617868 86
1782766977019 -0.07324051049848397 87
1782766982617 0.05285577351848284 88
1782766983622 0.21832171579202017 89
1782766984667 0.306768258412679 90
1782766985693 0.36064324776331586 91
1782766986714 0.39621298511823017 92
1782766987750 0.42090274890263873 93
1782766988774 0.44289859135945636 94
1782766989858 0.4596952398618062 95
1782766990891 0.4730883240699768 96
1782766991921 0.48321256041526794 97
1782766992942 0.49837323029836017 98
1782766993990 0.5188389917214712 99
1782766995035 0.5381022195021311 100
