1782766970332 0.2995074192682902 86
1782766977019 0.2996274431546529 87
1782766982617 0.29970765113830566 88
1782766983622 0.2995208303133647 89
1782766984667 0.30083773533503216 90
1782766985693 0.30268023411432904 91
1782766986714 0.30536959568659466 92
1782766987750 0.3086732029914856 93
1782766988774 0.312277356783549 94
1782766989858 0.316795289516449 95
1782766990891 0.3215553363164266 96
1782766991921 0.3266574740409851 97
1782766992942 0.3319575786590576 98
1782766993990 0.33714956045150757 99
1782766995035 0.34300124645233154 100
