1782766970332 8.972366015116373 86
1782766977019 8.969658533732096 87
1782766982617 8.921351750691732 88
1782766983622 8.881761233011881 89
1782766984667 8.87259292602539 90
1782766985693 8.857311884562174 91
1782766986714 8.84506638844808 92
1782766987750 8.835942904154459 93
1782766988774 8.830103238423666 94
1782766989858 8.825851440429688 95
1782766990891 8.818947156270346 96
1782766991921 8.820969899495443 97
1782766992942 8.817427317301432 98
1782766993990 8.824955304463705 99
1782766995035 8.84121290842692 100
