1783134343105 0.9229970673720042 210
1783134346128 0.9229970624049505 211
1783134349112 0.922997052470843 212
1783134352110 0.9229970475037893 213
1783134355082 0.9229970624049505 214
1783134358059 0.9229970475037893 215
1783134361049 0.9229970475037893 216
1783134364056 0.922997052470843 217
1783134367022 0.922997052470843 218
1783134369995 0.9229970574378967 219
1783134372966 0.9229970574378967 220
1783134375923 0.9229970425367355 221
1783134378887 0.9229970574378967 222
1783134381884 0.9229970475037893 223
1783134384912 0.9229970574378967 224
1783134387962 0.9229970574378967 225
1783134390987 0.9229970673720042 226
1783134394044 0.9229970673720042 227
1783134397069 0.922997052470843 228
1783134400108 0.922997052470843 229
