1783134343105 1.4207065189389416 210
1783134346128 1.420706499250134 211
1783134349112 1.4207064970638295 212
1783134352110 1.4207064972470524 213
1783134355082 1.42070649349487 214
1783134358059 1.4207065101502936 215
1783134361049 1.4207065092803628 216
1783134364056 1.4207064876343887 217
1783134367022 1.420706511520302 218
1783134369995 1.4207065242244532 219
1783134372966 1.4207065012057214 220
1783134375923 1.420706509140273 221
1783134378887 1.420706497102911 222
1783134381884 1.420706526055852 223
1783134384912 1.4207064907220779 224
1783134387962 1.4207064839937755 225
1783134390987 1.4207065018401088 226
1783134394044 1.4207065089301436 227
1783134397069 1.4207064949159733 228
1783134400108 1.4207065125699987 229
