1783134343105 0.05694855359992285 210
1783134346128 0.05694855350606919 211
1783134349112 0.05694855322791869 212
1783134352110 0.05694855305143854 213
1783134355082 0.05694855293610667 214
1783134358059 0.05694855353142492 215
1783134361049 0.05694855279124259 216
1783134364056 0.05694855281060902 217
1783134367022 0.05694855386531469 218
1783134369995 0.0569485544154637 219
1783134372966 0.05694855364034764 220
1783134375923 0.056948553869693413 221
1783134378887 0.0569485533619963 222
1783134381884 0.05694855324484302 223
1783134384912 0.05694855180707569 224
1783134387962 0.05694855286755654 225
1783134390987 0.056948552913745225 226
1783134394044 0.05694855347368024 227
1783134397069 0.056948552774146954 228
1783134400108 0.05694855366158424 229
