1783134343105 3.94944259657793 210
1783134346128 3.9588839024624067 211
1783134349112 3.9675230790669107 212
1783134352110 3.9749129892447264 213
1783134355082 3.980726002823982 214
1783134358059 3.9847922756208707 215
1783134361049 3.9870205920747783 216
1783134364056 3.9876361463962593 217
1783134367022 3.986898543985866 218
1783134369995 3.98502570780373 219
1783134372966 3.9820290989764664 220
1783134375923 3.9782498976383818 221
1783134378887 3.9737152513147005 222
1783134381884 3.968651556145858 223
1783134384912 3.963207994349244 224
1783134387962 3.9576119962516505 225
1783134390987 3.952051619358643 226
1783134394044 3.9468396015527447 227
1783134397069 3.942088819536458 228
1783134400108 3.93765506855328 229
