1783134343105 3.8200061321258545 210
1783134346128 3.813380002975464 211
1783134349112 3.8079074819882712 212
1783134352110 3.803649663925171 213
1783134355082 3.8003982305526733 214
1783134358059 3.7978897094726562 215
1783134361049 3.7947397232055664 216
1783134364056 3.794105370839437 217
1783134367022 3.792056659857432 218
1783134369995 3.790919025739034 219
1783134372966 3.7922775944073996 220
1783134375923 3.7952189246813455 221
1783134378887 3.7876474459966025 222
1783134381884 3.78703381617864 223
1783134384912 3.78612490495046 224
1783134387962 3.785484333833059 225
1783134390987 3.7848931153615317 226
1783134394044 3.78432967265447 227
1783134397069 3.784807880719503 228
1783134400108 3.7833888133366904 229
