1783134343105 0.26870495080947876 210
1783134346128 0.2659248113632202 211
1783134349112 0.2628720998764038 212
1783134352110 0.25966858863830566 213
1783134355082 0.25638046860694885 214
1783134358059 0.2530580461025238 215
1783134361049 0.24055790901184082 216
1783134364056 0.24668534100055695 217
1783134367022 0.2506158649921417 218
1783134369995 0.2207196205854416 219
1783134372966 0.24646560847759247 220
1783134375923 0.25104835629463196 221
1783134378887 0.23243141174316406 222
1783134381884 0.21087224781513214 223
1783134384912 0.22753454744815826 224
1783134387962 0.22530479729175568 225
1783134390987 0.2232649326324463 226
1783134394044 0.18438762426376343 227
1783134397069 0.18431663513183594 228
1783134400108 0.2323349118232727 229
