1783134343105 0.18809272348880768 210
1783134346128 0.19538359344005585 211
1783134349112 0.20335794985294342 212
1783134352110 0.21182288229465485 213
1783134355082 0.22059345245361328 214
1783134358059 0.22950410842895508 215
1783134361049 0.23079293966293335 216
1783134364056 0.24675221741199493 217
1783134367022 0.23272281885147095 218
1783134369995 0.26864001154899597 219
1783134372966 0.27683526277542114 220
1783134375923 0.2911642789840698 221
1783134378887 0.28412872552871704 222
1783134381884 0.2967461347579956 223
1783134384912 0.2966793477535248 224
1783134387962 0.30232223868370056 225
1783134390987 0.3074660003185272 226
1783134394044 0.3242338001728058 227
1783134397069 0.32844963669776917 228
1783134400108 0.2988230884075165 229
