1783134343105 0.8709768860612318 210
1783134346128 0.8680588974596132 211
1783134349112 0.8611918398062128 212
1783134352110 0.8547053872343316 213
1783134355082 0.8496453923676254 214
1783134358059 0.8462289415648114 215
1783134361049 0.8441728089601939 216
1783134364056 0.8403462920297383 217
1783134367022 0.8387868632609878 218
1783134369995 0.8362513797383913 219
1783134372966 0.83427998343891 220
1783134375923 0.8299364694734899 221
1783134378887 0.8275523285690178 222
1783134381884 0.8260553125866351 223
1783134384912 0.8247714307260344 224
1783134387962 0.8239431426910583 225
1783134390987 0.8227427411122993 226
1783134394044 0.8224811530552028 227
1783134397069 0.8217071033574868 228
1783134400108 0.8211807735875464 229
