1783134343105 0.28868416792932344 210
1783134346128 0.2869609033170018 211
1783134349112 0.28354758111726597 212
1783134352110 0.28040688881444664 213
1783134355082 0.277964607191445 214
1783134358059 0.27611950049517275 215
1783134361049 0.2750473277259419 216
1783134364056 0.27316081229114625 217
1783134367022 0.2722698365112429 218
1783134369995 0.2710618127057748 219
1783134372966 0.27010192769096497 220
1783134375923 0.26811175547259347 221
1783134378887 0.26699010589642835 222
1783134381884 0.26621581538601485 223
1783134384912 0.26560332136142917 224
1783134387962 0.26516487412823886 225
1783134390987 0.264550481025654 226
1783134394044 0.26438852380389816 227
1783134397069 0.2640094310137739 228
1783134400108 0.26375507158865835 229
