1783134343105 0.16970142722129822 210
1783134346128 0.17490296065807343 211
1783134349112 0.1806924045085907 212
1783134352110 0.18694059550762177 213
1783134355082 0.19352740049362183 214
1783134358059 0.20034253597259521 215
1783134361049 0.20705342292785645 216
1783134364056 0.21359023451805115 217
1783134367022 0.22022321820259094 218
1783134369995 0.22402574121952057 219
1783134372966 0.22251199185848236 220
1783134375923 0.22108715772628784 221
1783134378887 0.21825279295444489 222
1783134381884 0.21563974022865295 223
1783134384912 0.21315200626850128 224
1783134387962 0.2108534723520279 225
1783134390987 0.2087697982788086 226
1783134394044 0.2069881558418274 227
1783134397069 0.20549237728118896 228
1783134400108 0.20407603681087494 229
