1783134343105 0.6507144321997961 210
1783134346128 0.6462979714075724 211
1783134349112 0.6415169686079025 212
1783134352110 0.6364627629518509 213
1783134355082 0.6312064478794733 214
1783134358059 0.6258021394411722 215
1783134361049 0.6218641648689905 216
1783134364056 0.6148116936286291 217
1783134367022 0.6148201127847036 218
1783134369995 0.6030903657277426 219
1783134372966 0.5984279066324234 220
1783134375923 0.5927693297465643 221
1783134378887 0.5887474219004313 222
1783134381884 0.5823491116364797 223
1783134384912 0.5785087545712789 224
1783134387962 0.5735387206077576 225
1783134390987 0.5686188191175461 226
1783134394044 0.5610415985186895 227
1783134397069 0.5562068571647009 228
1783134400108 0.5600816061099371 229
