1783134343105 0.9869459726134263 210
1783134346128 0.9869459753489137 211
1783134349112 0.9869459735676985 212
1783134352110 0.9869459732944744 213
1783134355082 0.9869459732209013 214
1783134358059 0.9869459705035725 215
1783134361049 0.9869459728124683 216
1783134364056 0.986945975247035 217
1783134367022 0.9869459746862977 218
1783134369995 0.9869459724990385 219
1783134372966 0.9869459716055383 220
1783134375923 0.9869459746917033 221
1783134378887 0.9869459741588492 222
1783134381884 0.9869459756288004 223
1783134384912 0.9869459719180633 224
1783134387962 0.9869459751844324 225
1783134390987 0.9869459718953713 226
1783134394044 0.986945973786833 227
1783134397069 0.9869459712999232 228
1783134400108 0.986945971461154 229
