1783134343105 0.6583898241649655 210
1783134346128 0.6583898128903457 211
1783134349112 0.6583898082667722 212
1783134352110 0.6583898087445623 213
1783134355082 0.6583898045087884 214
1783134358059 0.6583897930563233 215
1783134361049 0.6583898041826585 216
1783134364056 0.6583898035092379 217
1783134367022 0.6583898222056558 218
1783134369995 0.6583898196808246 219
1783134372966 0.6583898063745881 220
1783134375923 0.6583898084785625 221
1783134378887 0.6583898167088925 222
1783134381884 0.6583898217378846 223
1783134384912 0.6583897876192051 224
1783134387962 0.6583898125966344 225
1783134390987 0.6583898114931813 226
1783134394044 0.6583898055496257 227
1783134397069 0.65838981092633 228
1783134400108 0.6583898111100855 229
