1783134343105 0.805793741665583 210
1783134346128 0.8247099726127289 211
1783134349112 0.8379398247454998 212
1783134352110 0.847673126999287 213
1783134355082 0.855226255220081 214
1783134358059 0.8613249142675011 215
1783134361049 0.8663083120762222 216
1783134364056 0.8705095373667632 217
1783134367022 0.8740827264719094 218
1783134369995 0.877108742367827 219
1783134372966 0.8796810496004833 220
1783134375923 0.8819126683034596 221
1783134378887 0.8838612003267348 222
1783134381884 0.8854540629480524 223
1783134384912 0.8869006392780424 224
1783134387962 0.888166630700201 225
1783134390987 0.8892516618023363 226
1783134394044 0.890050435380278 227
1783134397069 0.8905962868313968 228
1783134400108 0.8911534183644801 229
