1783134343105 0.0 210
1783134346128 0.0 211
1783134349112 0.0 212
1783134352110 0.0 213
1783134355082 0.0 214
1783134358059 0.0 215
1783134361049 0.007500000298023224 216
1783134364056 0.0 217
1783134367022 0.0025000000993410745 218
1783134369995 0.0025000000993410745 219
1783134372966 0.0025000000993410745 220
1783134375923 0.005000000198682149 221
1783134378887 0.0 222
1783134381884 0.0025000000993410745 223
1783134384912 0.0 224
1783134387962 0.0 225
1783134390987 0.0 226
1783134394044 0.005000000198682149 227
1783134397069 0.005000000198682149 228
1783134400108 0.005000000198682149 229
