1783134343105 1.38 210
1783134346128 1.3694736842105262 211
1783134349112 1.3589473684210525 212
1783134352110 1.3484210526315787 213
1783134355082 1.3378947368421052 214
1783134358059 1.3273684210526315 215
1783134361049 1.3168421052631578 216
1783134364056 1.306315789473684 217
1783134367022 1.2957894736842104 218
1783134369995 1.2852631578947367 219
1783134372966 1.2747368421052632 220
1783134375923 1.2642105263157895 221
1783134378887 1.2536842105263157 222
1783134381884 1.243157894736842 223
1783134384912 1.2326315789473683 224
1783134387962 1.2221052631578946 225
1783134390987 1.211578947368421 226
1783134394044 1.2010526315789474 227
1783134397069 1.1905263157894737 228
1783134400108 1.18 229
