1783134343105 0.34155742327372235 210
1783134346128 0.34155742327372235 211
1783134349112 0.34155742327372235 212
1783134352110 0.34155742327372235 213
1783134355082 0.34155742327372235 214
1783134358059 0.34155742327372235 215
1783134361049 0.34155742327372235 216
1783134364056 0.34155742327372235 217
1783134367022 0.34155742327372235 218
1783134369995 0.34155742327372235 219
1783134372966 0.34155742327372235 220
1783134375923 0.34155742327372235 221
1783134378887 0.34155742327372235 222
1783134381884 0.34155742327372235 223
1783134384912 0.34155742327372235 224
1783134387962 0.34155742327372235 225
1783134390987 0.34155742327372235 226
1783134394044 0.34155742327372235 227
1783134397069 0.34155742327372235 228
1783134400108 0.34155742327372235 229
