1783134343105 0.16687063872814178 210
1783134346128 0.17161160707473755 211
1783134349112 0.1770431101322174 212
1783134352110 0.18303461372852325 213
1783134355082 0.18948134779930115 214
1783134358059 0.1962415724992752 215
1783134361049 0.0 216
1783134364056 0.20994018018245697 217
1783134367022 0.0 218
1783134369995 0.0 219
1783134372966 0.0 220
1783134375923 0.0 221
1783134378887 0.22009491920471191 222
1783134381884 0.0 223
1783134384912 0.21478886902332306 224
1783134387962 0.2124304622411728 225
1783134390987 0.21030788123607635 226
1783134394044 0.0 227
1783134397069 0.0 228
1783134400108 0.0 229
