1783139137930 0.0 210
1783139140972 0.0 211
1783139143993 0.0 212
1783139147100 0.0 213
1783139150241 0.0 214
1783139153298 0.0 215
1783139156337 0.0 216
1783139159502 0.0002083333480792741 217
1783139162649 0.0004166666961585482 218
1783139165744 0.0004166666961585482 219
1783139168812 0.0004166666961585482 220
1783139171962 0.0004166666961585482 221
1783139175008 0.0010416667403963704 222
1783139178035 0.0 223
1783139181162 0.0002083333480792741 224
1783139184244 0.0004166666961585482 225
1783139187275 0.0006250000442378223 226
1783139190425 0.0 227
1783139193551 0.0 228
1783139196680 0.0004166666961585482 229
