1783139137930 0.9229970574378967 210
1783139140972 0.9229970475037893 211
1783139143993 0.9229970475037893 212
1783139147100 0.9229970475037893 213
1783139150241 0.9229970773061117 214
1783139153298 0.9229970624049505 215
1783139156337 0.922997052470843 216
1783139159502 0.922997052470843 217
1783139162649 0.9229970673720042 218
1783139165744 0.9229970624049505 219
1783139168812 0.922997052470843 220
1783139171962 0.922997052470843 221
1783139175008 0.922997052470843 222
1783139178035 0.9229970475037893 223
1783139181162 0.9229970574378967 224
1783139184244 0.9229970475037893 225
1783139187275 0.922997052470843 226
1783139190425 0.9229970375696818 227
1783139193551 0.922997052470843 228
1783139196680 0.922997052470843 229
