1783139137930 1.0507730891307194 210
1783139140972 1.0507731934388478 211
1783139143993 1.050773133834203 212
1783139147100 1.0507730841636658 213
1783139150241 1.050773153702418 214
1783139153298 1.0507730543613434 215
1783139156337 1.050773024559021 216
1783139159502 1.0507730742295582 217
1783139162649 1.050773133834203 218
1783139165744 1.0507731239000957 219
1783139168812 1.0507730543613434 220
1783139171962 1.0507730841636658 221
1783139175008 1.0507731040318806 222
1783139178035 1.050773099064827 223
1783139181162 1.0507731636365254 224
1783139184244 1.050773064295451 225
1783139187275 1.0507732133070629 226
1783139190425 1.0507731040318806 227
1783139193551 1.0507730344931285 228
1783139196680 1.0507730543613434 229
