1783139137930 0.08615831596155961 210
1783139140972 0.08615831658244133 211
1783139143993 0.0861583153406779 212
1783139147100 0.08615831596155961 213
1783139150241 0.08615831720332305 214
1783139153298 0.08615831596155961 215
1783139156337 0.08615831471979618 216
1783139159502 0.08615831658244133 217
1783139162649 0.08615831968684991 218
1783139165744 0.08615831782420476 219
1783139168812 0.08615831596155961 220
1783139171962 0.08615831844508648 221
1783139175008 0.0861583153406779 222
1783139178035 0.08615831782420476 223
1783139181162 0.08615831409891446 224
1783139184244 0.08615831782420476 225
1783139187275 0.08615831596155961 226
1783139190425 0.08615831285715103 227
1783139193551 0.0861583190659682 228
1783139196680 0.08615831658244133 229
