1783139137930 0.6399312553736402 210
1783139140972 0.6399312601834081 211
1783139143993 0.6399312698110483 212
1783139147100 0.639931259102908 213
1783139150241 0.6399312630591996 214
1783139153298 0.6399312496583133 215
1783139156337 0.6399312682860192 216
1783139159502 0.6399312684641018 217
1783139162649 0.6399312648004826 218
1783139165744 0.6399312670698861 219
1783139168812 0.6399312809291443 220
1783139171962 0.6399312562635928 221
1783139175008 0.6399312857397209 222
1783139178035 0.6399312648224683 223
1783139181162 0.6399312643418464 224
1783139184244 0.6399312585600112 225
1783139187275 0.6399312771900212 226
1783139190425 0.6399312763084812 227
1783139193551 0.6399312558227809 228
1783139196680 0.639931265740653 229
