1783139137930 0.08642467173437278 210
1783139140972 0.08642467173437278 211
1783139143993 0.08642467173437278 212
1783139147100 0.08642467173437278 213
1783139150241 0.08642467173437278 214
1783139153298 0.08642467173437278 215
1783139156337 0.08642467173437278 216
1783139159502 0.08642467173437278 217
1783139162649 0.08642467173437278 218
1783139165744 0.08642467173437278 219
1783139168812 0.08642467173437278 220
1783139171962 0.08642467173437278 221
1783139175008 0.08642467173437278 222
1783139178035 0.08642467173437278 223
1783139181162 0.08642467173437278 224
1783139184244 0.08642467173437278 225
1783139187275 0.08642467173437278 226
1783139190425 0.08642467173437278 227
1783139193551 0.08642467173437278 228
1783139196680 0.08642467173437278 229
