1783139137930 1.4207064984715716 210
1783139140972 1.420706509946051 211
1783139143993 1.4207065217273522 212
1783139147100 1.4207065063296263 213
1783139150241 1.4207065115252984 214
1783139153298 1.420706492433191 215
1783139156337 1.4207065158755967 216
1783139159502 1.4207065163525472 217
1783139162649 1.420706513135686 218
1783139165744 1.4207065133801453 219
1783139168812 1.4207065289358345 220
1783139171962 1.4207065018068297 221
1783139175008 1.4207065385157256 222
1783139178035 1.4207065178773428 223
1783139181162 1.4207065120185123 224
1783139184244 1.4207065052043448 225
1783139187275 1.4207065339513854 226
1783139190425 1.4207065283652989 227
1783139193551 1.4207065040091633 228
1783139196680 1.420706514894519 229
