1783139137930 0.056948552421168634 210
1783139140972 0.056948553589725705 211
1783139143993 0.056948553148553495 212
1783139147100 0.0569485536999304 213
1783139150241 0.05694855364328235 214
1783139153298 0.056948552852470614 215
1783139156337 0.056948553927023755 216
1783139159502 0.056948554105085876 217
1783139162649 0.05694855426703005 218
1783139165744 0.056948554532688704 219
1783139168812 0.05694855442316696 220
1783139171962 0.056948553941118606 221
1783139175008 0.056948554994298066 222
1783139178035 0.056948553793319624 223
1783139181162 0.056948552940229664 224
1783139184244 0.05694855323453116 225
1783139187275 0.056948554344557596 226
1783139190425 0.05694855370318302 227
1783139193551 0.056948553719110014 228
1783139196680 0.05694855387137365 229
