1783139137930 3.948021596226813 210
1783139140972 3.9560331318206234 211
1783139143993 3.963476916407302 212
1783139147100 3.9700935150661 213
1783139150241 3.975684692751589 214
1783139153298 3.980116880045749 215
1783139156337 3.983331784435201 216
1783139159502 3.985162858822733 217
1783139162649 3.9859950416540335 218
1783139165744 3.986059686447668 219
1783139168812 3.9853954399688196 220
1783139171962 3.9841670730461503 221
1783139175008 3.982500308450998 222
1783139178035 3.980251337504607 223
1783139181162 3.9774495758787762 224
1783139184244 3.9746392383143614 225
1783139187275 3.9716253794084295 226
1783139190425 3.968511632373124 227
1783139193551 3.9651639888698287 228
1783139196680 3.962899302498188 229
