1783139137930 30.6444308757782 210
1783139140972 2.6981468200683594 211
1783139143993 2.702120780944824 212
1783139147100 2.7502281665802 213
1783139150241 2.8161048889160156 214
1783139153298 2.7282865047454834 215
1783139156337 2.71268630027771 216
1783139159502 2.8419277667999268 217
1783139162649 2.796349048614502 218
1783139165744 2.7659671306610107 219
1783139168812 2.729203462600708 220
1783139171962 2.817992925643921 221
1783139175008 2.7350285053253174 222
1783139178035 2.7060458660125732 223
1783139181162 2.798811912536621 224
1783139184244 2.7643849849700928 225
1783139187275 2.711949348449707 226
1783139190425 2.7745392322540283 227
1783139193551 2.783388614654541 228
1783139196680 2.788576126098633 229
