1783139137930 0.10672899833059409 210
1783139140972 0.10672900071020001 211
1783139143993 0.10672900362179086 212
1783139147100 0.10672900250930442 213
1783139150241 0.10672900157872546 214
1783139153298 0.10672899731661048 215
1783139156337 0.10672899699379348 216
1783139159502 0.10672900477131385 217
1783139162649 0.1067290024640819 218
1783139165744 0.10672900351212884 219
1783139168812 0.10672899981972106 220
1783139171962 0.10672900254693773 221
1783139175008 0.1067290030721203 222
1783139178035 0.10672899983248928 223
1783139181162 0.10672900483029428 224
1783139184244 0.10672900142196903 225
1783139187275 0.10672900417681223 226
1783139190425 0.10672899870071431 227
1783139193551 0.10672899952366513 228
1783139196680 0.10672900394163254 229
