1783139137930 5.993428031603496 210
1783139140972 5.993428031603496 211
1783139143993 5.993428031603496 212
1783139147100 5.993428031603496 213
1783139150241 5.993428031603496 214
1783139153298 5.993428031603496 215
1783139156337 5.993428031603496 216
1783139159502 5.993428031603496 217
1783139162649 5.993428031603496 218
1783139165744 5.993428031603496 219
1783139168812 5.993428031603496 220
1783139171962 5.993428031603496 221
1783139175008 5.993428031603496 222
1783139178035 5.993428031603496 223
1783139181162 5.993428031603496 224
1783139184244 5.993428031603496 225
1783139187275 5.993428031603496 226
1783139190425 5.993428031603496 227
1783139193551 5.993428031603496 228
1783139196680 5.993428031603496 229
