1783139137930 1.1061185598373413 210
1783139140972 1.0855368429155492 211
1783139143993 1.0750918278928663 212
1783139147100 1.0688228355446443 213
1783139150241 1.0620969592400318 214
1783139153298 1.0543813570171383 215
1783139156337 1.0495739432697746 216
1783139159502 1.0440633736767815 217
1783139162649 1.0401531487703324 218
1783139165744 1.0357357900984683 219
1783139168812 1.0312103198876668 220
1783139171962 1.0292952369887822 221
1783139175008 1.0274651296973143 222
1783139178035 1.0252073599204858 223
1783139181162 1.0218534037900069 224
1783139184244 1.0199623728606662 225
1783139187275 1.0181524522637397 226
1783139190425 1.0163454731936177 227
1783139193551 1.01499283979069 228
1783139196680 1.0145021691078595 229
