1783139137930 0.40051631223071704 210
1783139140972 0.39167414494414826 211
1783139143993 0.386982707247708 212
1783139147100 0.38413521529454264 213
1783139150241 0.3810810574945414 214
1783139153298 0.3775152627457964 215
1783139156337 0.37530602670277813 216
1783139159502 0.37278033074437605 217
1783139162649 0.3710134863853455 218
1783139165744 0.36902944737950144 219
1783139168812 0.36698579369317386 220
1783139171962 0.3660019330401242 221
1783139175008 0.36518623449933246 222
1783139178035 0.3641262347063094 223
1783139181162 0.36268566142057357 224
1783139184244 0.36186072721319684 225
1783139187275 0.36102925863119467 226
1783139190425 0.36021141148118113 227
1783139193551 0.35964204634167374 228
1783139196680 0.3594459149971858 229
