1783139137930 0.2887856282648586 210
1783139140972 0.2873002509437228 211
1783139143993 0.2841951073540582 212
1783139147100 0.2822082652140418 213
1783139150241 0.27979960640870716 214
1783139153298 0.27801071197536914 215
1783139156337 0.2758917521861454 216
1783139159502 0.27387024493927653 217
1783139162649 0.27153300357270993 218
1783139165744 0.2693526125480323 219
1783139168812 0.2669547021977925 220
1783139171962 0.2658328828453576 221
1783139175008 0.26458956311632703 222
1783139178035 0.26395513871750936 223
1783139181162 0.26305509186004006 224
1783139184244 0.26300676730952555 225
1783139187275 0.2622875083949603 226
1783139190425 0.2611980285042914 227
1783139193551 0.26062027923873077 228
1783139196680 0.26008944727898786 229
