1783139137930 0.26894694566726685 210
1783139140972 0.2671428620815277 211
1783139143993 0.26519814133644104 212
1783139147100 0.2631426155567169 213
1783139150241 0.2609986960887909 214
1783139153298 0.25879576802253723 215
1783139156337 0.25656142830848694 216
1783139159502 0.26016300916671753 217
1783139162649 0.2674771249294281 218
1783139165744 0.26386919617652893 219
1783139168812 0.23689930140972137 220
1783139171962 0.23284496366977692 221
1783139175008 0.25806742906570435 222
1783139178035 0.24424409866333008 223
1783139181162 0.24979941546916962 224
1783139184244 0.22981667518615723 225
1783139187275 0.2634641230106354 226
1783139190425 0.23859219253063202 227
1783139193551 0.2375076413154602 228
1783139196680 0.24800144135951996 229
