1783139137930 0.677952570293868 210
1783139140972 0.6943706928601182 211
1783139143993 0.6876012939782827 212
1783139147100 0.6884847475263531 213
1783139150241 0.6865478377185068 214
1783139153298 0.6844289131997232 215
1783139156337 0.6814323744305949 216
1783139159502 0.6807228223031978 217
1783139162649 0.6860108786576138 218
1783139165744 0.6903959288433733 219
1783139168812 0.6876802794672308 220
1783139171962 0.6901200760417384 221
1783139175008 0.6900243127607919 222
1783139178035 0.6917109232487356 223
1783139181162 0.6937028656422763 224
1783139184244 0.694002837086724 225
1783139187275 0.6947301869805943 226
1783139190425 0.6941418566480573 227
1783139193551 0.6952473790688072 228
1783139196680 0.6961976286612258 229
