1783139137930 0.7203012655020259 210
1783139140972 0.7203012574046713 211
1783139143993 0.7203012654163633 212
1783139147100 0.7203012594185227 213
1783139150241 0.7203012584294067 214
1783139153298 0.7203012548324944 215
1783139156337 0.7203012501263856 216
1783139159502 0.7203012540182888 217
1783139162649 0.7203012544345443 218
1783139165744 0.7203012616871969 219
1783139168812 0.7203012685789009 220
1783139171962 0.7203012717413683 221
1783139175008 0.7203012698498735 222
1783139178035 0.7203012575681286 223
1783139181162 0.7203012516209832 224
1783139184244 0.7203012499479532 225
1783139187275 0.7203012642618184 226
1783139190425 0.7203012635771472 227
1783139193551 0.7203012564035519 228
1783139196680 0.7203012526187088 229
