1783139137930 3.078804551561673 210
1783139140972 3.0767241060733794 211
1783139143993 3.074743890762329 212
1783139147100 3.072937164704005 213
1783139150241 3.07136025428772 214
1783139153298 3.070057406028112 215
1783139156337 3.0690526604652404 216
1783139159502 3.0920115252335862 217
1783139162649 3.115811103582382 218
1783139165744 3.11544290582339 219
1783139168812 3.11573007106781 220
1783139171962 3.1155146102110547 221
1783139175008 3.18792401154836 222
1783139178035 3.068926104903221 223
1783139181162 3.0932634711265563 224
1783139184244 3.1175028224786128 225
1783139187275 3.1425162593523663 226
1783139190425 3.0717223227024077 227
1783139193551 3.0725325584411625 228
1783139196680 3.1208285530408224 229
