1783139137930 0.34155742327372235 210
1783139140972 0.34155742327372235 211
1783139143993 0.34155742327372235 212
1783139147100 0.34155742327372235 213
1783139150241 0.34155742327372235 214
1783139153298 0.34155742327372235 215
1783139156337 0.34155742327372235 216
1783139159502 0.34155742327372235 217
1783139162649 0.34155742327372235 218
1783139165744 0.34155742327372235 219
1783139168812 0.34155742327372235 220
1783139171962 0.34155742327372235 221
1783139175008 0.34155742327372235 222
1783139178035 0.34155742327372235 223
1783139181162 0.34155742327372235 224
1783139184244 0.34155742327372235 225
1783139187275 0.34155742327372235 226
1783139190425 0.34155742327372235 227
1783139193551 0.34155742327372235 228
1783139196680 0.34155742327372235 229
