1783139137930 0.2287369966506958 210
1783139140972 0.2287369966506958 211
1783139143993 0.2287369966506958 212
1783139147100 0.2287369966506958 213
1783139150241 0.2287369966506958 214
1783139153298 0.2287369966506958 215
1783139156337 0.2287369966506958 216
1783139159502 0.2287369966506958 217
1783139162649 0.2287369966506958 218
1783139165744 0.2287369966506958 219
1783139168812 0.2287369966506958 220
1783139171962 0.2287369966506958 221
1783139175008 0.2287369966506958 222
1783139178035 0.2287369966506958 223
1783139181162 0.2287369966506958 224
1783139184244 0.2287369966506958 225
1783139187275 0.2287369966506958 226
1783139190425 0.2287369966506958 227
1783139193551 0.2287369966506958 228
1783139196680 0.2287369966506958 229
