1783139137930 3.9431419960447642 210
1783139140972 3.9513562060515937 211
1783139143993 3.9591882944712107 212
1783139147100 3.966346245267814 213
1783139150241 3.972603022095185 214
1783139153298 3.9777770964638197 215
1783139156337 3.981770088751962 216
1783139159502 3.902725316287604 217
1783139162649 3.820051392766057 218
1783139165744 3.8215367716108024 219
1783139168812 3.820496890859421 220
1783139171962 3.8214391768544353 221
1783139175008 3.570673711174553 222
1783139178035 3.9822572997077685 223
1783139181162 3.897535123766811 224
1783139184244 3.81378118420621 225
1783139187275 3.726417589679617 226
1783139190425 3.971157283299352 227
1783139193551 3.9679489504903382 228
1783139196680 3.801108724826623 229
