1783139137930 3.9069507326116506 210
1783139140972 3.9125212822016913 211
1783139143993 3.9183996472212996 212
1783139147100 3.9244145587896693 213
1783139150241 3.930515077050653 214
1783139153298 3.9366227321811853 215
1783139156337 3.9427206076272325 216
1783139159502 2.990874429241608 217
1783139162649 2.994922469229679 218
1783139165744 2.992425780510447 219
1783139168812 2.9916970801739935 220
1783139171962 2.991097631619664 221
1783139175008 2.9700532831617523 222
1783139178035 3.968829660134849 223
1783139181162 2.998066988639585 224
1783139184244 2.9772976318778506 225
1783139187275 2.989555165689669 226
1783139190425 3.9412582111365033 227
1783139193551 3.9342788973412 228
1783139196680 2.9604201521394993 229
