1783139137930 0.09786872503658135 210
1783139140972 0.09786872503658135 211
1783139143993 0.09786872441569965 212
1783139147100 0.09786872503658135 213
1783139150241 0.09786872565746307 214
1783139153298 0.09786872565746307 215
1783139156337 0.09786872441569965 216
1783139159502 0.09786872441569965 217
1783139162649 0.0978687268992265 218
1783139165744 0.0978687262783448 219
1783139168812 0.09786872565746307 220
1783139171962 0.09786872565746307 221
1783139175008 0.09786872565746307 222
1783139178035 0.09786872503658135 223
1783139181162 0.09786872441569965 224
1783139184244 0.09786872565746307 225
1783139187275 0.09786872503658135 226
1783139190425 0.09786872503658135 227
1783139193551 0.09786872565746307 228
1783139196680 0.09786872565746307 229
