1783133539501 0.9935852636893591 189
1783133540890 0.9935852636893591 190
1783133542556 0.9935852636893591 191
1783133543922 0.9935852636893591 192
1783133545286 0.9935852587223053 193
1783133546625 0.9935852636893591 194
1783133548083 0.9935852636893591 195
1783133549517 0.9935852636893591 196
1783133550884 0.9935852686564127 197
1783133552298 0.9935852636893591 198
1783133553717 0.9935852587223053 199
1783133555117 0.9935852636893591 200
1783133556551 0.9935852636893591 201
1783133557941 0.9935852636893591 202
1783133559574 0.9935852537552515 203
1783133560920 0.9935852636893591 204
1783133562362 0.9935852636893591 205
1783133563802 0.9935852636893591 206
1783133565191 0.9935852636893591 207
1783133566837 0.9935852636893591 208
