1783133539501 1.050773153702418 189
1783133540890 1.050773133834203 190
1783133542556 1.0507731040318806 191
1783133543922 1.050773133834203 192
1783133545286 1.050773064295451 193
1783133546625 1.050773064295451 194
1783133548083 1.0507730940977733 195
1783133549517 1.0507730046908061 196
1783133550884 1.0507730841636658 197
1783133552298 1.0507731139659882 198
1783133553717 1.0507730841636658 199
1783133555117 1.0507730444272358 200
1783133556551 1.050773064295451 201
1783133557941 1.0507730841636658 202
1783133559574 1.0507731139659882 203
1783133560920 1.0507730742295582 204
1783133562362 1.050773064295451 205
1783133563802 1.0507730940977733 206
1783133565191 1.0507731239000957 207
1783133566837 1.050773173570633 208
