1783133539501 0.20282191162308058 189
1783133540890 0.20282190665602684 190
1783133542556 0.202821912864844 191
1783133543922 0.20282191162308058 192
1783133545286 0.20282190789779028 193
1783133546625 0.2028219054142634 194
1783133548083 0.20282190789779028 195
1783133549517 0.20282190665602684 196
1783133550884 0.20282191162308058 197
1783133552298 0.20282190665602684 198
1783133553717 0.2028219091395537 199
1783133555117 0.20282190789779028 200
1783133556551 0.20282190417249998 201
1783133557941 0.2028219054142634 202
1783133559574 0.20282191038131714 203
1783133560920 0.20282190665602684 204
1783133562362 0.20282190789779028 205
1783133563802 0.20282190665602684 206
1783133565191 0.202821912864844 207
1783133566837 0.2028219016889731 208
