1783133539501 0.05694855389971116 189
1783133540890 0.056948554343605434 190
1783133542556 0.05694855318564418 191
1783133543922 0.05694855242432494 192
1783133545286 0.05694855355910524 193
1783133546625 0.05694855353593165 194
1783133548083 0.05694855339764204 195
1783133549517 0.05694855419316641 196
1783133550884 0.05694855254588032 197
1783133552298 0.056948553240963956 198
1783133553717 0.05694855462265972 199
1783133555117 0.056948553067939334 200
1783133556551 0.05694855287114837 201
1783133557941 0.05694855326263387 202
1783133559574 0.05694855395683399 203
1783133560920 0.056948553491286656 204
1783133562362 0.056948552777556616 205
1783133563802 0.056948554817773105 206
1783133565191 0.05694855228800145 207
1783133566837 0.056948554052044166 208
