1783133539501 0.3139297639330228 189
1783133540890 0.3139297639330228 190
1783133542556 0.31392976144949597 191
1783133543922 0.3139297639330228 192
1783133545286 0.3139297564824422 193
1783133546625 0.31392976144949597 194
1783133548083 0.3139297539989154 195
1783133549517 0.3139297589659691 196
1783133550884 0.3139297564824422 197
1783133552298 0.31392976144949597 198
1783133553717 0.3139297564824422 199
1783133555117 0.3139297589659691 200
1783133556551 0.3139297564824422 201
1783133557941 0.31392976144949597 202
1783133559574 0.3139297589659691 203
1783133560920 0.3139297515153885 204
1783133562362 0.3139297589659691 205
1783133563802 0.3139297664165497 206
1783133565191 0.3139297589659691 207
1783133566837 0.3139297589659691 208
