1783133539501 0.101101815700531 189
1783133540890 0.10110188523928325 190
1783133542556 0.1011018455028534 191
1783133543922 0.10110183556874593 192
1783133545286 0.10110183556874593 193
1783133546625 0.1011018455028534 194
1783133548083 0.10110182563463847 195
1783133549517 0.10110185543696086 196
1783133550884 0.10110185543696086 197
1783133552298 0.10110183556874593 198
1783133553717 0.10110183556874593 199
1783133555117 0.10110182563463847 200
1783133556551 0.10110183556874593 201
1783133557941 0.10110183556874593 202
1783133559574 0.10110185543696086 203
1783133560920 0.1011018455028534 204
1783133562362 0.10110188523928325 205
1783133563802 0.1011018455028534 206
1783133565191 0.1011018455028534 207
1783133566837 0.10110183556874593 208
