1783133539501 3.9397070103298315 189
1783133540890 3.9397072852160897 190
1783133542556 3.9397071272689232 191
1783133543922 3.9397071277465585 192
1783133545286 3.939707049385904 193
1783133546625 3.9397069714036945 194
1783133548083 3.9397070889835315 195
1783133549517 3.9397071276898425 196
1783133550884 3.9397071672991806 197
1783133552298 3.9397069708595844 198
1783133553717 3.939707167490923 199
1783133555117 3.9397070491422674 200
1783133556551 3.9397070497352313 201
1783133557941 3.9397070106677874 202
1783133559574 3.93970712819918 203
1783133560920 3.9397070110411243 204
1783133562362 3.939707089350265 205
1783133563802 3.9397071666039856 206
1783133565191 3.9397070499946634 207
1783133566837 3.9397070497561635 208
