1783133539501 3.904087917082163 189
1783133540890 3.904087917082163 190
1783133542556 3.904088382485738 191
1783133543922 3.904087917082163 192
1783133545286 3.904087917082163 193
1783133546625 3.904087917082163 194
1783133548083 3.904087917082163 195
1783133549517 3.904088382485738 196
1783133550884 3.904087917082163 197
1783133552298 3.904087917082163 198
1783133553717 3.904087917082163 199
1783133555117 3.904087917082163 200
1783133556551 3.904087917082163 201
1783133557941 3.904087917082163 202
1783133559574 3.904087917082163 203
1783133560920 3.904087917082163 204
1783133562362 3.904087917082163 205
1783133563802 3.904088382485738 206
1783133565191 3.904087917082163 207
1783133566837 3.904087917082163 208
