1783133539501 8.7574782371521 189
1783133540890 1.0187091827392578 190
1783133542556 1.2532382011413574 191
1783133543922 1.019608974456787 192
1783133545286 1.0270941257476807 193
1783133546625 0.9941244125366211 194
1783133548083 1.1062099933624268 195
1783133549517 1.026695966720581 196
1783133550884 1.020312786102295 197
1783133552298 1.0523197650909424 198
1783133553717 1.0599451065063477 199
1783133555117 1.0393404960632324 200
1783133556551 1.0731804370880127 201
1783133557941 1.0446369647979736 202
1783133559574 1.2384474277496338 203
1783133560920 1.0030531883239746 204
1783133562362 1.0959174633026123 205
1783133563802 1.0658507347106934 206
1783133565191 1.0402734279632568 207
1783133566837 1.2350437641143799 208
