1783133539501 0.4015075469558889 189
1783133540890 0.40218469500541687 190
1783133542556 0.40340403670614416 191
1783133543922 0.4052948897535151 192
1783133545286 0.40791098367084155 193
1783133546625 0.41120069135319104 194
1783133548083 0.4149669977751645 195
1783133549517 0.4190612056038596 196
1783133550884 0.4233733754266392 197
1783133552298 0.4277846542271701 198
1783133553717 0.43217927759343927 199
1783133555117 0.43645102869380603 200
1783133556551 0.4405164583162828 201
1783133557941 0.44433014772155066 202
1783133559574 0.44786632602865045 203
1783133560920 0.45111221887848596 204
1783133562362 0.45406842502680694 205
1783133563802 0.4567444324493408 206
1783133565191 0.45915464650500903 207
1783133566837 0.46131816235455597 208
