1783133539501 0.29087438185288556 189
1783133540890 0.2908743797759179 190
1783133542556 0.2908743832375307 191
1783133543922 0.2908743839298532 192
1783133545286 0.2908743766604664 193
1783133546625 0.29087438358369194 194
1783133548083 0.2908743780451115 195
1783133549517 0.2908743766604664 196
1783133550884 0.2908743797759179 197
1783133552298 0.290874381160563 198
1783133553717 0.290874381160563 199
1783133555117 0.2908743714680473 200
1783133556551 0.2908743808144017 201
1783133557941 0.2908743821990468 202
1783133559574 0.2908743783912728 203
1783133560920 0.290874377352789 204
1783133562362 0.2908743825452081 205
1783133563802 0.29087438358369194 206
1783133565191 0.2908743825452081 207
1783133566837 0.2908743839298532 208
