1783133539501 0.3008716106414795 189
1783133540890 0.3008715808391571 190
1783133542556 0.3008715808391571 191
1783133543922 0.3008716106414795 192
1783133545286 0.3008716106414795 193
1783133546625 0.3008716106414795 194
1783133548083 0.3008715808391571 195
1783133549517 0.3008716106414795 196
1783133550884 0.3008715808391571 197
1783133552298 0.3008716404438019 198
1783133553717 0.3008716404438019 199
1783133555117 0.3008716404438019 200
1783133556551 0.3008716106414795 201
1783133557941 0.3008715808391571 202
1783133559574 0.3008715808391571 203
1783133560920 0.3008716106414795 204
1783133562362 0.3008715808391571 205
1783133563802 0.3008716106414795 206
1783133565191 0.3008715808391571 207
1783133566837 0.3008716404438019 208
