1783133539501 0.6811977768506693 189
1783133540890 0.6811978247446736 190
1783133542556 0.6811977189488047 191
1783133543922 0.6811977898991295 192
1783133545286 0.681197774183458 193
1783133546625 0.6811978497596464 194
1783133548083 0.6811978155101738 195
1783133549517 0.6811977768034702 196
1783133550884 0.6811978293872677 197
1783133552298 0.6811977982054122 198
1783133553717 0.6811978157836396 199
1783133555117 0.6811977479511604 200
1783133556551 0.681197790280461 201
1783133557941 0.6811978293067353 202
1783133559574 0.6811977942180147 203
1783133560920 0.6811978023099903 204
1783133562362 0.6811978149038133 205
1783133563802 0.6811977995342272 206
1783133565191 0.6811978156657407 207
1783133566837 0.6811978102363243 208
