1783133539501 0.03606116399168968 189
1783133540890 0.03606116399168968 190
1783133542556 0.03606116399168968 191
1783133543922 0.03606116399168968 192
1783133545286 0.03606116399168968 193
1783133546625 0.03606116399168968 194
1783133548083 0.03606116399168968 195
1783133549517 0.03606116399168968 196
1783133550884 0.03606116399168968 197
1783133552298 0.03606116399168968 198
1783133553717 0.03606116399168968 199
1783133555117 0.03606116399168968 200
1783133556551 0.03606116399168968 201
1783133557941 0.03606116399168968 202
1783133559574 0.03606116399168968 203
1783133560920 0.03606116399168968 204
1783133562362 0.03606116399168968 205
1783133563802 0.03606116399168968 206
1783133565191 0.03606116399168968 207
1783133566837 0.03606116399168968 208
