1783133539501 0.6524936705827713 189
1783133540890 0.6524936954180399 190
1783133542556 0.6524936755498251 191
1783133543922 0.6524936904509863 192
1783133545286 0.6524936705827713 193
1783133546625 0.6524936904509863 194
1783133548083 0.6524936705827713 195
1783133549517 0.6524936805168787 196
1783133550884 0.6524936854839325 197
1783133552298 0.6524937003850937 198
1783133553717 0.6524936904509863 199
1783133555117 0.6524937103192011 200
1783133556551 0.6524936805168787 201
1783133557941 0.6524936954180399 202
1783133559574 0.6524937003850937 203
1783133560920 0.6524936606486639 204
1783133562362 0.6524936805168787 205
1783133563802 0.6524936606486639 206
1783133565191 0.6524937003850937 207
1783133566837 0.6524936755498251 208
