1783133539501 0.6294722990556196 189
1783133540890 0.6300271532752297 190
1783133542556 0.6310210011222146 191
1783133543922 0.6325602883642371 192
1783133545286 0.6346861232410778 193
1783133546625 0.6373535232110457 194
1783133548083 0.6403972885825417 195
1783133549517 0.6436923850666393 196
1783133550884 0.6471474414521997 197
1783133552298 0.6506660824472253 198
1783133553717 0.6541556526314128 199
1783133555117 0.6575327623974193 200
1783133556551 0.6607328707521612 201
1783133557941 0.6637224555015564 202
1783133559574 0.666483689438213 203
1783133560920 0.6690089973536405 204
1783133562362 0.6713010614568536 205
1783133563802 0.6733692450956865 206
1783133565191 0.6752265854315325 207
1783133566837 0.6768892786719582 208
