1783133539501 0.7203012567911191 189
1783133540890 0.7203012545271851 190
1783133542556 0.7203012581686852 191
1783133543922 0.7203012524563622 192
1783133545286 0.7203012600951656 193
1783133546625 0.7203012605331353 194
1783133548083 0.7203012523953963 195
1783133549517 0.7203012638700844 196
1783133550884 0.7203012448187197 197
1783133552298 0.7203012484181314 198
1783133553717 0.7203012632837353 199
1783133555117 0.7203012526828193 200
1783133556551 0.7203012577321091 201
1783133557941 0.7203012599463167 202
1783133559574 0.7203012489371797 203
1783133560920 0.7203012493864897 204
1783133562362 0.7203012509054904 205
1783133563802 0.7203012671794484 206
1783133565191 0.7203012358628959 207
1783133566837 0.7203012400312622 208
