1783133539501 0.13805410130457443 189
1783133540890 0.13842386142774063 190
1783133542556 0.13911018723791296 191
1783133543922 0.14022967219352722 192
1783133545286 0.14190599593249234 193
1783133546625 0.1442315849390897 194
1783133548083 0.14715492657639764 195
1783133549517 0.15061868320811878 196
1783133550884 0.15453254092823376 197
1783133552298 0.1587874496524984 198
1783133553717 0.16328261453997006 199
1783133555117 0.1679323593323881 200
1783133556551 0.1726624620231715 201
1783133557941 0.17741643366488544 202
1783133559574 0.18214349042285571 203
1783133560920 0.18679987435991113 204
1783133562362 0.1913456849076531 205
1783133563802 0.1957494941624728 206
1783133565191 0.199984302574938 207
1783133566837 0.20402932302518326 208
