1783133539501 1.39 189
1783133540890 1.3657142857142857 190
1783133542556 1.3414285714285714 191
1783133543922 1.3171428571428572 192
1783133545286 1.2928571428571427 193
1783133546625 1.2685714285714285 194
1783133548083 1.2442857142857142 195
1783133549517 1.22 196
1783133550884 1.22 197
1783133552298 1.22 198
1783133553717 1.22 199
1783133555117 1.22 200
1783133556551 1.22 201
1783133557941 1.22 202
1783133559574 1.22 203
1783133560920 1.22 204
1783133562362 1.22 205
1783133563802 1.22 206
1783133565191 1.22 207
1783133566837 1.22 208
