1783133539501 0.8107171654701233 189
1783133540890 0.810988669594129 190
1783133542556 0.8114228347937266 191
1783133543922 0.8120442777872086 192
1783133545286 0.8128308256467184 193
1783133546625 0.8137016743421555 194
1783133548083 0.8145305067300797 195
1783133549517 0.8152004182338715 196
1783133550884 0.8156161705652872 197
1783133552298 0.8156908402840296 198
1783133553717 0.8153433303038279 199
1783133555117 0.8144968549410502 200
1783133556551 0.8130864451328913 201
1783133557941 0.8110651771227518 202
1783133559574 0.8084018429120382 203
1783133560920 0.805080180366834 204
1783133562362 0.8010995040337244 205
1783133563802 0.79647263387839 206
1783133565191 0.7912250608205795 207
1783133566837 0.7853921900192896 208
