1783133539501 0.5975471635659536 189
1783133540890 0.5975471983353297 190
1783133542556 0.5975472082694372 191
1783133543922 0.5975472256541252 192
1783133545286 0.597547193368276 193
1783133546625 0.5975472256541252 194
1783133548083 0.5975471660494804 195
1783133549517 0.597547156115373 196
1783133550884 0.5975472008188566 197
1783133552298 0.597547173500061 198
1783133553717 0.5975471908847491 199
1783133555117 0.5975472082694372 200
1783133556551 0.5975471884012222 201
1783133557941 0.5975471908847491 202
1783133559574 0.5975472753246626 203
1783133560920 0.5975471834341685 204
1783133562362 0.597547210752964 205
1783133563802 0.5975471908847491 206
1783133565191 0.5975471710165342 207
1783133566837 0.5975472082694372 208
