1783133539501 0.34161017338434857 189
1783133540890 0.3416101684172948 190
1783133542556 0.3416101783514023 191
1783133543922 0.34161020318667096 192
1783133545286 0.341610183318456 193
1783133546625 0.34161018828550976 194
1783133548083 0.3416101584831874 195
1783133549517 0.34161017338434857 196
1783133550884 0.34161017338434857 197
1783133552298 0.341610183318456 198
1783133553717 0.34161020318667096 199
1783133555117 0.3416101783514023 200
1783133556551 0.3416101932525635 201
1783133557941 0.341610183318456 202
1783133559574 0.3416102131207784 203
1783133560920 0.34161018828550976 204
1783133562362 0.34161020815372467 205
1783133563802 0.341610183318456 206
1783133565191 0.3416101634502411 207
1783133566837 0.34161017338434857 208
