1783133539501 0.9869459768136343 189
1783133540890 0.9869459668795267 190
1783133542556 0.9869459519783655 191
1783133543922 0.9869459619124731 192
1783133545286 0.9869459768136343 193
1783133546625 0.9869459519783655 194
1783133548083 0.9869459718465805 195
1783133549517 0.9869459867477417 196
1783133550884 0.9869459470113119 197
1783133552298 0.9869459768136343 198
1783133553717 0.9869460016489029 199
1783133555117 0.9869459668795267 200
1783133556551 0.9869459718465805 201
1783133557941 0.9869459768136343 202
1783133559574 0.9869459370772043 203
1783133560920 0.9869459718465805 204
1783133562362 0.9869459718465805 205
1783133563802 0.9869459668795267 206
1783133565191 0.9869459768136343 207
1783133566837 0.9869459470113119 208
