1783133539501 0.2796987295150757 189
1783133540890 0.2796987493832906 190
1783133542556 0.2796987444162369 191
1783133543922 0.2796987493832906 192
1783133545286 0.27969875435034436 193
1783133546625 0.2796987444162369 194
1783133548083 0.27969875931739807 195
1783133549517 0.2796987344821294 196
1783133550884 0.2796987344821294 197
1783133552298 0.2796987146139145 198
1783133553717 0.2796987444162369 199
1783133555117 0.2796987493832906 200
1783133556551 0.2796987195809682 201
1783133557941 0.2796987493832906 202
1783133559574 0.27969877421855927 203
1783133560920 0.27969872454802197 204
1783133562362 0.2796987444162369 205
1783133563802 0.2796987344821294 206
1783133565191 0.2796987295150757 207
1783133566837 0.2796987444162369 208
