1783108640260 0.9819742838541666 88
1783108644615 0.9840494791666666 89
1783108649185 0.9871012369791666 90
1783108653402 0.9879557291666666 91
1783108657635 0.9895833333333334 92
1783108661868 0.9900716145833334 93
1783108666084 0.9905192057291666 94
1783108670359 0.9906819661458334 95
1783108674602 0.9908040364583334 96
1783108678854 0.9912109375 97
1783108683096 0.9916585286458334 98
1783108687310 0.9918619791666666 99
1783108691548 0.9920654296875 100
1783108695781 0.9924723307291666 101
1783108700004 0.9923095703125 102
1783108704228 0.9925130208333334 103
1783108708457 0.9927164713541666 104
1783108712675 0.9927164713541666 105
1783108716896 0.9927978515625 106
1783108721167 0.9926350911458334 107
1783108725448 0.9922281901041666 108
1783108729715 0.9919840494791666 109
1783108733986 0.9921061197916666 110
1783108738330 0.99169921875 111
1783108742680 0.9914143880208334 112
1783108747021 0.9908447265625 113
1783108751364 0.9901936848958334 114
1783108755727 0.9895833333333334 115
1783108760142 0.9890543619791666 116
1783108764466 0.9888102213541666 117
