1783108640260 0.038194619895269476 88
1783108644615 0.0464777589465181 89
1783108649185 0.052839611656963825 90
1783108653402 0.06309740121165912 91
1783108657635 0.07155214995145798 92
1783108661868 0.083597831428051 93
1783108666084 0.09749384596943855 94
1783108670359 0.11322162114083767 95
1783108674602 0.1296993295351664 96
1783108678854 0.14173783423999944 97
1783108683096 0.14758306245009103 98
1783108687310 0.15130515644947687 99
1783108691548 0.15419864157835642 100
1783108695781 0.15350597848494849 101
1783108700004 0.15485123669107756 102
1783108704228 0.15535997847716013 103
1783108708457 0.15651112173994383 104
1783108712675 0.1555918132265409 105
1783108716896 0.1573530783255895 106
1783108721167 0.1583385926981767 107
1783108725448 0.15980462605754533 108
1783108729715 0.15852600460251173 109
1783108733986 0.1625224438806375 110
1783108738330 0.16127332920829454 111
1783108742680 0.1620762050151825 112
1783108747021 0.1614666556318601 113
1783108751364 0.16182322924335799 114
1783108755727 0.1617854672173659 115
1783108760142 0.16146939744551977 116
1783108764466 0.16374043251077333 117
