1783108640260 1.5876895407192577 88
1783108644615 1.5288411635745893 89
1783108649185 1.7130083755075853 90
1783108653402 1.711183252292755 91
1783108657635 1.7533914483105069 92
1783108661868 1.6689754886435564 93
1783108666084 1.5290682418495836 94
1783108670359 1.4195773277117016 95
1783108674602 1.3411692554114616 96
1783108678854 1.308031719013661 97
1783108683096 1.3255360762393158 98
1783108687310 1.3547828347874047 99
1783108691548 1.3645065799997482 100
1783108695781 1.355598583760701 101
1783108700004 1.3431781774930396 102
1783108704228 1.369826076545981 103
1783108708457 1.3817983029139376 104
1783108712675 1.4544190407165596 105
1783108716896 1.470019215270346 106
1783108721167 1.414705051000751 107
1783108725448 1.400915712253773 108
1783108729715 1.4712004555007976 109
1783108733986 1.5677492110073252 110
1783108738330 1.5750600709020033 111
1783108742680 1.5619184716139365 112
1783108747021 1.5145128040802003 113
1783108751364 1.4922894679679057 114
1783108755727 1.489724876417046 115
1783108760142 1.5004859640522783 116
1783108764466 1.5115909328517214 117
