1783108640260 0.005141442071103334 88
1783108644615 0.004951429475062771 89
1783108649185 0.004529189410595666 90
1783108653402 0.004302018681003834 91
1783108657635 0.004018570690732643 92
1783108661868 0.003852818115634478 93
1783108666084 0.0036763518139450273 94
1783108670359 0.0034761036258366394 95
1783108674602 0.003266731445931582 96
1783108678854 0.0030036642556259176 97
1783108683096 0.0028179224738311102 98
1783108687310 0.0026724707817474213 99
1783108691548 0.0025128744826318577 100
1783108695781 0.0023742912134354587 101
1783108700004 0.0022120920749163077 102
1783108704228 0.0021312072293954414 103
1783108708457 0.0020595263736160364 104
1783108712675 0.0019855951236647713 105
1783108716896 0.0019180509006195565 106
1783108721167 0.0018386473266446331 107
1783108725448 0.001788766894701918 108
1783108729715 0.0017866946318064972 109
1783108733986 0.0017653308727393249 110
1783108738330 0.0017275880441252733 111
1783108742680 0.0017026869898942186 112
1783108747021 0.0016863103689849128 113
1783108751364 0.0017115955915282782 114
1783108755727 0.0017099805342872861 115
1783108760142 0.0016852601675869478 116
1783108764466 0.0016961474354711006 117
