1783108640260 0.101806640625 88
1783108644615 0.10188802083333333 89
1783108649185 0.10164388020833333 90
1783108653402 0.101806640625 91
1783108657635 0.10172526041666667 92
1783108661868 0.10172526041666667 93
1783108666084 0.101806640625 94
1783108670359 0.10164388020833333 95
1783108674602 0.10172526041666667 96
1783108678854 0.10164388020833333 97
1783108683096 0.10139973958333333 98
1783108687310 0.1015625 99
1783108691548 0.10164388020833333 100
1783108695781 0.10164388020833333 101
1783108700004 0.1015625 102
1783108704228 0.10164388020833333 103
1783108708457 0.10164388020833333 104
1783108712675 0.10148111979166667 105
1783108716896 0.10139973958333333 106
1783108721167 0.10148111979166667 107
1783108725448 0.101318359375 108
1783108729715 0.10107421875 109
1783108733986 0.10107421875 110
1783108738330 0.10091145833333333 111
1783108742680 0.10074869791666667 112
1783108747021 0.10017903645833333 113
1783108751364 0.09977213541666667 114
1783108755727 0.09879557291666667 115
1783108760142 0.09773763020833333 116
1783108764466 0.09651692708333333 117
