1783108640260 34.80504775047302 88
1783108644615 3.971604108810425 89
1783108649185 4.264427900314331 90
1783108653402 3.9104678630828857 91
1783108657635 3.936028242111206 92
1783108661868 3.9290714263916016 93
1783108666084 3.9273459911346436 94
1783108670359 3.97525954246521 95
1783108674602 3.9508602619171143 96
1783108678854 3.94992995262146 97
1783108683096 3.9488306045532227 98
1783108687310 3.9232065677642822 99
1783108691548 3.94511342048645 100
1783108695781 3.945869207382202 101
1783108700004 3.931990146636963 102
1783108704228 3.924842119216919 103
1783108708457 3.9338912963867188 104
1783108712675 3.92820143699646 105
1783108716896 3.934666156768799 106
1783108721167 3.966949224472046 107
1783108725448 3.9760608673095703 108
1783108729715 3.9551498889923096 109
1783108733986 3.967041015625 110
1783108738330 4.026715993881226 111
1783108742680 4.029352903366089 112
1783108747021 4.034679412841797 113
1783108751364 4.026417970657349 114
1783108755727 4.036405563354492 115
1783108760142 4.093466281890869 116
1783108764466 4.015523672103882 117
