1783108640260 0.47135790828001833 88
1783108644615 0.4085533121509612 89
1783108649185 0.4453696479687571 90
1783108653402 0.425746950509016 91
1783108657635 0.462087378646834 92
1783108661868 0.45212116621232074 93
1783108666084 0.44825244334207615 94
1783108670359 0.44706685764595305 95
1783108674602 0.4472241757440617 96
1783108678854 0.4470497807528965 97
1783108683096 0.4498395104304063 98
1783108687310 0.4431810491584173 99
1783108691548 0.4487935244600475 100
1783108695781 0.4630676021985877 101
1783108700004 0.46576091701206435 102
1783108704228 0.45687116742088896 103
1783108708457 0.4703418539047872 104
1783108712675 0.43655411763998114 105
1783108716896 0.456981017085381 106
1783108721167 0.4977376269914338 107
1783108725448 0.48402510317642766 108
1783108729715 0.4597697852009757 109
1783108733986 0.4375636830318012 110
1783108738330 0.4535266505327427 111
1783108742680 0.45937929389111093 112
1783108747021 0.4909409241413506 113
1783108751364 0.47225847698062107 114
1783108755727 0.49476853279496225 115
1783108760142 0.49331766640339997 116
1783108764466 0.4868623757678484 117
