1783108640260 0.3532704443144235 88
1783108644615 0.2011257928274171 89
1783108649185 -0.6881954315120065 90
1783108653402 0.19195501116326666 91
1783108657635 0.10176835579165641 92
1783108661868 0.30064045775741965 93
1783108666084 0.23777098719920722 94
1783108670359 0.21969264995459784 95
1783108674602 0.14957466153501084 96
1783108678854 0.1751906405778132 97
1783108683096 0.20823600164768277 98
1783108687310 0.30610933752183206 99
1783108691548 0.30344520986346724 100
1783108695781 0.2138853691311193 101
1783108700004 0.2740044943116522 102
1783108704228 0.23148670279623024 103
1783108708457 0.2546971020464901 104
1783108712675 0.26536763491249105 105
1783108716896 0.18908334182514003 106
1783108721167 0.23611874135718686 107
1783108725448 0.3462878424050645 108
1783108729715 0.30598840108763453 109
1783108733986 0.1955709978344331 110
1783108738330 0.23342331559067894 111
1783108742680 0.20546705531568427 112
1783108747021 0.3308619011365807 113
1783108751364 0.26096513758396445 114
1783108755727 0.2626401108268115 115
1783108760142 0.062457006074635876 116
1783108764466 0.060693282091024835 117
