1783108640260 1.269790300892777 88
1783108644615 1.456953925606132 89
1783108649185 1.5171034032779174 90
1783108653402 1.5856618549387322 91
1783108657635 1.6121018787396946 92
1783108661868 1.6589739593182677 93
1783108666084 1.6912170834172848 94
1783108670359 1.716480334051724 95
1783108674602 1.7378219985961914 96
1783108678854 1.7528029073972093 97
1783108683096 1.7755547388303325 98
1783108687310 1.7974163144133812 99
1783108691548 1.8139886722177871 100
1783108695781 1.8206687197835976 101
1783108700004 1.828239976161802 102
1783108704228 1.845077799370701 103
1783108708457 1.8502284615824907 104
1783108712675 1.8647389232227454 105
1783108716896 1.8735342066182337 106
1783108721167 1.8687232630260895 107
1783108725448 1.86737376022761 108
1783108729715 1.8793545167243606 109
1783108733986 1.8922194484606791 110
1783108738330 1.894217391578338 111
1783108742680 1.8950567208888067 112
1783108747021 1.8916932609098227 113
1783108751364 1.891899162515463 114
1783108755727 1.8867736248977054 115
1783108760142 1.8900251710713667 116
1783108764466 1.8892599504951282 117
