1783108640260 0.19732040166854858 88
1783108644615 0.1951512098312378 89
1783108649185 0.19410119950771332 90
1783108653402 0.19255958497524261 91
1783108657635 0.19182085990905762 92
1783108661868 0.19148820638656616 93
1783108666084 0.19141578674316406 94
1783108670359 0.1916271448135376 95
1783108674602 0.19165486097335815 96
1783108678854 0.19170594215393066 97
1783108683096 0.19079695641994476 98
1783108687310 0.19071805477142334 99
1783108691548 0.19056637585163116 100
1783108695781 0.1906690001487732 101
1783108700004 0.1905074566602707 102
1783108704228 0.1903170496225357 103
1783108708457 0.19003991782665253 104
1783108712675 0.1899576336145401 105
1783108716896 0.18871377408504486 106
1783108721167 0.18986926972866058 107
1783108725448 0.18902437388896942 108
1783108729715 0.189355731010437 109
1783108733986 0.1875619739294052 110
1783108738330 0.18896229565143585 111
1783108742680 0.18891626596450806 112
1783108747021 0.18912315368652344 113
1783108751364 0.18901097774505615 114
1783108755727 0.18866950273513794 115
1783108760142 0.18900887668132782 116
1783108764466 0.18800799548625946 117
