1783108640260 0.9629561814711367 88
1783108644615 0.6429607459833124 89
1783108649185 0.662283500192538 90
1783108653402 0.5349525022922972 91
1783108657635 0.4814191196559293 92
1783108661868 0.3465437732090903 93
1783108666084 0.2916897352220426 94
1783108670359 0.38164341992365336 95
1783108674602 0.2152231689981576 96
1783108678854 0.20676447285302146 97
1783108683096 0.2339846375918013 98
1783108687310 0.2962626387511277 99
1783108691548 0.28465175466160997 100
1783108695781 0.2611705648485029 101
1783108700004 0.27836017155311477 102
1783108704228 0.3100814168767239 103
1783108708457 0.48669188098014843 104
1783108712675 0.45044991982013594 105
1783108716896 0.2919598647330041 106
1783108721167 0.600803110176309 107
1783108725448 0.49482015379334104 108
1783108729715 0.5684472645042865 109
1783108733986 0.3785475913971987 110
1783108738330 0.38486991356843453 111
1783108742680 0.4955542435423163 112
1783108747021 0.46105638194081855 113
1783108751364 0.5200124781835893 114
1783108755727 0.5887125556205228 115
1783108760142 0.5623463526255912 116
1783108764466 0.5656442493287459 117
