1783108640260 3.0 88
1783108644615 2.0 89
1783108649185 2.0 90
1783108653402 3.0 91
1783108657635 3.0 92
1783108661868 3.0 93
1783108666084 3.0 94
1783108670359 3.0 95
1783108674602 2.0 96
1783108678854 2.0 97
1783108683096 2.0 98
1783108687310 3.0 99
1783108691548 3.0 100
1783108695781 3.0 101
1783108700004 2.0 102
1783108704228 3.0 103
1783108708457 2.0 104
1783108712675 3.0 105
1783108716896 3.0 106
1783108721167 2.0 107
1783108725448 2.0 108
1783108729715 3.0 109
1783108733986 3.0 110
1783108738330 3.0 111
1783108742680 3.0 112
1783108747021 3.0 113
1783108751364 3.0 114
1783108755727 3.0 115
1783108760142 2.0 116
1783108764466 2.0 117
