1783108640260 0.43191252648830414 88
1783108644615 0.4310413251320521 89
1783108649185 0.43009884655475616 90
1783108653402 0.4291665901740392 91
1783108657635 0.4282795439163844 92
1783108661868 0.42745523154735565 93
1783108666084 0.42669638991355896 94
1783108670359 0.4259935865799586 95
1783108674602 0.4253404885530472 96
1783108678854 0.4247266948223114 97
1783108683096 0.4241321136554082 98
1783108687310 0.42357105016708374 99
1783108691548 0.42299798130989075 100
1783108695781 0.4224346528450648 101
1783108700004 0.42182810604572296 102
1783108704228 0.42127660910288495 103
1783108708457 0.4207136978705724 104
1783108712675 0.4201354533433914 105
1783108716896 0.4195173035065333 106
1783108721167 0.4189029385646184 107
1783108725448 0.4182170033454895 108
1783108729715 0.4176073471705119 109
1783108733986 0.41704410314559937 110
1783108738330 0.4165207048257192 111
1783108742680 0.4159521261850993 112
1783108747021 0.41537200411160785 113
1783108751364 0.41485180457433063 114
1783108755727 0.41435320178667706 115
1783108760142 0.4138735731442769 116
1783108764466 0.4134221524000168 117
