1783108640260 0.96785476730624 88
1783108644615 0.9389048220222133 89
1783108649185 0.9337644550405294 90
1783108653402 0.9560504735060792 91
1783108657635 0.9626232047794914 92
1783108661868 0.9625550678679806 93
1783108666084 0.961722412936001 94
1783108670359 0.9568342888180603 95
1783108674602 0.9472279426238764 96
1783108678854 0.9315828530360033 97
1783108683096 0.9430500852389474 98
1783108687310 0.9547496571378605 99
1783108691548 0.9595373116473572 100
1783108695781 0.9547569483717098 101
1783108700004 0.946507382812228 102
1783108704228 0.950141815547474 103
1783108708457 0.9467938670164958 104
1783108712675 0.9581066777626891 105
1783108716896 0.960341492014669 106
1783108721167 0.949066024720143 107
1783108725448 0.9354115443818413 108
1783108729715 0.9516939312032506 109
1783108733986 0.9640867565194249 110
1783108738330 0.9653558006136952 111
1783108742680 0.9664152989090092 112
1783108747021 0.9560191460567915 113
1783108751364 0.9572519682816732 114
1783108755727 0.9571830620241074 115
1783108760142 0.9362667092234722 116
1783108764466 0.9282205925985506 117
