1783108640260 0.5898887295833898 88
1783108644615 0.6190546335521167 89
1783108649185 0.6715486328560972 90
1783108653402 0.6085898210165233 91
1783108657635 0.6362892179591944 92
1783108661868 0.6350966267214044 93
1783108666084 0.6418538980573855 94
1783108670359 0.6622018758693264 95
1783108674602 0.6825669546136236 96
1783108678854 0.6998757886111378 97
1783108683096 0.697780366736562 98
1783108687310 0.6909162532835604 99
1783108691548 0.6961299324463784 100
1783108695781 0.7108916320830132 101
1783108700004 0.7150557718988185 102
1783108704228 0.720296969549218 103
1783108708457 0.7302018333199277 104
1783108712675 0.7084456825808534 105
1783108716896 0.7244989497745081 106
1783108721167 0.7421450006725667 107
1783108725448 0.7334172271508953 108
1783108729715 0.7383153022703798 109
1783108733986 0.7201106811410011 110
1783108738330 0.7214489910386047 111
1783108742680 0.7261181261813509 112
1783108747021 0.7471511305741164 113
1783108751364 0.723899684659814 114
1783108755727 0.746611701254322 115
1783108760142 0.7561714286966065 116
1783108764466 0.7510024211449067 117
