1783108640260 0.7569187797149391 88
1783108644615 0.7744882667845315 89
1783108649185 0.8109511204625001 90
1783108653402 0.8152569663986103 91
1783108657635 0.8332153501880563 92
1783108661868 0.8396700124267739 93
1783108666084 0.8475970842621146 94
1783108670359 0.8539904921471182 95
1783108674602 0.8590379177585818 96
1783108678854 0.8670051902275847 97
1783108683096 0.8710510784070588 98
1783108687310 0.8744660394652031 99
1783108691548 0.8767107657553872 100
1783108695781 0.8836103698334602 101
1783108700004 0.8885606698247172 102
1783108704228 0.8897809301389512 103
1783108708457 0.8906953993616654 104
1783108712675 0.8959653367826935 105
1783108716896 0.894478623187204 106
1783108721167 0.89688902446767 107
1783108725448 0.9010830906288145 108
1783108729715 0.9020982998841526 109
1783108733986 0.8978824070703989 110
1783108738330 0.8981426403200405 111
1783108742680 0.9009936552672658 112
1783108747021 0.9027064883886816 113
1783108751364 0.9052117409587522 114
1783108755727 0.9045455246204078 115
1783108760142 0.9040117292357198 116
1783108764466 0.9050771466840474 117
