1783108640260 0.5377944976744795 88
1783108644615 0.4256270487348666 89
1783108649185 0.4706319826922231 90
1783108653402 0.4529018916207246 91
1783108657635 0.5106047540515317 92
1783108661868 0.5087389358019511 93
1783108666084 0.5196166532183161 94
1783108670359 0.5364783899515312 95
1783108674602 0.5502534736710482 96
1783108678854 0.5628251148995348 97
1783108683096 0.5701600750732639 98
1783108687310 0.5707575781651434 99
1783108691548 0.5812917444457849 100
1783108695781 0.6012511799150873 101
1783108700004 0.607009271331136 102
1783108704228 0.5980798532861201 103
1783108708457 0.6113804753936221 104
1783108712675 0.5836675202353975 105
1783108716896 0.6056396431472415 106
1783108721167 0.642191368384074 107
1783108725448 0.6282147954293903 108
1783108729715 0.6099771862955863 109
1783108733986 0.5950444648024459 110
1783108738330 0.6116253712976066 111
1783108742680 0.6191261996023998 112
1783108747021 0.6430058719149748 113
1783108751364 0.6225607176844528 114
1783108755727 0.644837048360119 115
1783108760142 0.6346454896879564 116
1783108764466 0.6271852119725848 117
