1783108640260 1.3761736750602722 88
1783108644615 1.3756250540415447 89
1783108649185 1.375605930884679 90
1783108653402 1.3751712044080098 91
1783108657635 1.375061849753062 92
1783108661868 1.3750282327334087 93
1783108666084 1.3751121560732524 94
1783108670359 1.375279277563095 95
1783108674602 1.3753650784492493 96
1783108678854 1.3754608531792958 97
1783108683096 1.3751877148946126 98
1783108687310 1.3752208451430004 99
1783108691548 1.3752305110295613 100
1783108695781 1.3753186364968617 101
1783108700004 1.3752557436625164 102
1783108704228 1.375204513470332 103
1783108708457 1.3751227955023448 104
1783108712675 1.375102033217748 105
1783108716896 1.3746539950370789 106
1783108721167 1.375116914510727 107
1783108725448 1.3747545580069225 108
1783108729715 1.3748462796211243 109
1783108733986 1.3741915027300518 110
1783108738330 1.3748149971167247 111
1783108742680 1.374804159005483 112
1783108747021 1.3748630285263062 113
1783108751364 1.374786615371704 114
1783108755727 1.3746285537878673 115
1783108760142 1.3747386236985524 116
1783108764466 1.3743233382701874 117
