1783108640260 1.1710911045471828 88
1783108644615 1.0369460880756378 89
1783108649185 1.0923955192168553 90
1783108653402 1.0162377158800762 91
1783108657635 0.9847104450066885 92
1783108661868 0.9146697570880254 93
1783108666084 0.8751152753829956 94
1783108670359 0.8200911432504654 95
1783108674602 0.7553470432758331 96
1783108678854 0.7188409914573034 97
1783108683096 0.6899219204982122 98
1783108687310 0.6860438485940298 99
1783108691548 0.647156889239947 100
1783108695781 0.6511276115973791 101
1783108700004 0.6190057670076689 102
1783108704228 0.6242990245421728 103
1783108708457 0.6123034631212553 104
1783108712675 0.6234389618039131 105
1783108716896 0.588321919242541 106
1783108721167 0.5878040244181951 107
1783108725448 0.5867364207903544 108
1783108729715 0.589186372856299 109
1783108733986 0.5539665271838506 110
1783108738330 0.5746356720725695 111
1783108742680 0.5726754118998846 112
1783108747021 0.5574665690461794 113
1783108751364 0.5640743921200434 114
1783108755727 0.558639461795489 115
1783108760142 0.5603683615724245 116
1783108764466 0.5553444052735964 117
