1783108640260 0.46334995577732724 88
1783108644615 0.5018769229451815 89
1783108649185 0.43154609327514964 90
1783108653402 0.46012646332383156 91
1783108657635 0.46160348628958064 92
1783108661868 0.48777367795507115 93
1783108666084 0.4897049826880296 94
1783108670359 0.4990195892751217 95
1783108674602 0.5169699788093567 96
1783108678854 0.5256169860561689 97
1783108683096 0.5386093718310198 98
1783108687310 0.5333937158187231 99
1783108691548 0.5572769790887833 100
1783108695781 0.5536726166804632 101
1783108700004 0.5780590722958246 102
1783108704228 0.5719151372710863 103
1783108708457 0.5809793447454771 104
1783108712675 0.573866623143355 105
1783108716896 0.5928219904502233 106
1783108721167 0.5957209592064222 107
1783108725448 0.5985567818085352 108
1783108729715 0.6005994702378908 109
1783108733986 0.6175513317187628 110
1783108738330 0.6010598416129748 111
1783108742680 0.601130947470665 112
1783108747021 0.6126668900251389 113
1783108751364 0.6088805099328359 114
1783108755727 0.6145696689685186 115
1783108760142 0.6162188028295835 116
1783108764466 0.6242939084768295 117
