1783108640260 0.694238672653834 88
1783108644615 0.7660479793945948 89
1783108649185 0.78627976278464 90
1783108653402 0.8084026426076889 91
1783108657635 0.8183324187994003 92
1783108661868 0.830465962489446 93
1783108666084 0.8371957590182623 94
1783108670359 0.8453935384750366 95
1783108674602 0.8512382457653681 96
1783108678854 0.8561980972687403 97
1783108683096 0.8642042428255081 98
1783108687310 0.8665595750013987 99
1783108691548 0.8722192595402399 100
1783108695781 0.8742054949204127 101
1783108700004 0.8817503650983175 102
1783108704228 0.8834985991319021 103
1783108708457 0.88405342400074 104
1783108712675 0.8858427852392197 105
1783108716896 0.8935958941777548 106
1783108721167 0.8877698928117752 107
1783108725448 0.8939681400855383 108
1783108729715 0.8934300790230433 109
1783108733986 0.8991394440333048 110
1783108738330 0.8932901074488958 111
1783108742680 0.8961924314498901 112
1783108747021 0.8983873625596365 113
1783108751364 0.8987591663996378 114
1783108755727 0.89848626156648 115
1783108760142 0.8938381026188532 116
1783108764466 0.8951791971921921 117
