1783108640260 9.732121547063192 88
1783108644615 9.60490115483602 89
1783108649185 9.491416056950888 90
1783108653402 9.378739515940348 91
1783108657635 9.26441502571106 92
1783108661868 9.150002201398214 93
1783108666084 9.034626444180807 94
1783108670359 8.91845428943634 95
1783108674602 8.802597721417746 96
1783108678854 8.689472953478495 97
1783108683096 8.579088608423868 98
1783108687310 8.469515045483908 99
1783108691548 8.359712282816568 100
1783108695781 8.253375371297201 101
1783108700004 8.149361968040466 102
1783108704228 8.051514585812887 103
1783108708457 7.959581693013509 104
1783108712675 7.8752124309539795 105
1783108716896 7.795769174893697 106
1783108721167 7.7258462111155195 107
1783108725448 7.663478096326192 108
1783108729715 7.606969078381856 109
1783108733986 7.549388130505879 110
1783108738330 7.492348074913025 111
1783108742680 7.436405857404073 112
1783108747021 7.3807811339696245 113
1783108751364 7.327579855918884 114
1783108755727 7.276160001754761 115
1783108760142 7.22657589117686 116
1783108764466 7.178627014160156 117
