1783108640260 3.959767293724141 88
1783108644615 3.9575957604569054 89
1783108649185 3.9575165079992547 90
1783108653402 3.9557968994116663 91
1783108657635 3.9553616360222628 92
1783108661868 3.9552278292197056 93
1783108666084 3.9555574290903786 94
1783108670359 3.956216622760851 95
1783108674602 3.956554289233297 96
1783108678854 3.9569319664880784 97
1783108683096 3.9558512265235497 98
1783108687310 3.955981954193367 99
1783108691548 3.956018034565042 100
1783108695781 3.956365530184019 101
1783108700004 3.95611618203094 102
1783108704228 3.9559134577283817 103
1783108708457 3.955590428020392 104
1783108712675 3.9555089511486012 105
1783108716896 3.9537356024138064 106
1783108721167 3.9555651728261565 107
1783108725448 3.9541328029243736 108
1783108729715 3.9544981870099503 109
1783108733986 3.9519080904523762 110
1783108738330 3.954369356086525 111
1783108742680 3.9543258743978242 112
1783108747021 3.9545588298361465 113
1783108751364 3.9542561468920336 114
1783108755727 3.9536312961228077 115
1783108760142 3.9540685703681455 116
1783108764466 3.952430259090274 117
