1783108640260 0.16596316794554392 88
1783108644615 0.17309778680404028 89
1783108649185 0.16624244240423044 90
1783108653402 0.17107297480106354 91
1783108657635 0.1683023739606142 92
1783108661868 0.17085247797270617 93
1783108666084 0.1690661863734325 94
1783108670359 0.16865100401143232 95
1783108674602 0.1688026071836551 96
1783108678854 0.16698824552198252 97
1783108683096 0.16457903012633324 98
1783108687310 0.16273433342576027 99
1783108691548 0.16321121715009212 100
1783108695781 0.16205598103503385 101
1783108700004 0.16162538838883242 102
1783108704228 0.1587006871898969 103
1783108708457 0.1582933564980825 104
1783108712675 0.1570990445713202 105
1783108716896 0.15613309852778912 106
1783108721167 0.15807004955907664 107
1783108725448 0.1556149646639824 108
1783108729715 0.1538204172005256 109
1783108733986 0.15349061600863934 110
1783108738330 0.15244683002432188 111
1783108742680 0.1511821591605743 112
1783108747021 0.15098432389398417 113
1783108751364 0.14964114502072334 114
1783108755727 0.14831821620464325 115
1783108760142 0.14962995486954847 116
1783108764466 0.15006465340654054 117
