1783108640260 0.03917316595713297 88
1783108644615 0.040022408279279865 89
1783108649185 0.03808510893334945 90
1783108653402 0.03874050360172987 91
1783108657635 0.038093241242070995 92
1783108661868 0.0389094656954209 93
1783108666084 0.03935177562137445 94
1783108670359 0.04074373530844847 95
1783108674602 0.043105319452782474 96
1783108678854 0.04618953540921211 97
1783108683096 0.050549861354132496 98
1783108687310 0.05690429328630368 99
1783108691548 0.06606880947947502 100
1783108695781 0.07790668526043494 101
1783108700004 0.0933261476457119 102
1783108704228 0.11223800666630268 103
1783108708457 0.1358224960664908 104
1783108712675 0.16288317864139876 105
1783108716896 0.19173301259676614 106
1783108721167 0.22038938601811728 107
1783108725448 0.241290216644605 108
1783108729715 0.25447172423203784 109
1783108733986 0.25956778849164647 110
1783108738330 0.2596280500292778 111
1783108742680 0.25510351608196896 112
1783108747021 0.24934922034541765 113
1783108751364 0.2431064434349537 114
1783108755727 0.23741571853558222 115
1783108760142 0.23307222500443459 116
1783108764466 0.22834615657726923 117
