1783150849477 0.8641919329465801 311
1783150854911 0.8641919445871733 312
1783150860246 0.8641918944029545 313
1783150865843 0.8641919242746087 314
1783150871358 0.8641918721022538 315
1783150876848 0.8641919061196272 316
1783150882443 0.8641919169990314 317
1783150887803 0.8641919110197461 318
1783150893278 0.8641918663681399 319
1783150898661 0.8641919006133354 320
1783150904068 0.8641918957156236 321
1783150909716 0.8641919194598064 322
1783150915594 0.8641919116163772 323
1783150921140 0.8641919060207313 324
1783150927258 0.8641919301633992 325
1783150932858 0.8641918943288881 326
1783150938417 0.864191926029659 327
1783150943885 0.8641918832061105 328
1783150949359 0.8641919154088673 329
1783150955004 0.864191885271715 330
1783150960513 0.8641918732915841 331
1783150965936 0.8641918748796484 332
1783150971328 0.8641918938550366 333
1783150976708 0.8641919051384915 334
1783150982107 0.8641918999714179 335
1783150987548 0.8641918758118653 336
1783150993014 0.8641919324495702 337
1783150998421 0.8641918796776529 338
1783151003926 0.8641919023564845 339
1783151009695 0.8641919095133137 340
