1783150849477 0.0 311
1783150854911 0.0 312
1783150860246 0.0 313
1783150865843 0.0 314
1783150871358 0.0 315
1783150876848 0.0 316
1783150882443 0.00010869565986744736 317
1783150887803 0.00021739131973489472 318
1783150893278 0.00010869565986744736 319
1783150898661 0.00021739131973489472 320
1783150904068 0.00010869565986744736 321
1783150909716 0.0005434782993372368 322
1783150915594 0.00021739131973489472 323
1783150921140 0.00043478263946978944 324
1783150927258 0.00043478263946978944 325
1783150932858 0.0 326
1783150938417 0.00043478263946978944 327
1783150943885 0.00032608697960234207 328
1783150949359 0.0006521739592046841 329
1783150955004 0.00010869565986744736 330
1783150960513 0.00021739131973489472 331
1783150965936 0.00043478263946978944 332
1783150971328 0.00021739131973489472 333
1783150976708 0.00021739131973489472 334
1783150982107 0.0006521739592046841 335
1783150987548 0.00010869565986744736 336
1783150993014 0.00032608697960234207 337
1783150998421 0.00032608697960234207 338
1783151003926 0.00043478263946978944 339
1783151009695 0.00021739131973489472 340
