1783150849477 1.054707477922025 311
1783150854911 1.054707452006962 312
1783150860246 1.0547074183173801 313
1783150865843 1.0547074831050376 314
1783150871358 1.0547074649644934 315
1783150876848 1.054707477922025 316
1783150882443 1.054707382036292 317
1783150887803 1.0547074545984683 318
1783150893278 1.0547074416409368 319
1783150898661 1.054707433866418 320
1783150904068 1.0547074442324431 321
1783150909716 1.054707477922025 322
1783150915594 1.0547074105428613 323
1783150921140 1.0547074364579243 324
1783150927258 1.0547074545984683 325
1783150932858 1.0547074494154558 326
1783150938417 1.0547073768532795 327
1783150943885 1.0547073613042417 328
1783150949359 1.0547074001768362 329
1783150955004 1.054707462372987 330
1783150960513 1.0547074390494304 331
1783150965936 1.0547073690787605 332
1783150971328 1.0547074053598486 333
1783150976708 1.0547074183173801 334
1783150982107 1.0547074649644934 335
1783150987548 1.0547074468239495 336
1783150993014 1.054707426091899 337
1783150998421 1.0547074442324431 338
1783151003926 1.0547074416409368 339
1783151009695 1.054707452006962 340
