1783150849477 1.4146493396105273 311
1783150854911 1.4146493321212938 312
1783150860246 1.4146493374236422 313
1783150865843 1.4146493301336815 314
1783150871358 1.4146493555210284 315
1783150876848 1.414649323571029 316
1783150882443 1.414649318151504 317
1783150887803 1.4146493325550586 318
1783150893278 1.41464933062214 319
1783150898661 1.4146493441673826 320
1783150904068 1.4146493290402404 321
1783150909716 1.4146493096985784 322
1783150915594 1.4146493355691188 323
1783150921140 1.4146493370050308 324
1783150927258 1.4146493404663167 325
1783150932858 1.4146493278741104 326
1783150938417 1.4146493382758885 327
1783150943885 1.4146493297873037 328
1783150949359 1.4146493392903168 329
1783150955004 1.4146493228997967 330
1783150960513 1.4146493331398196 331
1783150965936 1.4146493383849783 332
1783150971328 1.4146493306527708 333
1783150976708 1.4146493169652734 334
1783150982107 1.4146493367503425 335
1783150987548 1.414649330228314 336
1783150993014 1.414649335429554 337
1783150998421 1.4146493246732639 338
1783151003926 1.4146493503518291 339
1783151009695 1.414649336121054 340
