1783150849477 31.871341943740845 311
1783150854911 4.794292688369751 312
1783150860246 4.75396728515625 313
1783150865843 4.946936368942261 314
1783150871358 4.871413946151733 315
1783150876848 4.877022981643677 316
1783150882443 4.993639707565308 317
1783150887803 4.788271188735962 318
1783150893278 4.871409177780151 319
1783150898661 4.786895990371704 320
1783150904068 4.812513828277588 321
1783150909716 4.986785650253296 322
1783150915594 5.221505403518677 323
1783150921140 4.954427242279053 324
1783150927258 5.391304969787598 325
1783150932858 4.959086179733276 326
1783150938417 4.983561754226685 327
1783150943885 4.883190155029297 328
1783150949359 4.8420538902282715 329
1783150955004 5.009136199951172 330
1783150960513 4.9151928424835205 331
1783150965936 4.83905291557312 332
1783150971328 4.795387268066406 333
1783150976708 4.808754205703735 334
1783150982107 4.822969675064087 335
1783150987548 4.8389222621917725 336
1783150993014 4.869060754776001 337
1783150998421 4.813289403915405 338
1783151003926 4.8701066970825195 339
1783151009695 5.104796886444092 340
