1783150849477 0.31287880065872914 311
1783150854911 0.31485615946211903 312
1783150860246 0.31686713314314846 313
1783150865843 0.31614756666808236 314
1783150871358 0.31944736079078817 315
1783150876848 0.31914575935639056 316
1783150882443 0.32219007608841876 317
1783150887803 0.32318041744447873 318
1783150893278 0.32416500116223373 319
1783150898661 0.3250686176424104 320
1783150904068 0.32497807321494926 321
1783150909716 0.3261065519971619 322
1783150915594 0.32615300323856516 323
1783150921140 0.3245194918631024 324
1783150927258 0.32359075031956464 325
1783150932858 0.32293252165536285 326
1783150938417 0.3211052698139774 327
1783150943885 0.32047384727832884 328
1783150949359 0.31976328569472245 329
1783150955004 0.31985808328817816 330
1783150960513 0.318718131128656 331
1783150965936 0.31880358655204116 332
1783150971328 0.3167313672929915 333
1783150976708 0.31519736690210776 334
1783150982107 0.3138831977019996 335
1783150987548 0.3141553892198219 336
1783150993014 0.3155903862849985 337
1783150998421 0.31579726277928805 338
1783151003926 0.3167316375332809 339
1783151009695 0.31556311120595165 340
