1783150849477 0.7870303344227495 311
1783150854911 0.7892270030198598 312
1783150860246 0.7950002478405891 313
1783150865843 0.7955939835389257 314
1783150871358 0.800678890927496 315
1783150876848 0.8001803377227895 316
1783150882443 0.8053389716834877 317
1783150887803 0.8128869523779524 318
1783150893278 0.8153382861177266 319
1783150898661 0.8163132792821955 320
1783150904068 0.8178284881245819 321
1783150909716 0.8208107782912061 322
1783150915594 0.8242281338639743 323
1783150921140 0.8214802664162214 324
1783150927258 0.820621782949315 325
1783150932858 0.8222058144153062 326
1783150938417 0.8217079599667926 327
1783150943885 0.8209280200512569 328
1783150949359 0.8211571636866537 329
1783150955004 0.8211385196385188 330
1783150960513 0.8192335476669557 331
1783150965936 0.8197415503622199 332
1783150971328 0.8191303653272477 333
1783150976708 0.8183011161065343 334
1783150982107 0.8193066824284937 335
1783150987548 0.8202538451256505 336
1783150993014 0.8220250009611645 337
1783150998421 0.8228136913615183 338
1783151003926 0.8249151144625865 339
1783151009695 0.8287825358705997 340
