1783150849477 0.3510909211482101 311
1783150854911 0.3523144136882394 312
1783150860246 0.35249109618934615 313
1783150865843 0.3538033978547901 314
1783150871358 0.35435545971213167 315
1783150876848 0.35533905402408894 316
1783150882443 0.35428277750113046 317
1783150887803 0.35440547121835886 318
1783150893278 0.35449028181765896 319
1783150898661 0.35462586832102544 320
1783150904068 0.3545858258586702 321
1783150909716 0.3541116676118114 322
1783150915594 0.3534606659412384 323
1783150921140 0.3533349271680488 324
1783150927258 0.3531761572757165 325
1783150932858 0.3514369446827475 326
1783150938417 0.3508416612831582 327
1783150943885 0.3506216690231618 328
1783150949359 0.35073025776385996 329
1783150955004 0.3506011991584327 330
1783150960513 0.3500596592647698 331
1783150965936 0.34958723406441294 332
1783150971328 0.3491865947897238 333
1783150976708 0.34896126493447027 334
1783150982107 0.3487948329969384 335
1783150987548 0.3486336565796928 336
1783150993014 0.3484520379816326 337
1783150998421 0.3474841381220886 338
1783151003926 0.3470891560936383 339
1783151009695 0.34601778053905163 340
