1783150849477 0.4507336653785138 311
1783150854911 0.44962946744642757 312
1783150860246 0.4557370653157156 313
1783150865843 0.46669737935359146 314
1783150871358 0.4677412224815654 315
1783150876848 0.4748427092334269 316
1783150882443 0.47792934863034225 317
1783150887803 0.48728799171648207 318
1783150893278 0.4913294394384446 319
1783150898661 0.49084576478258396 320
1783150904068 0.4975190936946233 321
1783150909716 0.4981025674630232 322
1783150915594 0.4998147447751923 323
1783150921140 0.5008075037924149 324
1783150927258 0.5014783047025484 325
1783150932858 0.49688158509047925 326
1783150938417 0.49724176145117305 327
1783150943885 0.49470683692899997 328
1783150949359 0.4927215635383362 329
1783150955004 0.4890936604319096 330
1783150960513 0.49112552471349297 331
1783150965936 0.4925859470005622 332
1783150971328 0.4944133989898798 333
1783150976708 0.4883037190544624 334
1783150982107 0.48994377072947937 335
1783150987548 0.49254257428094494 336
1783150993014 0.48642955320915504 337
1783150998421 0.4849224092653597 338
1783151003926 0.4769037486252654 339
1783151009695 0.4770053355985546 340
