1783150849477 0.6703919348238785 311
1783150854911 0.6703919281976873 312
1783150860246 0.6703919329378809 313
1783150865843 0.6703919348113365 314
1783150871358 0.6703919326257233 315
1783150876848 0.6703919212320624 316
1783150882443 0.6703919268187405 317
1783150887803 0.6703919244295717 318
1783150893278 0.6703919291862995 319
1783150898661 0.6703919246655018 320
1783150904068 0.6703919288936565 321
1783150909716 0.6703919255384015 322
1783150915594 0.6703919282417653 323
1783150921140 0.6703919217328703 324
1783150927258 0.6703919349995967 325
1783150932858 0.6703919223881352 326
1783150938417 0.670391938627031 327
1783150943885 0.6703919406910127 328
1783150949359 0.6703919294347059 329
1783150955004 0.670391923509084 330
1783150960513 0.6703919189845992 331
1783150965936 0.6703919419060121 332
1783150971328 0.6703919322280194 333
1783150976708 0.6703919288776425 334
1783150982107 0.6703919269169053 335
1783150987548 0.6703919205464323 336
1783150993014 0.6703919342646728 337
1783150998421 0.670391916229132 338
1783151003926 0.6703919438289515 339
1783151009695 0.6703919399898903 340
