1783150849477 0.15962089792541836 311
1783150854911 0.15962089792541836 312
1783150860246 0.15962089792541836 313
1783150865843 0.15962089662966522 314
1783150871358 0.15962089533391205 315
1783150876848 0.15962089792541836 316
1783150882443 0.15962089792541836 317
1783150887803 0.15962089598178864 318
1783150893278 0.15962089662966522 319
1783150898661 0.15962089792541836 320
1783150904068 0.15962089986904807 321
1783150909716 0.1596208992211715 322
1783150915594 0.15962089986904807 323
1783150921140 0.15962089598178864 324
1783150927258 0.15962089792541836 325
1783150932858 0.15962089727754178 326
1783150938417 0.15962089662966522 327
1783150943885 0.15962089662966522 328
1783150949359 0.15962089792541836 329
1783150955004 0.1596208992211715 330
1783150960513 0.15962089857329492 331
1783150965936 0.15962089792541836 332
1783150971328 0.15962089857329492 333
1783150976708 0.15962089533391205 334
1783150982107 0.15962089662966522 335
1783150987548 0.1596208946860355 336
1783150993014 0.15962089662966522 337
1783150998421 0.15962089662966522 338
1783151003926 0.15962089792541836 339
1783151009695 0.15962089727754178 340
