1783150849477 1.3593316959298176 311
1783150854911 1.3675968232362166 312
1783150860246 1.3646764081457388 313
1783150865843 1.3606033428855564 314
1783150871358 1.3660784752472588 315
1783150876848 1.3656931389933047 316
1783150882443 1.350424870200779 317
1783150887803 1.337302285691966 318
1783150893278 1.3543102274770322 319
1783150898661 1.336020977600761 320
1783150904068 1.3453660114951755 321
1783150909716 1.3015689642533013 322
1783150915594 1.3332828127819558 323
1783150921140 1.3049800758776458 324
1783150927258 1.294819510501364 325
1783150932858 1.3515982731528904 326
1783150938417 1.3083260784978452 327
1783150943885 1.314484223075535 328
1783150949359 1.2801825430082239 329
1783150955004 1.3379854274832683 330
1783150960513 1.3327155527861223 331
1783150965936 1.2982212408729221 332
1783150971328 1.3192187755004219 333
1783150976708 1.317339021226634 334
1783150982107 1.2717042591260828 335
1783150987548 1.3276075539381609 336
1783150993014 1.3053828166878743 337
1783150998421 1.2951192804004834 338
1783151003926 1.288204172383184 339
1783151009695 1.3155199185661648 340
