1783150849477 0.2694470934245897 311
1783150854911 0.2694470934245897 312
1783150860246 0.2694470934245897 313
1783150865843 0.2694470934245897 314
1783150871358 0.2694470934245897 315
1783150876848 0.2694470934245897 316
1783150882443 0.2694470934245897 317
1783150887803 0.2694470934245897 318
1783150893278 0.2694470934245897 319
1783150898661 0.2694470934245897 320
1783150904068 0.2694470934245897 321
1783150909716 0.2694470934245897 322
1783150915594 0.2694470934245897 323
1783150921140 0.2694470934245897 324
1783150927258 0.2694470934245897 325
1783150932858 0.2694470934245897 326
1783150938417 0.2694470934245897 327
1783150943885 0.2694470934245897 328
1783150949359 0.2694470934245897 329
1783150955004 0.2694470934245897 330
1783150960513 0.2694470934245897 331
1783150965936 0.2694470934245897 332
1783150971328 0.2694470934245897 333
1783150976708 0.2694470934245897 334
1783150982107 0.2694470934245897 335
1783150987548 0.2694470934245897 336
1783150993014 0.2694470934245897 337
1783150998421 0.2694470934245897 338
1783151003926 0.2694470934245897 339
1783151009695 0.2694470934245897 340
