1783150849477 0.31764697251112567 311
1783150854911 0.31764697251112567 312
1783150860246 0.31764697251112567 313
1783150865843 0.31764697251112567 314
1783150871358 0.31764697251112567 315
1783150876848 0.31764697251112567 316
1783150882443 0.31764697251112567 317
1783150887803 0.31764697251112567 318
1783150893278 0.31764697251112567 319
1783150898661 0.31764697251112567 320
1783150904068 0.31764697251112567 321
1783150909716 0.31764697251112567 322
1783150915594 0.31764697251112567 323
1783150921140 0.31764697251112567 324
1783150927258 0.31764697251112567 325
1783150932858 0.31764697251112567 326
1783150938417 0.31764697251112567 327
1783150943885 0.31764697251112567 328
1783150949359 0.31764697251112567 329
1783150955004 0.31764697251112567 330
1783150960513 0.31764697251112567 331
1783150965936 0.31764697251112567 332
1783150971328 0.31764697251112567 333
1783150976708 0.31764697251112567 334
1783150982107 0.31764697251112567 335
1783150987548 0.31764697251112567 336
1783150993014 0.31764697251112567 337
1783150998421 0.31764697251112567 338
1783151003926 0.31764697251112567 339
1783151009695 0.31764697251112567 340
