1783150849477 0.3295651078224182 311
1783150854911 0.3295651078224182 312
1783150860246 0.3295651078224182 313
1783150865843 0.3295651078224182 314
1783150871358 0.3295651078224182 315
1783150876848 0.3295651078224182 316
1783150882443 0.3295651078224182 317
1783150887803 0.3295651078224182 318
1783150893278 0.3295651078224182 319
1783150898661 0.3295651078224182 320
1783150904068 0.3295651078224182 321
1783150909716 0.3295651078224182 322
1783150915594 0.3295651078224182 323
1783150921140 0.3295651078224182 324
1783150927258 0.3295651078224182 325
1783150932858 0.3295651078224182 326
1783150938417 0.3295651078224182 327
1783150943885 0.3295651078224182 328
1783150949359 0.3295651078224182 329
1783150955004 0.3295651078224182 330
1783150960513 0.3295651078224182 331
1783150965936 0.3295651078224182 332
1783150971328 0.3295651078224182 333
1783150976708 0.3295651078224182 334
1783150982107 0.3295651078224182 335
1783150987548 0.3295651078224182 336
1783150993014 0.3295651078224182 337
1783150998421 0.3295651078224182 338
1783151003926 0.3295651078224182 339
1783151009695 0.3295651078224182 340
