1783150849477 0.7357788189597751 311
1783150854911 0.7357788189597751 312
1783150860246 0.7357788189597751 313
1783150865843 0.7357788189597751 314
1783150871358 0.7357788189597751 315
1783150876848 0.7357788189597751 316
1783150882443 0.7357788189597751 317
1783150887803 0.7357788189597751 318
1783150893278 0.7357788189597751 319
1783150898661 0.7357788189597751 320
1783150904068 0.7357788189597751 321
1783150909716 0.7357788189597751 322
1783150915594 0.7357788189597751 323
1783150921140 0.7357788189597751 324
1783150927258 0.7357788189597751 325
1783150932858 0.7357788189597751 326
1783150938417 0.7357788189597751 327
1783150943885 0.7357788189597751 328
1783150949359 0.7357788189597751 329
1783150955004 0.7357788189597751 330
1783150960513 0.7357788189597751 331
1783150965936 0.7357788189597751 332
1783150971328 0.7357788189597751 333
1783150976708 0.7357788189597751 334
1783150982107 0.7357788189597751 335
1783150987548 0.7357788189597751 336
1783150993014 0.7357788189597751 337
1783150998421 0.7357788189597751 338
1783151003926 0.7357788189597751 339
1783151009695 0.7357788189597751 340
