1783150849477 3.594641332192472 311
1783150854911 3.805529371000094 312
1783150860246 3.6353865847154783 313
1783150865843 3.3923084512896513 314
1783150871358 3.820244356623584 315
1783150876848 3.7798700167057087 316
1783150882443 2.8913560584641917 317
1783150887803 2.8886209661715507 318
1783150893278 2.9566175253237366 319
1783150898661 2.8186343613433023 320
1783150904068 2.9277173018828466 321
1783150909716 2.8084603191161763 322
1783150915594 2.884461455544873 323
1783150921140 2.859190491641701 324
1783150927258 2.8711376978594454 325
1783150932858 3.6838496162315537 326
1783150938417 2.8409406522043334 327
1783150943885 2.8763894372696113 328
1783150949359 2.856181418180709 329
1783150955004 2.8419212609701354 330
1783150960513 2.902688077305273 331
1783150965936 2.8364071579436416 332
1783150971328 2.8579276099252233 333
1783150976708 2.790988398326395 334
1783150982107 2.8742893029520378 335
1783150987548 2.9146346216251593 336
1783150993014 2.84968898112119 337
1783150998421 2.7816080846536355 338
1783151003926 2.782553618457508 339
1783151009695 2.799975406781036 340
