1783081017696 0.0 87
1783081025966 0.00010000000707805157 88
1783081033913 0.00010000000707805157 89
1783081041780 0.00010000000707805157 90
1783081049612 0.00010000000707805157 91
1783081057435 0.0003000000212341547 92
1783081065280 0.00010000000707805157 93
1783081073179 0.00010000000707805157 94
1783081081027 0.0004000000283122063 95
1783081088900 0.0005000000353902578 96
1783081096824 0.0005000000353902578 97
1783081104745 0.0003000000212341547 98
1783081112654 0.0003000000212341547 99
1783081120572 0.00020000001415610314 100
1783081128549 0.00020000001415610314 101
1783081136664 0.0003000000212341547 102
1783081144660 0.0008000000566244126 103
1783081152694 0.00020000001415610314 104
1783081160708 0.0004000000283122063 105
1783081168706 0.0003000000212341547 106
1783081176684 0.0004000000283122063 107
