1783081017696 0.12399330884218215 87
1783081025966 0.07953492224216462 88
1783081033913 0.07513010174036026 89
1783081041780 0.05052342176437378 90
1783081049612 0.04312541648745537 91
1783081057435 0.03631647691130638 92
1783081065280 0.03155911713838577 93
1783081073179 0.029768945798277855 94
1783081081027 0.037475311532616615 95
1783081088900 0.03455040395259857 96
1783081096824 0.03931906946003437 97
1783081104745 0.05193028017878532 98
1783081112654 0.03401787005364895 99
1783081120572 0.03993342682719231 100
1783081128549 0.04004186101257801 101
1783081136664 0.044308123737573625 102
1783081144660 0.040784021466970445 103
1783081152694 0.04161023080348968 104
1783081160708 0.045405835956335065 105
1783081168706 0.03337280124425888 106
1783081176684 0.02876881495118141 107
