1783081017696 1.586182770729065 87
1783081025966 1.7785060358047486 88
1783081033913 1.7944694662094116 89
1783081041780 1.8499586915969848 90
1783081049612 1.871394863128662 91
1783081057435 1.8945754194259643 92
1783081065280 1.9053692197799683 93
1783081073179 1.9188428401947022 94
1783081081027 1.9038819074630737 95
1783081088900 1.9155305910110474 96
1783081096824 1.9035706472396852 97
1783081104745 1.8676061344146728 98
1783081112654 1.916034278869629 99
1783081120572 1.9077575540542602 100
1783081128549 1.923348298072815 101
1783081136664 1.913040337562561 102
1783081144660 1.9205398082733154 103
1783081152694 1.918411464691162 104
1783081160708 1.9132375144958496 105
1783081168706 1.94177348613739 106
1783081176684 1.951783971786499 107
