1783081017696 0.6927865195274353 87
1783081025966 0.45045650959014893 88
1783081033913 0.40865402698516845 89
1783081041780 0.2744563865661621 90
1783081049612 0.2284567165374756 91
1783081057435 0.1896381950378418 92
1783081065280 0.1600593614578247 93
1783081073179 0.15038506984710692 94
1783081081027 0.18861438751220702 95
1783081088900 0.1746947479248047 96
1783081096824 0.19499756813049315 97
1783081104745 0.252596492767334 98
1783081112654 0.1701041889190674 99
1783081120572 0.1931701421737671 100
1783081128549 0.19559293270111083 101
1783081136664 0.21011946678161622 102
1783081144660 0.19411231994628905 103
1783081152694 0.1973661708831787 104
1783081160708 0.21017927646636964 105
1783081168706 0.1573652982711792 106
1783081176684 0.13307202816009522 107
