1783081017696 0.19116393148899077 87
1783081025966 0.22145449101924897 88
1783081033913 0.26664788484573365 89
1783081041780 0.3321398437023163 90
1783081049612 0.3673976194858551 91
1783081057435 0.36561630964279174 92
1783081065280 0.31291489124298094 93
1783081073179 0.38565248131752017 94
1783081081027 0.4068920028209686 95
1783081088900 0.4584625554084778 96
1783081096824 0.5156743383407593 97
1783081104745 0.4109150719642639 98
1783081112654 0.5682473421096802 99
1783081120572 0.5025319993495941 100
1783081128549 0.589928708076477 101
1783081136664 0.5814695501327515 102
1783081144660 0.6252675557136536 103
1783081152694 0.6374887657165528 104
1783081160708 0.6296817183494567 105
1783081168706 0.7270944380760193 106
1783081176684 0.70897784948349 107
