1783081017696 0.7454793658034126 87
1783081025966 0.824578172293984 88
1783081033913 0.7266202102038697 89
1783081041780 0.7819653427881736 90
1783081049612 0.6932615901127206 91
1783081057435 0.7391487092600861 92
1783081065280 0.7457421493474642 93
1783081073179 0.8143333042996511 94
1783081081027 0.829290122684332 95
1783081088900 0.8484440824044595 96
1783081096824 0.7922403081139145 97
1783081104745 0.8297340877229266 98
1783081112654 0.8511029434497261 99
1783081120572 0.859125457207566 100
1783081128549 0.7919048809376883 101
1783081136664 0.8059656389773602 102
1783081144660 0.7315112320484386 103
1783081152694 0.7138621259112727 104
1783081160708 0.6010748258887612 105
1783081168706 0.5151351280566662 106
1783081176684 0.5361661250661435 107
