1783081017696 0.1068252182006836 87
1783081025966 0.10324271678924561 88
1783081033913 0.1174000358581543 89
1783081041780 0.09325240135192871 90
1783081049612 0.10118330955505371 91
1783081057435 0.08151663541793823 92
1783081065280 0.05780401468276977 93
1783081073179 0.06652310132980346 94
1783081081027 0.06361670732498169 95
1783081088900 0.0709743332862854 96
1783081096824 0.11112419128417969 97
1783081104745 0.06638136386871338 98
1783081112654 0.054956810474395754 99
1783081120572 0.045656187534332274 100
1783081128549 0.046562739610672 101
1783081136664 0.03723738431930542 102
1783081144660 0.057279489040374755 103
1783081152694 0.04429924726486206 104
1783081160708 0.03883103370666504 105
1783081168706 0.03231033444404602 106
1783081176684 0.028777574300765992 107
