1783081017696 38.30498719215393 87
1783081025966 7.666670322418213 88
1783081033913 7.277042865753174 89
1783081041780 7.287206411361694 90
1783081049612 7.242769479751587 91
1783081057435 7.246837377548218 92
1783081065280 7.268546104431152 93
1783081073179 7.3035125732421875 94
1783081081027 7.269872188568115 95
1783081088900 7.280330181121826 96
1783081096824 7.296896696090698 97
1783081104745 7.329609632492065 98
1783081112654 7.324796915054321 99
1783081120572 7.3208887577056885 100
1783081128549 7.350834131240845 101
1783081136664 7.504476308822632 102
1783081144660 7.393338203430176 103
1783081152694 7.416702747344971 104
1783081160708 7.414690256118774 105
1783081168706 7.397806406021118 106
1783081176684 7.376829147338867 107
