1783081017696 7.973643646240235 87
1783081025966 6.902928218841553 88
1783081033913 5.753612232208252 89
1783081041780 5.232084350585938 90
1783081049612 4.815407590866089 91
1783081057435 4.4103499698638915 92
1783081065280 4.027663946151733 93
1783081073179 3.696823625564575 94
1783081081027 3.4912032222747804 95
1783081088900 3.418198833465576 96
1783081096824 3.4078680992126467 97
1783081104745 3.403426208496094 98
1783081112654 3.398843040466309 99
1783081120572 3.4043972969055174 100
1783081128549 3.405067358016968 101
1783081136664 3.3977296352386475 102
1783081144660 3.4011732006072997 103
1783081152694 3.402087812423706 104
1783081160708 3.4036516094207765 105
1783081168706 3.3991724491119384 106
1783081176684 3.4010642337799073 107
