1783081017696 0.19792184194190518 87
1783081025966 0.22910337425383395 88
1783081033913 0.16432219076808707 89
1783081041780 0.15105804449310645 90
1783081049612 0.1772660332827548 91
1783081057435 0.13821118436073163 92
1783081065280 0.158534363369332 93
1783081073179 0.1413081415266673 94
1783081081027 0.055122534751423216 95
1783081088900 0.08482590438484493 96
1783081096824 0.11301540519470901 97
1783081104745 0.09959433415799812 98
1783081112654 0.1519585896068248 99
1783081120572 0.1577644614931148 100
1783081128549 0.15203261280768285 101
1783081136664 0.19302127693212523 102
1783081144660 0.13841653828980288 103
1783081152694 0.15269189867392763 104
1783081160708 0.24181190832048258 105
1783081168706 0.3014863364174436 106
1783081176684 0.4370798361250031 107
