1783081057435 1.9275142124720983 92
1783081065280 1.936622851235526 93
1783081073179 1.9794089198112488 94
1783081081027 1.9243644662099342 95
1783081088900 1.9505707363584148 96
1783081096824 1.9180895815867696 97
1783081104745 1.8962750122577448 98
1783081112654 1.9401279739711597 99
1783081120572 1.9183688554928087 100
1783081128549 1.9404028543769372 101
1783081136664 1.925774588256607 102
1783081144660 1.9243685301385034 103
1783081152694 1.921789493003901 104
1783081160708 1.9251459734630514 105
1783081168706 1.9555574804229414 106
1783081176684 1.9596172039325421 107
