1783081025966 1.8032878573402102 88
1783081033913 1.8152291733924657 89
1783081041780 1.8709826532439513 90
1783081049612 1.877864535261945 91
1783081057435 1.8989728624575606 92
1783081065280 1.903594864837336 93
1783081073179 1.9170343531085008 94
1783081081027 1.9041595681565455 95
1783081088900 1.9192721631387415 96
1783081096824 1.9071539291227706 97
1783081104745 1.8701712270133413 98
1783081112654 1.9222184044733486 99
1783081120572 1.9139951119056116 100
1783081128549 1.9286813335564301 101
1783081136664 1.918380704776261 102
1783081144660 1.921590057942877 103
1783081152694 1.918032293391407 104
1783081160708 1.9132742616678946 105
1783081168706 1.9450466248164207 106
1783081176684 1.9552012969574049 107
