1783081017696 0.18725052844005752 87
1783081025966 0.20525836754308485 88
1783081033913 0.23798322799920058 89
1783081041780 0.28927796254766747 90
1783081049612 0.3152214761429783 91
1783081057435 0.30553513859333514 92
1783081065280 0.267561330171389 93
1783081073179 0.33394040525915786 94
1783081081027 0.3274889963576649 95
1783081088900 0.3467035400905793 96
1783081096824 0.4024261002968065 97
1783081104745 0.2871138921904343 98
1783081112654 0.3698015200834675 99
1783081120572 0.3428772857561802 100
1783081128549 0.3836227292005689 101
1783081136664 0.34448556590469764 102
1783081144660 0.47095255070690933 103
1783081152694 0.5032741311345619 104
1783081160708 0.42414878693773 105
1783081168706 0.4990659259980725 106
1783081176684 0.4096548521499875 107
