1783081057435 0.49148805962727976 92
1783081065280 0.4545401706118056 93
1783081073179 0.4952228709111291 94
1783081081027 0.25433937259438855 95
1783081088900 -0.010498146134998946 96
1783081096824 0.2337935251062997 97
1783081104745 -0.051311986977180535 98
1783081112654 -0.09875123025845048 99
1783081120572 0.016383003264273055 100
1783081128549 0.09410451333785254 101
1783081136664 -0.02157777501945694 102
1783081144660 0.2379733846573093 103
1783081152694 0.2727603699788229 104
1783081160708 0.05766499330890289 105
1783081168706 -0.03648136949799977 106
1783081176684 0.028727797945199564 107
