1783081017696 1.566976537068685 87
1783081025966 1.7784656335616253 88
1783081033913 1.8006385876260338 89
1783081041780 1.8553026761869265 90
1783081049612 1.8778092406866118 91
1783081057435 1.8997359981949435 92
1783081065280 1.910271349237926 93
1783081073179 1.9224101882706426 94
1783081081027 1.907425551176744 95
1783081088900 1.920880589949077 96
1783081096824 1.9101277760606645 97
1783081104745 1.878732394023114 98
1783081112654 1.9230431174823508 99
1783081120572 1.9176032334154958 100
1783081128549 1.9358905915860776 101
1783081136664 1.9266901020787497 102
1783081144660 1.933025842666626 103
1783081152694 1.9312654318460605 104
1783081160708 1.929823872652248 105
1783081168706 1.9479853272989094 106
1783081176684 1.95724423210701 107
