1783081017696 0.5859969019889831 87
1783081025966 0.5231784963607788 88
1783081033913 0.5290385460853577 89
1783081041780 0.5087067127227783 90
1783081049612 0.4911273467540741 91
1783081057435 0.47845385074615476 92
1783081065280 0.47003689408302307 93
1783081073179 0.4633816564083099 94
1783081081027 0.4150111424922943 95
1783081088900 0.34431881189346314 96
1783081096824 0.32483009457588197 97
1783081104745 0.30046367049217226 98
1783081112654 0.2841920655965805 99
1783081120572 0.2603398197889328 100
1783081128549 0.24830662906169892 101
1783081136664 0.23792027473449706 102
1783081144660 0.25949213683605193 103
1783081152694 0.23153823792934417 104
1783081160708 0.21507489681243896 105
1783081168706 0.19740858435630798 106
1783081176684 0.184554283618927 107
