1783081017696 0.8117544329728302 87
1783081025966 0.8162304915869117 88
1783081033913 0.8342404984500817 89
1783081041780 0.8368359035560283 90
1783081049612 0.8471571698287501 91
1783081057435 0.8711365558032504 92
1783081065280 0.8862746821439262 93
1783081073179 0.8931987087913056 94
1783081081027 0.8861132800963629 95
1783081088900 0.8924858702630704 96
1783081096824 0.889074719954672 97
1783081104745 0.89495059105175 98
1783081112654 0.9001067692088285 99
1783081120572 0.8898761808382478 100
1783081128549 0.9097070235575282 101
1783081136664 0.9103605508660759 102
1783081144660 0.8947025085799275 103
1783081152694 0.9063561457015471 104
1783081160708 0.9119817054831924 105
1783081168706 0.9230053751827059 106
1783081176684 0.9278025714379179 107
