1783081017696 0.9188487468671812 87
1783081025966 0.9479489065594576 88
1783081033913 0.9326897594913577 89
1783081041780 0.928856410925584 90
1783081049612 0.9374861595729977 91
1783081057435 0.924768257162378 92
1783081065280 0.9196430335534574 93
1783081073179 0.9343148025545522 94
1783081081027 0.9238698952587255 95
1783081088900 0.9445946333420785 96
1783081096824 0.9574858480421651 97
1783081104745 0.9481850305818962 98
1783081112654 0.9396979722155321 99
1783081120572 0.9517250258443126 100
1783081128549 0.9258054835770062 101
1783081136664 0.9609217439089193 102
1783081144660 0.9479672666995027 103
1783081152694 0.9548437268045236 104
1783081160708 0.9610258967817394 105
1783081168706 0.9703942329663886 106
1783081176684 0.9617679073932628 107
