1783081017696 0.09759108219723188 87
1783081025966 0.2847291744208322 88
1783081033913 0.31980849799235744 89
1783081041780 0.31781840652580295 90
1783081049612 0.38043104581934206 91
1783081057435 0.3548892304698187 92
1783081065280 0.3335363664489373 93
1783081073179 0.31364904943962907 94
1783081081027 0.27999244757408037 95
1783081088900 0.36325515036171224 96
1783081096824 0.39621118026597707 97
1783081104745 0.40091198197934214 98
1783081112654 0.41377985808429435 99
1783081120572 0.43252844438138427 100
1783081128549 0.46387588731793267 101
1783081136664 0.4546842373631573 102
1783081144660 0.4587419353161837 103
1783081152694 0.433931885226227 104
1783081160708 0.48246429643850985 105
1783081168706 0.38511248493972 106
1783081176684 0.4033857070819185 107
