1783081017696 1.3814069890975953 87
1783081025966 1.3636367702484131 88
1783081033913 1.3677032232284545 89
1783081041780 1.3645950317382813 90
1783081049612 1.3685361337661743 91
1783081057435 1.3433781480789184 92
1783081065280 1.3652958583831787 93
1783081073179 1.3648853063583375 94
1783081081027 1.317412223815918 95
1783081088900 1.300358395576477 96
1783081096824 1.2822253036499023 97
1783081104745 1.3034536361694335 98
1783081112654 1.30676242351532 99
1783081120572 1.325547637939453 100
1783081128549 1.331355757713318 101
1783081136664 1.3132810926437377 102
1783081144660 1.253588604927063 103
1783081152694 1.3324671173095703 104
1783081160708 1.2980383825302124 105
1783081168706 1.2997131824493409 106
1783081176684 1.2752467727661132 107
