1783081017696 1.508245701789856 87
1783081025966 1.4532550048828126 88
1783081033913 1.2622710657119751 89
1783081041780 1.151148760318756 90
1783081049612 1.0795948362350465 91
1783081057435 1.0401047611236571 92
1783081065280 0.9907371783256531 93
1783081073179 0.9797959661483765 94
1783081081027 0.9692059850692749 95
1783081088900 0.976444489955902 96
1783081096824 0.9699507164955139 97
1783081104745 0.9194539833068848 98
1783081112654 0.8851616215705872 99
1783081120572 0.8473902463912963 100
1783081128549 0.8857298398017883 101
1783081136664 0.8596173703670502 102
1783081144660 0.9359691262245178 103
1783081152694 0.8685750651359558 104
1783081160708 0.8690315568447113 105
1783081168706 0.8102042376995087 106
1783081176684 0.8039128959178925 107
