1783081017696 0.3051332051306963 87
1783081025966 0.14677059512585403 88
1783081033913 0.24663253732025622 89
1783081041780 0.285249736905098 90
1783081049612 0.28697995267808435 91
1783081057435 0.30014265403151513 92
1783081065280 0.3197073191753589 93
1783081073179 0.32453621804714206 94
1783081081027 0.32371713638305666 95
1783081088900 0.3198301343619823 96
1783081096824 0.3220905627310276 97
1783081104745 0.35098945723846553 98
1783081112654 0.36939137428998947 99
1783081120572 0.3905720691382885 100
1783081128549 0.3595128844678402 101
1783081136664 0.3855996537208557 102
1783081144660 0.33419757675379513 103
1783081152694 0.3742651560157537 104
1783081160708 0.3713399550318718 105
1783081168706 0.4121157866716385 106
1783081176684 0.4120203334093094 107
