1783081017696 0.578200101852417 87
1783081025966 0.4917960000038147 88
1783081033913 0.37194926023483277 89
1783081041780 0.23166273951530456 90
1783081049612 0.0869373095035553 91
1783081057435 0.033339071273803714 92
1783081065280 0.023591017723083495 93
1783081073179 0.01943762421607971 94
1783081081027 0.01777878999710083 95
1783081088900 0.026126535534858705 96
1783081096824 0.014392969012260438 97
1783081104745 0.022494161128997804 98
1783081112654 0.002757182717323303 99
1783081120572 0.007977316975593568 100
1783081128549 0.004055476188659668 101
1783081136664 0.009013044834136962 102
1783081144660 0.018111976981163024 103
1783081152694 0.002838134765625 104
1783081160708 0.013214564323425293 105
1783081168706 0.004739114642143249 106
1783081176684 0.002749675512313843 107
