1783081017696 8.7279567527771 87
1783081025966 7.562529830932617 88
1783081033913 6.60613582611084 89
1783081041780 6.0547808647155765 90
1783081049612 5.574731063842774 91
1783081057435 5.136932048797608 92
1783081065280 4.716425533294678 93
1783081073179 4.373334884643555 94
1783081081027 4.148383827209472 95
1783081088900 4.057356119155884 96
1783081096824 4.022366924285889 97
1783081104745 3.9787377643585207 98
1783081112654 3.9665252208709716 99
1783081120572 3.936953134536743 100
1783081128549 3.9295126819610595 101
1783081136664 3.916885871887207 102
1783081144660 3.9464238548278807 103
1783081152694 3.912718267440796 104
1783081160708 3.905377254486084 105
1783081168706 3.8856556034088134 106
1783081176684 3.8733443355560304 107
