1783081017696 3.98053272393429 87
1783081025966 3.9160657960235783 88
1783081033913 3.931952883097219 89
1783081041780 3.9198190589490167 90
1783081049612 3.9354353716395094 91
1783081057435 3.8473471835656046 92
1783081065280 3.9223800335376113 93
1783081073179 3.9214763906068173 94
1783081081027 3.752101159309299 95
1783081088900 3.6961180229554076 96
1783081096824 3.628992714007229 97
1783081104745 3.6957831241379053 98
1783081112654 3.710989884488245 99
1783081120572 3.7752345280369775 100
1783081128549 3.7961129982365076 101
1783081136664 3.7332030027300362 102
1783081144660 3.535244908556 103
1783081152694 3.8029821264468846 104
1783081160708 3.680880568600454 105
1783081168706 3.683866346977646 106
1783081176684 3.5980761592032406 107
