1783081017696 0.1532220795750618 87
1783081025966 0.14604360669851302 88
1783081033913 0.15492762565612794 89
1783081041780 0.14667679369449615 90
1783081049612 0.14215237528085709 91
1783081057435 0.13566429883241654 92
1783081065280 0.1338181334733963 93
1783081073179 0.1364937952160835 94
1783081081027 0.12968087434768677 95
1783081088900 0.1240195244550705 96
1783081096824 0.12811440855264664 97
1783081104745 0.12104779303073883 98
1783081112654 0.128075752556324 99
1783081120572 0.12515717387199402 100
1783081128549 0.12557803809642792 101
1783081136664 0.13380086570978164 102
1783081144660 0.11992075771093369 103
1783081152694 0.14490617752075197 104
1783081160708 0.13950125902891158 105
1783081168706 0.15190637081861497 106
1783081176684 0.15322778433561324 107
