1783081017696 0.06274414032697678 87
1783081025966 0.1949424247443676 88
1783081033913 2.1605671763420107 89
1783081041780 1.9651370668411254 90
1783081049612 1.3898897790908813 91
1783081057435 0.967305998802185 92
1783081065280 0.5745691895484925 93
1783081073179 0.2562884795665741 94
1783081081027 0.09793932080268859 95
1783081088900 0.05307190775871277 96
1783081096824 0.05286675505340099 97
1783081104745 0.053431292548775676 98
1783081112654 0.055072812214493755 99
1783081120572 0.0449508323520422 100
1783081128549 0.049022569954395294 101
1783081136664 0.050724037066102026 102
1783081144660 0.05223298281431198 103
1783081152694 0.04823784902691841 104
1783081160708 0.04782887570559979 105
1783081168706 0.05138075716793537 106
1783081176684 0.05121624268591404 107
