1783081017696 0.15287993133068084 87
1783081025966 0.1868053197860718 88
1783081033913 0.2034469562768936 89
1783081041780 0.2308518970012665 90
1783081049612 0.24310298323631285 91
1783081057435 0.23866271317005158 92
1783081065280 0.22904316306114197 93
1783081073179 0.25606631696224214 94
1783081081027 0.2710417449474335 95
1783081088900 0.2808121395111084 96
1783081096824 0.2365161406993866 97
1783081104745 0.20654159724712373 98
1783081112654 0.26493087530136106 99
1783081120572 0.2643919408321381 100
1783081128549 0.31677801728248595 101
1783081136664 0.3024207174777985 102
1783081144660 0.3179896032810211 103
1783081152694 0.31148549914360046 104
1783081160708 0.32237483143806456 105
1783081168706 0.3477058506011963 106
1783081176684 0.39170742392539976 107
