1783124043949 1.9034848511219025 119
1783124045164 1.903484841187795 120
1783124046439 1.9034849007924397 121
1783124047654 1.9034848709901173 122
1783124048878 1.9034848809242249 123
1783124050131 1.9034848809242249 124
1783124051374 1.9034848511219025 125
1783124052604 1.903484841187795 126
1783124053821 1.9034848809242249 127
1783124055052 1.90348482131958 128
1783124056299 1.9034848511219025 129
1783124057646 1.9034848511219025 130
1783124058905 1.903484841187795 131
1783124060251 1.9034848709901173 132
1783124061533 1.9034848709901173 133
1783124062794 1.9034848908583324 134
1783124064017 1.9034848809242249 135
1783124065249 1.9034848709901173 136
1783124066460 1.90348486105601 137
1783124067819 1.9034848709901173 138
1783124069179 1.9034848511219025 139
1783124070450 1.90348486105601 140
1783124071747 1.9034848809242249 141
1783124073055 1.9034848809242249 142
1783124074333 1.90348486105601 143
1783124075607 1.9034848908583324 144
1783124076974 1.90348486105601 145
1783124078306 1.90348486105601 146
1783124079573 1.9034848908583324 147
1783124080912 1.9034848908583324 148
