1783124043949 0.5471868763367335 119
1783124045164 0.5471868216991425 120
1783124046439 0.5471867521603903 121
1783124047654 0.547186811765035 122
1783124048878 0.5471868216991425 123
1783124050131 0.5471868614355723 124
1783124051374 0.5471868962049484 125
1783124052604 0.5471868018309275 126
1783124053821 0.5471868564685186 127
1783124055052 0.5471869111061096 128
1783124056299 0.5471868465344111 129
1783124057646 0.5471868316332499 130
1783124058905 0.5471869160731634 131
1783124060251 0.5471868912378947 132
1783124061533 0.5471868366003036 133
1783124062794 0.5471868067979813 134
1783124064017 0.5471868266661962 135
1783124065249 0.5471869061390559 136
1783124066460 0.5471868266661962 137
1783124067819 0.5471868167320887 138
1783124069179 0.5471868465344111 139
1783124070450 0.5471867720286051 140
1783124071747 0.5471869111061096 141
1783124073055 0.5471868266661962 142
1783124074333 0.5471869359413782 143
1783124075607 0.547186811765035 144
1783124076974 0.5471867968638738 145
1783124078306 0.547186921040217 146
1783124079573 0.5471869309743246 147
1783124080912 0.5471867720286051 148
