1783124043949 0.14198691149552664 119
1783124045164 0.1419869102537632 120
1783124046439 0.14198691273729006 121
1783124047654 0.14198690901199976 122
1783124048878 0.14198691273729006 123
1783124050131 0.14198691149552664 124
1783124051374 0.1419869065284729 125
1783124052604 0.1419869102537632 126
1783124053821 0.14198691273729006 127
1783124055052 0.14198691273729006 128
1783124056299 0.14198691149552664 129
1783124057646 0.14198690901199976 130
1783124058905 0.14198691149552664 131
1783124060251 0.14198691149552664 132
1783124061533 0.1419869065284729 133
1783124062794 0.14198690528670946 134
1783124064017 0.1419869102537632 135
1783124065249 0.14198691273729006 136
1783124066460 0.1419869102537632 137
1783124067819 0.14198690901199976 138
1783124069179 0.1419869139790535 139
1783124070450 0.14198691149552664 140
1783124071747 0.14198691149552664 141
1783124073055 0.14198691149552664 142
1783124074333 0.14198691149552664 143
1783124075607 0.1419869102537632 144
1783124076974 0.14198690901199976 145
1783124078306 0.1419869139790535 146
1783124079573 0.1419869139790535 147
1783124080912 0.14198691149552664 148
