1783124043949 0.18296126648783684 119
1783124045164 0.18296127021312714 120
1783124046439 0.18296126648783684 121
1783124047654 0.1829612689713637 122
1783124048878 0.18296126276254654 123
1783124050131 0.1829612652460734 124
1783124051374 0.18296126772960028 125
1783124052604 0.18296126772960028 126
1783124053821 0.18296126648783684 127
1783124055052 0.1829612652460734 128
1783124056299 0.1829612652460734 129
1783124057646 0.18296126772960028 130
1783124058905 0.18296126276254654 131
1783124060251 0.18296127021312714 132
1783124061533 0.18296127021312714 133
1783124062794 0.18296126648783684 134
1783124064017 0.18296126648783684 135
1783124065249 0.18296126772960028 136
1783124066460 0.18296126772960028 137
1783124067819 0.18296126648783684 138
1783124069179 0.18296126648783684 139
1783124070450 0.1829612689713637 140
1783124071747 0.18296126772960028 141
1783124073055 0.18296126276254654 142
1783124074333 0.18296126648783684 143
1783124075607 0.1829612652460734 144
1783124076974 0.18296127021312714 145
1783124078306 0.18296126648783684 146
1783124079573 0.1829612652460734 147
1783124080912 0.18296126648783684 148
