1783124043949 3.9478636079121947 119
1783124045164 3.947863686161996 120
1783124046439 3.9478637258341482 121
1783124047654 3.9478636468067907 122
1783124048878 3.9478637646499486 123
1783124050131 3.947863568308852 124
1783124051374 3.9478637646867 125
1783124052604 3.947863686400533 126
1783124053821 3.9478636077578404 127
1783124055052 3.947863725062852 128
1783124056299 3.9478635685929615 129
1783124057646 3.947863529579735 130
1783124058905 3.947863528990149 131
1783124060251 3.9478636077812532 132
1783124061533 3.9478635684812438 133
1783124062794 3.947863725496406 134
1783124064017 3.9478636472364577 135
1783124065249 3.947863568860169 136
1783124066460 3.9478636860995366 137
1783124067819 3.947863647138446 138
1783124069179 3.947863489908745 139
1783124070450 3.947863686351188 140
1783124071747 3.9478636076484896 141
1783124073055 3.947863568492797 142
1783124074333 3.9478636859266873 143
1783124075607 3.947863646984716 144
1783124076974 3.947863568619858 145
1783124078306 3.947863686436499 146
1783124079573 3.9478636470030124 147
1783124080912 3.947863490127775 148
