1783124043949 3.9207377611508263 119
1783124045164 3.9207377611508263 120
1783124046439 3.9207377611508263 121
1783124047654 3.9207382285392174 122
1783124048878 3.9207382285392174 123
1783124050131 3.9207382285392174 124
1783124051374 3.9207382285392174 125
1783124052604 3.9207377611508263 126
1783124053821 3.9207382285392174 127
1783124055052 3.9207382285392174 128
1783124056299 3.9207382285392174 129
1783124057646 3.9207377611508263 130
1783124058905 3.9207382285392174 131
1783124060251 3.9207382285392174 132
1783124061533 3.9207382285392174 133
1783124062794 3.920738695927664 134
1783124064017 3.9207382285392174 135
1783124065249 3.9207377611508263 136
1783124066460 3.920738695927664 137
1783124067819 3.9207377611508263 138
1783124069179 3.9207382285392174 139
1783124070450 3.9207377611508263 140
1783124071747 3.9207382285392174 141
1783124073055 3.9207382285392174 142
1783124074333 3.9207382285392174 143
1783124075607 3.9207382285392174 144
1783124076974 3.9207377611508263 145
1783124078306 3.9207377611508263 146
1783124079573 3.9207382285392174 147
1783124080912 3.9207377611508263 148
