1783124043949 0.7353125973181291 119
1783124045164 0.7325200167569247 120
1783124046439 0.7298206741159613 121
1783124047654 0.7274230772798712 122
1783124048878 0.725525828925046 123
1783124050131 0.7089763337915594 124
1783124051374 0.7226072929122231 125
1783124052604 0.6994212188503959 126
1783124053821 0.71997854384509 127
1783124055052 0.7190623716874556 128
1783124056299 0.7018531344153665 129
1783124057646 0.7157087922096252 130
1783124058905 0.7134280746633356 131
1783124060251 0.7106974179094488 132
1783124061533 0.7103745124556802 133
1783124062794 0.703240156173706 134
1783124064017 0.701848263090307 135
1783124065249 0.6923727555708452 136
1783124066460 0.6079189018769697 137
1783124067819 0.6695522313768213 138
1783124069179 0.6552492190491069 139
1783124070450 0.637195801193064 140
1783124071747 0.5934714458205483 141
1783124073055 0.5748965387994592 142
1783124074333 0.5208155079321428 143
1783124075607 0.44287183068015357 144
1783124076974 0.34051088853315875 145
1783124078306 0.24311501871455798 146
1783124079573 0.17325558818199419 147
1783124080912 0.14011447919024664 148
