1783124043949 5.260994116465251 119
1783124045164 5.163460731506348 120
1783124046439 5.067793329556783 121
1783124047654 4.974096894264221 122
1783124048878 4.883114258448283 123
1783124050131 4.794194420178731 124
1783124051374 4.705856402715047 125
1783124052604 4.622444788614909 126
1783124053821 4.539369583129883 127
1783124055052 4.460777997970581 128
1783124056299 4.386073629061381 129
1783124057646 4.315192659695943 130
1783124058905 4.2494797706604 131
1783124060251 4.189455072085063 132
1783124061533 4.136752446492513 133
1783124062794 4.08971780538559 134
1783124064017 4.052846848964691 135
1783124065249 4.02230304479599 136
1783124066460 4.000836710135142 137
1783124067819 3.9853354493776956 138
1783124069179 3.9733948707580566 139
1783124070450 3.9632621606191 140
1783124071747 3.954031467437744 141
1783124073055 3.9446053306261697 142
1783124074333 3.9354013403256736 143
1783124075607 3.926154136657715 144
1783124076974 3.9166985352834067 145
1783124078306 3.907420893510183 146
1783124079573 3.897906502087911 147
1783124080912 3.8882692456245422 148
