1783124043949 0.5837086698030833 119
1783124045164 0.5837086966379645 120
1783124046439 0.5837086983650552 121
1783124047654 0.5837086428417452 122
1783124048878 0.5837085934390581 123
1783124050131 0.5837089784227908 124
1783124051374 0.5837090835219818 125
1783124052604 0.5837091041761192 126
1783124053821 0.5837083791301105 127
1783124055052 0.583708422399703 128
1783124056299 0.5837085967536686 129
1783124057646 0.5837081238927802 130
1783124058905 0.5837095224020106 131
1783124060251 0.583709078566923 132
1783124061533 0.5837085396078345 133
1783124062794 0.5837086506179575 134
1783124064017 0.5837091902892297 135
1783124065249 0.58370858860683 136
1783124066460 0.5837081957413183 137
1783124067819 0.583708250547472 138
1783124069179 0.5837082920751927 139
1783124070450 0.5837086802027943 140
1783124071747 0.5837087877913629 141
1783124073055 0.5837083402086786 142
1783124074333 0.5837084005700188 143
1783124075607 0.5837098681998238 144
1783124076974 0.5837087695804861 145
1783124078306 0.5837088512058837 146
1783124079573 0.5837086510392526 147
1783124080912 0.583709104153392 148
