1783124043949 0.6825350604645194 119
1783124045164 0.68253502780444 120
1783124046439 0.6825350180064162 121
1783124047654 0.6825350016763766 122
1783124048878 0.6825350604645194 123
1783124050131 0.6825350441344796 124
1783124051374 0.6825350376024638 125
1783124052604 0.6825350147404082 126
1783124053821 0.6825350506664956 127
1783124055052 0.6825350114744003 128
1783124056299 0.6825349951443607 129
1783124057646 0.6825350343364559 130
1783124058905 0.6825349951443607 131
1783124060251 0.6825349755483131 132
1783124061533 0.6825349886123449 133
1783124062794 0.6825350506664956 134
1783124064017 0.682535073528551 135
1783124065249 0.6825350114744003 136
1783124066460 0.6825350408684717 137
1783124067819 0.6825349951443607 138
1783124069179 0.6825350245384321 139
1783124070450 0.6825349886123449 140
1783124071747 0.6825349984103686 141
1783124073055 0.6825350474004876 142
1783124074333 0.6825350245384321 143
1783124075607 0.6825350082083924 144
1783124076974 0.6825350082083924 145
1783124078306 0.6825349853463369 146
1783124079573 0.682535031070448 147
1783124080912 0.682535031070448 148
