1783124043949 0.2853025794029236 119
1783124045164 0.28530246019363403 120
1783124046439 0.2853024899959564 121
1783124047654 0.2853025496006012 122
1783124048878 0.2935386598110199 123
1783124050131 0.26684126257896423 124
1783124051374 0.2853024899959564 125
1783124052604 0.26669254899024963 126
1783124053821 0.2853024899959564 127
1783124055052 0.2853025197982788 128
1783124056299 0.29440584778785706 129
1783124057646 0.2853024899959564 130
1783124058905 0.2853025496006012 131
1783124060251 0.2853025496006012 132
1783124061533 0.2905740439891815 133
1783124062794 0.2853024899959564 134
1783124064017 0.29860231280326843 135
1783124065249 0.28530260920524597 136
1783124066460 0.23776103556156158 137
1783124067819 0.26139867305755615 138
1783124069179 0.2853024899959564 139
1783124070450 0.2853025197982788 140
1783124071747 0.2948114275932312 141
1783124073055 0.2853024899959564 142
1783124074333 0.2853025197982788 143
1783124075607 0.2853024899959564 144
1783124076974 0.2935270369052887 145
1783124078306 0.2853025197982788 146
1783124079573 0.2853024899959564 147
1783124080912 0.2853025496006012 148
