1783124043949 0.3501768883529908 119
1783124045164 0.35017643287608335 120
1783124046439 0.350174709470789 121
1783124047654 0.3501753465435406 122
1783124048878 0.3501774247449053 123
1783124050131 0.35017683584525305 124
1783124051374 0.35017520734125335 125
1783124052604 0.35017904138954975 126
1783124053821 0.35017332944886753 127
1783124055052 0.3501777391844788 128
1783124056299 0.3501738532063575 129
1783124057646 0.35017408103924214 130
1783124058905 0.35017919709159023 131
1783124060251 0.3501749186983707 132
1783124061533 0.35017322484429547 133
1783124062794 0.3501794116618804 134
1783124064017 0.350175945511634 135
1783124065249 0.3501734207438349 136
1783124066460 0.3501772090652102 137
1783124067819 0.3501750060352367 138
1783124069179 0.3501753597871472 139
1783124070450 0.35017578076207334 140
1783124071747 0.35017768303313923 141
1783124073055 0.35017523404872053 142
1783124074333 0.35017401495571976 143
1783124075607 0.3501762978141982 144
1783124076974 0.35017944142921154 145
1783124078306 0.35017613076462 146
1783124079573 0.3501745466724574 147
1783124080912 0.35017622245509755 148
