1783124043949 0.5259486968424015 119
1783124045164 0.5259507997688293 120
1783124046439 0.5259513622536054 121
1783124047654 0.5259497883530337 122
1783124048878 0.5259514073148371 123
1783124050131 0.5259503971597803 124
1783124051374 0.5259496091604512 125
1783124052604 0.5259522274183999 126
1783124053821 0.525952007204912 127
1783124055052 0.5259503622354462 128
1783124056299 0.5259484115533942 129
1783124057646 0.5259496532340681 130
1783124058905 0.5259518555043726 131
1783124060251 0.5259514754085154 132
1783124061533 0.5259487839734859 133
1783124062794 0.5259516306925897 134
1783124064017 0.5259502452707171 135
1783124065249 0.5259505782822811 136
1783124066460 0.5259499725913465 137
1783124067819 0.525949157250485 138
1783124069179 0.5259513180719173 139
1783124070450 0.5259515236356225 140
1783124071747 0.5259527616773839 141
1783124073055 0.5259518461103594 142
1783124074333 0.5259503907020183 143
1783124075607 0.5259492726115853 144
1783124076974 0.5259510916331568 145
1783124078306 0.5259516055787029 146
1783124079573 0.5259506297997576 147
1783124080912 0.5259512689620803 148
