1783124043949 0.5572836236520247 119
1783124045164 0.5572836615822532 120
1783124046439 0.557283650745045 121
1783124047654 0.557283645326441 122
1783124048878 0.557283650745045 123
1783124050131 0.5572836290706288 124
1783124051374 0.5572836344892328 125
1783124052604 0.557283650745045 126
1783124053821 0.5572836561636492 127
1783124055052 0.557283645326441 128
1783124056299 0.5572836290706288 129
1783124057646 0.5572836236520247 130
1783124058905 0.5572836344892328 131
1783124060251 0.5572836236520247 132
1783124061533 0.5572836236520247 133
1783124062794 0.5572836344892328 134
1783124064017 0.5572836344892328 135
1783124065249 0.5572836344892328 136
1783124066460 0.5572836236520247 137
1783124067819 0.5572836182334207 138
1783124069179 0.5572836290706288 139
1783124070450 0.557283645326441 140
1783124071747 0.5572836290706288 141
1783124073055 0.5572836344892328 142
1783124074333 0.5572836073962125 143
1783124075607 0.5572836561636492 144
1783124076974 0.5572836182334207 145
1783124078306 0.5572836344892328 146
1783124079573 0.5572836399078369 147
1783124080912 0.5572836290706288 148
