1783124043949 0.25549033284187317 119
1783124045164 0.25549039244651794 120
1783124046439 0.25549033284187317 121
1783124047654 0.2554903030395508 122
1783124048878 0.23418386280536652 123
1783124050131 0.2693694233894348 124
1783124051374 0.25549039244651794 125
1783124052604 0.26909127831459045 126
1783124053821 0.25549036264419556 127
1783124055052 0.25549039244651794 128
1783124056299 0.2635064423084259 129
1783124057646 0.25549036264419556 130
1783124058905 0.25549033284187317 131
1783124060251 0.25549033284187317 132
1783124061533 0.2603799104690552 133
1783124062794 0.25549033284187317 134
1783124064017 0.23883657157421112 135
1783124065249 0.25549033284187317 136
1783124066460 0.2726585566997528 137
1783124067819 0.2641483247280121 138
1783124069179 0.25549039244651794 139
1783124070450 0.25549033284187317 140
1783124071747 0.26376649737358093 141
1783124073055 0.25549033284187317 142
1783124074333 0.25549039244651794 143
1783124075607 0.25549039244651794 144
1783124076974 0.2341029793024063 145
1783124078306 0.25549036264419556 146
1783124079573 0.25549039244651794 147
1783124080912 0.2554902732372284 148
