1783124043949 1.9489545822143555 119
1783124045164 1.9489544907661334 120
1783124046439 1.948954412381943 121
1783124047654 1.9489544646380699 122
1783124048878 1.9489544254459747 123
1783124050131 1.9489545168941969 124
1783124051374 1.9489544254459747 125
1783124052604 1.9489543993179113 126
1783124053821 1.9489544385100064 127
1783124055052 1.9489544254459747 128
1783124056299 1.9489544254459747 129
1783124057646 1.948954412381943 130
1783124058905 1.9489544907661334 131
1783124060251 1.948954556086292 132
1783124061533 1.948954556086292 133
1783124062794 1.948954412381943 134
1783124064017 1.9489544777021015 135
1783124065249 1.948954503830165 136
1783124066460 1.9489543993179113 137
1783124067819 1.9489543993179113 138
1783124069179 1.9489543731898478 139
1783124070450 1.9489545430222603 140
1783124071747 1.9489544515740382 141
1783124073055 1.9489545168941969 142
1783124074333 1.9489545168941969 143
1783124075607 1.9489543993179113 144
1783124076974 1.9489545299582285 145
1783124078306 1.948954412381943 146
1783124079573 1.948954503830165 147
1783124080912 1.9489544777021015 148
