1783124043949 0.1850225180387497 119
1783124045164 0.1850225329399109 120
1783124046439 0.18502254784107208 121
1783124047654 0.1850225180387497 122
1783124048878 0.19018137454986572 123
1783124050131 0.17484743893146515 124
1783124051374 0.18502254784107208 125
1783124052604 0.17551957070827484 126
1783124053821 0.1850225180387497 127
1783124055052 0.18502257764339447 128
1783124056299 0.19060681760311127 129
1783124057646 0.1850225180387497 130
1783124058905 0.1850225180387497 131
1783124060251 0.18502254784107208 132
1783124061533 0.16979952156543732 133
1783124062794 0.1850225329399109 134
1783124064017 0.17558449506759644 135
1783124065249 0.1850224882364273 136
1783124066460 0.1968151181936264 137
1783124067819 0.1908143311738968 138
1783124069179 0.18502254784107208 139
1783124070450 0.18502254784107208 140
1783124071747 0.1904415637254715 141
1783124073055 0.1850225329399109 142
1783124074333 0.18502254784107208 143
1783124075607 0.1850225329399109 144
1783124076974 0.1902846097946167 145
1783124078306 0.18502254784107208 146
1783124079573 0.1850225329399109 147
1783124080912 0.18502257764339447 148
