1783124043949 3.0 119
1783124045164 3.0 120
1783124046439 3.0 121
1783124047654 3.0 122
1783124048878 3.0 123
1783124050131 3.0 124
1783124051374 3.0 125
1783124052604 3.0 126
1783124053821 3.0 127
1783124055052 3.0 128
1783124056299 3.0 129
1783124057646 3.0 130
1783124058905 3.0 131
1783124060251 3.0 132
1783124061533 3.0 133
1783124062794 3.0 134
1783124064017 3.0 135
1783124065249 3.0 136
1783124066460 3.0 137
1783124067819 3.0 138
1783124069179 3.0 139
1783124070450 3.0 140
1783124071747 3.0 141
1783124073055 3.0 142
1783124074333 3.0 143
1783124075607 3.0 144
1783124076974 2.0 145
1783124078306 2.0 146
1783124079573 2.0 147
1783124080912 2.0 148
