1783124043949 0.6220839818318685 119
1783124045164 0.6220839619636536 120
1783124046439 0.6220839470624924 121
1783124047654 0.6220839222272238 122
1783124048878 0.6211641033490499 123
1783124050131 0.6241768697897593 124
1783124051374 0.622083971897761 125
1783124052604 0.6239802787701288 126
1783124053821 0.622083937128385 127
1783124055052 0.6220839669307073 128
1783124056299 0.6212998529275259 129
1783124057646 0.6220839470624924 130
1783124058905 0.62208391726017 131
1783124060251 0.6220839420954386 132
1783124061533 0.6240047266085943 133
1783124062794 0.6220839420954386 134
1783124064017 0.6228840400775274 135
1783124065249 0.6220839122931162 136
1783124066460 0.6217557142178217 137
1783124067819 0.6219284584124883 138
1783124069179 0.6220839520295461 139
1783124070450 0.6220839669307073 140
1783124071747 0.621322900056839 141
1783124073055 0.6220839520295461 142
1783124074333 0.6220839420954386 143
1783124075607 0.6220839768648148 144
1783124076974 0.6212440878152847 145
1783124078306 0.6220839470624924 146
1783124079573 0.6220839520295461 147
1783124080912 0.6220839321613312 148
