1783124043949 0.20293961600823837 119
1783124045164 0.2017400928518989 120
1783124046439 0.200800916349346 121
1783124047654 0.20015845515511252 122
1783124048878 0.19984599135138773 123
1783124050131 0.20128474926406686 124
1783124051374 0.19968106665394522 125
1783124052604 0.1936896385794336 126
1783124053821 0.19960308786142955 127
1783124055052 0.1996763307939876 128
1783124056299 0.1995008879087188 129
1783124057646 0.1991413286463781 130
1783124058905 0.1986296336081895 131
1783124060251 0.19795964895324272 132
1783124061533 0.19707255878231741 133
1783124062794 0.1959744437851689 134
1783124064017 0.19682068716395984 135
1783124065249 0.19303441284732384 136
1783124066460 0.1796890084039081 137
1783124067819 0.18657014654441315 138
1783124069179 0.182792434299534 139
1783124070450 0.17813575233925472 140
1783124071747 0.16607128739864987 141
1783124073055 0.16248844809491525 142
1783124074333 0.14907462065192786 143
1783124075607 0.1292656074193391 144
1783124076974 0.10144160450859503 145
1783124078306 0.07073356651447037 146
1783124079573 0.045090739699927246 147
1783124080912 0.03129809214310213 148
