1783124043949 1.373188316822052 119
1783124045164 1.3731883466243744 120
1783124046439 1.3731883366902669 121
1783124047654 1.373188316822052 122
1783124048878 1.3487975398699443 123
1783124050131 1.3258600135644276 124
1783124051374 1.3731883267561595 125
1783124052604 1.3261050184567769 126
1783124053821 1.373188316822052 127
1783124055052 1.3731883267561595 128
1783124056299 1.3488857944806416 129
1783124057646 1.373188316822052 130
1783124058905 1.3731883366902669 131
1783124060251 1.3731883068879445 132
1783124061533 1.3502890666325886 133
1783124062794 1.373188356558482 134
1783124064017 1.326162427663803 135
1783124065249 1.3731882969538372 136
1783124066460 1.324944367011388 137
1783124067819 1.3490266700585682 138
1783124069179 1.3731883466243744 139
1783124070450 1.3731883366902669 140
1783124071747 1.3487989207108815 141
1783124073055 1.3731883267561595 142
1783124074333 1.3731883466243744 143
1783124075607 1.3731883267561595 144
1783124076974 1.3488350212574005 145
1783124078306 1.373188356558482 146
1783124079573 1.3731883267561595 147
1783124080912 1.373188356558482 148
