1783124043949 0.919210265080134 119
1783124045164 0.9182212650775909 120
1783124046439 0.9172045787175497 121
1783124047654 0.916227862238884 122
1783124048878 0.9143798053264618 123
1783124050131 0.9099870870510737 124
1783124051374 0.9138071735699972 125
1783124052604 0.904648040731748 126
1783124053821 0.9123729169368744 127
1783124055052 0.9117690026760101 128
1783124056299 0.905711422363917 129
1783124057646 0.9101577053467432 130
1783124058905 0.9091713925202688 131
1783124060251 0.9080385764439901 132
1783124061533 0.907777284582456 133
1783124062794 0.9050801197687784 134
1783124064017 0.903031051158905 135
1783124065249 0.9008653263250986 136
1783124066460 0.8657570530970892 137
1783124067819 0.8734305649995804 138
1783124069179 0.8868479579687119 139
1783124070450 0.8796970546245575 140
1783124071747 0.861958513657252 141
1783124073055 0.8535085469484329 142
1783124074333 0.8285820335149765 143
1783124075607 0.7882657001415888 144
1783124076974 0.7233342031637827 145
1783124078306 0.6497191389401754 146
1783124079573 0.5807637770970663 147
1783124080912 0.5411590114235878 148
