1783124043949 0.08078973491986592 119
1783124045164 0.08177873492240906 120
1783124046439 0.08279542128245036 121
1783124047654 0.08377213776111603 122
1783124048878 0.08562019467353821 123
1783124050131 0.09001291294892629 124
1783124051374 0.08619282643000285 125
1783124052604 0.09535195926825206 126
1783124053821 0.08762708306312561 127
1783124055052 0.08823099732398987 128
1783124056299 0.09428857763608296 129
1783124057646 0.08984229465325673 130
1783124058905 0.09082860747973125 131
1783124060251 0.09196142355600993 132
1783124061533 0.09222271541754405 133
1783124062794 0.09491988023122151 134
1783124064017 0.09696894884109497 135
1783124065249 0.09913467367490132 136
1783124066460 0.13424294690291086 137
1783124067819 0.12656943500041962 138
1783124069179 0.11315204203128815 139
1783124070450 0.1203029453754425 140
1783124071747 0.13804148634274802 141
1783124073055 0.14649145305156708 142
1783124074333 0.1714179664850235 143
1783124075607 0.21173429985841116 144
1783124076974 0.2766657968362172 145
1783124078306 0.35028086105982464 146
1783124079573 0.4192362229029338 147
1783124080912 0.4588409910599391 148
