1783124043949 0.3493993828694026 119
1783124045164 0.34939929842948914 120
1783124046439 0.349399134516716 121
1783124047654 0.3493991394837697 122
1783124048878 0.34939925372600555 123
1783124050131 0.3493993530670802 124
1783124051374 0.3493993878364563 125
1783124052604 0.3493992139895757 126
1783124053821 0.34939920405546826 127
1783124055052 0.34939928352832794 128
1783124056299 0.3493990699450175 129
1783124057646 0.34939918915430707 130
1783124058905 0.34939924875895184 131
1783124060251 0.3493990848461787 132
1783124061533 0.3493991394837697 133
1783124062794 0.3493994226058324 134
1783124064017 0.34939931829770404 135
1783124065249 0.3493991643190384 136
1783124066460 0.349399209022522 137
1783124067819 0.3493991941213608 138
1783124069179 0.3493991444508235 139
1783124070450 0.3493992934624354 140
1783124071747 0.3493994325399399 141
1783124073055 0.3493993083635966 142
1783124074333 0.34939927359422046 143
1783124075607 0.3493993630011876 144
1783124076974 0.3493991990884145 145
1783124078306 0.34939902027448017 146
1783124079573 0.34939934810002643 147
1783124080912 0.34939917425314587 148
