1783124043949 0.04517651597658793 119
1783124045164 0.04517648617426554 120
1783124046439 0.04517643650372823 121
1783124047654 0.045176491141319275 122
1783124048878 0.045176535844802856 123
1783124050131 0.045176525910695396 124
1783124051374 0.04517646630605062 125
1783124052604 0.04517644147078196 126
1783124053821 0.04517647127310435 127
1783124055052 0.04517650604248047 128
1783124056299 0.04517650604248047 129
1783124057646 0.045176491141319275 130
1783124058905 0.045176456371943154 131
1783124060251 0.04517646133899689 132
1783124061533 0.04517648617426554 133
1783124062794 0.04517654577891032 134
1783124064017 0.04517649610837301 135
1783124065249 0.04517645140488943 136
1783124066460 0.04517643650372823 137
1783124067819 0.04517648617426554 138
1783124069179 0.04517644147078196 139
1783124070450 0.04517649610837301 140
1783124071747 0.045176501075426735 141
1783124073055 0.04517646133899689 142
1783124074333 0.04517656068007151 143
1783124075607 0.045176555713017784 144
1783124076974 0.045176481207211815 145
1783124078306 0.04517642160256704 146
1783124079573 0.0451765110095342 147
1783124080912 0.0451764315366745 148
