1783124043949 0.16985639929771423 119
1783124045164 0.1698564738035202 120
1783124046439 0.16985633969306946 121
1783124047654 0.16985636949539185 122
1783124048878 0.0 123
1783124050131 0.0 124
1783124051374 0.16985639929771423 125
1783124052604 0.0 126
1783124053821 0.16985653340816498 127
1783124055052 0.16985639929771423 128
1783124056299 0.0 129
1783124057646 0.16985654830932617 130
1783124058905 0.169856458902359 131
1783124060251 0.16985641419887543 132
1783124061533 0.0 133
1783124062794 0.1698565036058426 134
1783124064017 0.0 135
1783124065249 0.16985639929771423 136
1783124066460 0.0 137
1783124067819 0.0 138
1783124069179 0.1698565036058426 139
1783124070450 0.16985642910003662 140
1783124071747 0.0 141
1783124073055 0.16985644400119781 142
1783124074333 0.1698564887046814 143
1783124075607 0.16985632479190826 144
1783124076974 0.0 145
1783124078306 0.169856458902359 146
1783124079573 0.1698565036058426 147
1783124080912 0.169856458902359 148
