1783124043949 0.25583134964108467 119
1783124045164 0.2558313459157944 120
1783124046439 0.25583135212461156 121
1783124047654 0.25583134964108467 122
1783124048878 0.25583134839932126 123
1783124050131 0.2558313546081384 124
1783124051374 0.25583134839932126 125
1783124052604 0.25583134467403096 126
1783124053821 0.2558313459157944 127
1783124055052 0.25583134839932126 128
1783124056299 0.2558313508828481 129
1783124057646 0.25583134964108467 130
1783124058905 0.2558313471575578 131
1783124060251 0.25583134839932126 132
1783124061533 0.25583134839932126 133
1783124062794 0.25583134839932126 134
1783124064017 0.25583134964108467 135
1783124065249 0.25583135212461156 136
1783124066460 0.25583134839932126 137
1783124067819 0.25583134964108467 138
1783124069179 0.25583134964108467 139
1783124070450 0.25583134839932126 140
1783124071747 0.25583134964108467 141
1783124073055 0.2558313471575578 142
1783124074333 0.25583135212461156 143
1783124075607 0.25583134964108467 144
1783124076974 0.2558313508828481 145
1783124078306 0.2558313471575578 146
1783124079573 0.2558313471575578 147
1783124080912 0.2558313471575578 148
