1782947671737 0.8916422923405966 121
1782947676613 0.8916420737902323 122
1782947678882 0.8916420340538025 123
1782947679603 0.891642153263092 124
1782947680677 0.8916420936584473 125
1782947681391 0.8916419744491577 126
1782947682498 0.8916419943173727 127
1782947683224 0.8916420936584473 128
1782947684312 0.8916419744491577 129
1782947685019 0.8916421929995219 130
1782947686097 0.8916420340538025 131
1782947686808 0.8916420141855875 132
1782947688003 0.8916420340538025 133
1782947688725 0.8916419347127279 134
1782947689824 0.8916421929995219 135
1782947690532 0.8916421929995219 136
1782947691627 0.8916420340538025 137
1782947692374 0.8916420936584473 138
1782947693473 0.891641894976298 139
1782947694184 0.8916420340538025 140
