1782947671737 0.01603680197149515 121
1782947676613 0.016036801350613434 122
1782947678882 0.016036801350613434 123
1782947679603 0.016036801350613434 124
1782947680677 0.016036801350613434 125
1782947681391 0.016036801350613434 126
1782947682498 0.016036801350613434 127
1782947683224 0.016036801350613434 128
1782947684312 0.016036801350613434 129
1782947685019 0.016036801350613434 130
1782947686097 0.016036801350613434 131
1782947686808 0.016036801350613434 132
1782947688003 0.016036801350613434 133
1782947688725 0.016036801350613434 134
1782947689824 0.016036801350613434 135
1782947690532 0.016036801350613434 136
1782947691627 0.016036801350613434 137
1782947692374 0.016036801350613434 138
1782947693473 0.016036801350613434 139
1782947694184 0.016036801350613434 140
