1782947671737 0.04059508567055067 121
1782947676613 0.04059509187936783 122
1782947678882 0.04059509187936783 123
1782947679603 0.04059509187936783 124
1782947680677 0.04059509187936783 125
1782947681391 0.04059509187936783 126
1782947682498 0.04059509187936783 127
1782947683224 0.04059509187936783 128
1782947684312 0.04059509187936783 129
1782947685019 0.04059509187936783 130
1782947686097 0.04059509187936783 131
1782947686808 0.04059509187936783 132
1782947688003 0.04059509187936783 133
1782947688725 0.04059509187936783 134
1782947689824 0.04059509187936783 135
1782947690532 0.04059509187936783 136
1782947691627 0.04059509187936783 137
1782947692374 0.04059509187936783 138
1782947693473 0.04059509187936783 139
1782947694184 0.04059509187936783 140
