1782947671737 7.81999397277832 121
1782947676613 7.819993813832601 122
1782947678882 7.81999413172404 123
1782947679603 7.819993813832601 124
1782947680677 7.819993336995442 125
1782947681391 7.819993336995442 126
1782947682498 7.819992542266846 127
1782947683224 7.819992542266846 128
1782947684312 7.819992542266846 129
1782947685019 7.819990952809651 130
1782947686097 7.819990952809651 131
1782947686808 7.819990952809651 132
1782947688003 7.819990952809651 133
1782947688725 7.819990952809651 134
1782947689824 7.819990952809651 135
1782947690532 7.819990952809651 136
1782947691627 7.819990952809651 137
1782947692374 7.819990952809651 138
1782947693473 7.819990952809651 139
1782947694184 7.819990952809651 140
