1782947671737 1.4232289163689864 121
1782947676613 1.4232288159822162 122
1782947678882 1.4232288159822162 123
1782947679603 1.4232289163689864 124
1782947680677 1.4232288159822162 125
1782947681391 1.4232289163689864 126
1782947682498 1.4232289163689864 127
1782947683224 1.4232289163689864 128
1782947684312 1.4232289665623714 129
1782947685019 1.4232288159822162 130
1782947686097 1.4232288661756014 131
1782947686808 1.4232288159822162 132
1782947688003 1.4232289163689864 133
1782947688725 1.4232289163689864 134
1782947689824 1.4232290167557566 135
1782947690532 1.4232289163689864 136
1782947691627 1.4232289163689864 137
1782947692374 1.4232288661756014 138
1782947693473 1.4232288159822162 139
1782947694184 1.4232289163689864 140
