1782947671737 0.5748268081455574 121
1782947676613 0.574826330902923 122
1782947678882 0.5748273850225601 123
1782947679603 0.5748269732325841 124
1782947680677 0.5748269732325841 125
1782947681391 0.5748268081455574 126
1782947682498 0.5748259698562203 127
1782947683224 0.5748268081455574 128
1782947684312 0.5748269960728486 129
1782947685019 0.574826955214002 130
1782947686097 0.574826661077038 131
1782947686808 0.5748261349433959 132
1782947688003 0.5748274209591475 133
1782947688725 0.5748273670041102 134
1782947689824 0.5748259698562203 135
1782947690532 0.5748261349433959 136
1782947691627 0.5748270368300792 137
1782947692374 0.5748261169248141 138
1782947693473 0.5748265842828121 139
1782947694184 0.5748264779713277 140
