1782947671737 -0.050277884852986884 121
1782947676613 -0.05027787153191364 122
1782947678882 -0.05027786006890448 123
1782947679603 -0.050277865607963136 124
1782947680677 -0.05027788579399296 125
1782947681391 -0.05027787386557604 126
1782947682498 -0.05027786819036351 127
1782947683224 -0.05027786918077724 128
1782947684312 -0.05027787841577388 129
1782947685019 -0.05027788356490334 130
1782947686097 -0.05027781989850603 131
1782947686808 -0.050277917442876824 132
1782947688003 -0.050277891494895796 133
1782947688725 -0.05027785109515522 134
1782947689824 -0.050277899489351165 135
1782947690532 -0.05027787306074589 136
1782947691627 -0.05027787728617652 137
1782947692374 -0.05027786365939155 138
1782947693473 -0.050277822031384506 139
1782947694184 -0.05027788190869087 140
