1782947671737 1.3506232261657716 121
1782947676613 1.3506232261657716 122
1782947678882 1.350623321533203 123
1782947679603 1.3506231307983398 124
1782947680677 1.3506231307983398 125
1782947681391 1.3506232261657716 126
1782947682498 1.3506231307983398 127
1782947683224 1.3506232261657716 128
1782947684312 1.350623321533203 129
1782947685019 1.3506232261657716 130
1782947686097 1.3506232261657716 131
1782947686808 1.3506231307983398 132
1782947688003 1.350623321533203 133
1782947688725 1.350623321533203 134
1782947689824 1.3506231307983398 135
1782947690532 1.3506231307983398 136
1782947691627 1.350623321533203 137
1782947692374 1.3506231307983398 138
1782947693473 1.3506231307983398 139
1782947694184 1.3506232261657716 140
