1782947671737 0.02698259683031785 121
1782947676613 0.02698258820332979 122
1782947678882 0.026982599183132772 123
1782947679603 0.026982590556144714 124
1782947680677 0.02698259290895964 125
1782947681391 0.026982607810120834 126
1782947682498 0.026982595261774565 127
1782947683224 0.026982595261774565 128
1782947684312 0.02698259683031785 129
1782947685019 0.026982601535947698 130
1782947686097 0.026982594477502925 131
1782947686808 0.02698259369323128 132
1782947688003 0.02698259839886113 133
1782947688725 0.02698259839886113 134
1782947689824 0.026982591340416355 135
1782947690532 0.026982592124688 136
1782947691627 0.026982596046046206 137
1782947692374 0.026982592124688 138
1782947693473 0.026982599183132772 139
1782947694184 0.02698259839886113 140
