1782947671737 0.019306014107705893 121
1782947676613 0.019306012376899512 122
1782947678882 0.019306012809601106 123
1782947679603 0.019306012809601106 124
1782947680677 0.01930601151149632 125
1782947681391 0.019306012809601106 126
1782947682498 0.019306012809601106 127
1782947683224 0.019306012376899512 128
1782947684312 0.019306012376899512 129
1782947685019 0.019306012809601106 130
1782947686097 0.019306013242302703 131
1782947686808 0.019306012809601106 132
1782947688003 0.019306011944197916 133
1782947688725 0.019306012376899512 134
1782947689824 0.01930601151149632 135
1782947690532 0.019306012809601106 136
1782947691627 0.019306012809601106 137
1782947692374 0.01930601454040749 138
1782947693473 0.019306012809601106 139
1782947694184 0.019306012376899512 140
