1782947671737 0.25610223412513733 121
1782947676613 0.256099134683609 122
1782947678882 0.25609859824180603 123
1782947679603 0.2560974955558777 124
1782947680677 0.2560965120792389 125
1782947681391 0.25609612464904785 126
1782947682498 0.25609588623046875 127
1782947683224 0.2560957372188568 128
1782947684312 0.2560955882072449 129
1782947685019 0.2560945749282837 130
1782947686097 0.25609448552131653 131
1782947686808 0.25609448552131653 132
1782947688003 0.25609448552131653 133
1782947688725 0.2560945451259613 134
1782947689824 0.2560945451259613 135
1782947690532 0.2560945749282837 136
1782947691627 0.2560945749282837 137
1782947692374 0.2560945749282837 138
1782947693473 0.2560945749282837 139
1782947694184 0.2560945749282837 140
