1782947671737 0.15763706623580745 121
1782947676613 0.15763698806068682 122
1782947678882 0.15763706693426138 123
1782947679603 0.15763700108959378 124
1782947680677 0.15763693594129072 125
1782947681391 0.15763702193184428 126
1782947682498 0.15763695875817516 127
1782947683224 0.1576370161732271 128
1782947684312 0.15763700486675117 129
1782947685019 0.1576369477509933 130
1782947686097 0.1576370795241801 131
1782947686808 0.1576369283083002 132
1782947688003 0.1576370183815943 133
1782947688725 0.15763697773769983 134
1782947689824 0.1576369109873144 135
1782947690532 0.15763701559012824 136
1782947691627 0.1576370028551587 137
1782947692374 0.15763700489715182 138
1782947693473 0.15763705225738206 139
1782947694184 0.15763698262288314 140
