1782947671737 0.7022979326559269 121
1782947676613 0.7022979661635446 122
1782947678882 0.7022978982130191 123
1782947679603 0.702297873055957 124
1782947680677 0.7022979230664657 125
1782947681391 0.7022979382354508 126
1782947682498 0.7022979635874527 127
1782947683224 0.7022979703536153 128
1782947684312 0.7022979597907152 129
1782947685019 0.7022979368781052 130
1782947686097 0.702297954243444 131
1782947686808 0.7022979227467879 132
1782947688003 0.7022979040702966 133
1782947688725 0.7022979377801143 134
1782947689824 0.7022979588365789 135
1782947690532 0.7022979508383488 136
1782947691627 0.7022979223523745 137
1782947692374 0.7022979401068378 138
1782947693473 0.702297939387261 139
1782947694184 0.7022979376536197 140
