1782947671737 1.384110649426778 121
1782947676613 1.384111722310384 122
1782947678882 1.3841119209925334 123
1782947679603 1.3841124773025513 124
1782947680677 1.3841127554575603 125
1782947681391 1.38411283493042 126
1782947682498 1.3841128746668498 127
1782947683224 1.3841129541397095 128
1782947684312 1.384113033612569 129
1782947685019 1.3841134309768677 130
1782947686097 1.3841135104497273 131
1782947686808 1.3841135104497273 132
1782947688003 1.3841135501861572 133
1782947688725 1.3841135501861572 134
1782947689824 1.3841135501861572 135
1782947690532 1.3841135501861572 136
1782947691627 1.3841135501861572 137
1782947692374 1.3841135501861572 138
1782947693473 1.3841135501861572 139
1782947694184 1.3841135501861572 140
