1782947671737 2.6277712186177573 121
1782947676613 2.627762238184611 122
1782947678882 2.6277761459350586 123
1782947679603 2.627762794494629 124
1782947680677 2.6277639071146646 125
1782947681391 2.6277639071146646 126
1782947682498 2.6277639071146646 127
1782947683224 2.6277639071146646 128
1782947684312 2.6277639071146646 129
1782947685019 2.6277639071146646 130
1782947686097 2.6277526219685874 131
1782947686808 2.6277526219685874 132
1782947688003 2.6277526219685874 133
1782947688725 2.6277526219685874 134
1782947689824 2.6277526219685874 135
1782947690532 2.6277526219685874 136
1782947691627 2.6277526219685874 137
1782947692374 2.6277526219685874 138
1782947693473 2.6277526219685874 139
1782947694184 2.6277526219685874 140
