1782947671737 0.8421892325083414 121
1782947676613 0.8421892325083414 122
1782947678882 0.8421892325083414 123
1782947679603 0.8421892325083414 124
1782947680677 0.8421892325083414 125
1782947681391 0.8421892325083414 126
1782947682498 0.8421892325083414 127
1782947683224 0.8421892325083414 128
1782947684312 0.8421892325083414 129
1782947685019 0.8421892325083414 130
1782947686097 0.8421892325083414 131
1782947686808 0.8421892325083414 132
1782947688003 0.8421892325083414 133
1782947688725 0.8421892325083414 134
1782947689824 0.8421892325083414 135
1782947690532 0.8421892325083414 136
1782947691627 0.8421892325083414 137
1782947692374 0.8421892325083414 138
1782947693473 0.8421892325083414 139
1782947694184 0.8421892325083414 140
