1782947671737 1.0437208811442058 121
1782947676613 1.0437208811442058 122
1782947678882 1.0437208811442058 123
1782947679603 1.0437208811442058 124
1782947680677 1.0437208811442058 125
1782947681391 1.0437208811442058 126
1782947682498 1.0437208811442058 127
1782947683224 1.0437208811442058 128
1782947684312 1.0437208811442058 129
1782947685019 1.0437208811442058 130
1782947686097 1.0437208811442058 131
1782947686808 1.0437208811442058 132
1782947688003 1.0437208811442058 133
1782947688725 1.0437208811442058 134
1782947689824 1.0437208811442058 135
1782947690532 1.0437208811442058 136
1782947691627 1.0437208811442058 137
1782947692374 1.0437208811442058 138
1782947693473 1.0437208811442058 139
1782947694184 1.0437208811442058 140
