1782947671737 0.2975001931190491 121
1782947676613 0.2975001931190491 122
1782947678882 0.2975001931190491 123
1782947679603 0.2975001931190491 124
1782947680677 0.2975001931190491 125
1782947681391 0.2975001931190491 126
1782947682498 0.2975001931190491 127
1782947683224 0.2975001931190491 128
1782947684312 0.2975001931190491 129
1782947685019 0.2975001931190491 130
1782947686097 0.2975001931190491 131
1782947686808 0.2975001931190491 132
1782947688003 0.2975001931190491 133
1782947688725 0.2975001931190491 134
1782947689824 0.2975001931190491 135
1782947690532 0.2975001931190491 136
1782947691627 0.2975001931190491 137
1782947692374 0.2975001931190491 138
1782947693473 0.2975001931190491 139
1782947694184 0.2975001931190491 140
