1782947671737 2.551761786142985 121
1782947676613 2.55176043510437 122
1782947678882 2.551762501398722 123
1782947679603 2.55176043510437 124
1782947680677 2.5517605940500894 125
1782947681391 2.5517605940500894 126
1782947682498 2.5517605940500894 127
1782947683224 2.5517605940500894 128
1782947684312 2.5517605940500894 129
1782947685019 2.55176051457723 130
1782947686097 2.5517588456471763 131
1782947686808 2.5517588456471763 132
1782947688003 2.5517588456471763 133
1782947688725 2.5517588456471763 134
1782947689824 2.5517588456471763 135
1782947690532 2.5517588456471763 136
1782947691627 2.5517588456471763 137
1782947692374 2.5517588456471763 138
1782947693473 2.5517588456471763 139
1782947694184 2.5517588456471763 140
