1782947671737 0.150905172030131 121
1782947676613 0.150905172030131 122
1782947678882 0.15090517699718475 123
1782947679603 0.15090517699718475 124
1782947680677 0.15090517699718475 125
1782947681391 0.150905172030131 126
1782947682498 0.15090517699718475 127
1782947683224 0.1509051819642385 128
1782947684312 0.15090517699718475 129
1782947685019 0.15090517699718475 130
1782947686097 0.15090517699718475 131
1782947686808 0.15090517699718475 132
1782947688003 0.15090517699718475 133
1782947688725 0.150905172030131 134
1782947689824 0.150905172030131 135
1782947690532 0.150905172030131 136
1782947691627 0.1509051819642385 137
1782947692374 0.15090517699718475 138
1782947693473 0.15090517699718475 139
1782947694184 0.150905172030131 140
