1783138969517 0.8009490172068278 230
1783138970786 0.8009489427010218 231
1783138972150 0.8009489327669144 232
1783138973481 0.8009489476680756 233
1783138974744 0.8009489725033442 234
1783138976011 0.8009490072727203 235
1783138977251 0.8009489377339681 236
1783138978500 0.8009488880634308 237
1783138979762 0.8009489725033442 238
1783138981008 0.8009489923715591 239
1783138982317 0.8009489377339681 240
1783138983616 0.8009489725033442 241
1783138984962 0.8009489427010218 242
1783138986293 0.8009489526351293 243
1783138987521 0.8009489526351293 244
