1783138969517 0.20282191038131714 230
1783138970786 0.20282190789779028 231
1783138972150 0.20282190293073654 232
1783138973481 0.202821912864844 233
1783138974744 0.2028219091395537 234
1783138976011 0.2028219054142634 235
1783138977251 0.2028219054142634 236
1783138978500 0.20282191410660744 237
1783138979762 0.20282191038131714 238
1783138981008 0.20282191162308058 239
1783138982317 0.20282190665602684 240
1783138983616 0.2028219091395537 241
1783138984962 0.20282190789779028 242
1783138986293 0.2028219054142634 243
1783138987521 0.20282191038131714 244
