1783138969517 0.012087034157352973 230
1783138970786 0.012087034663628385 231
1783138972150 0.012087035286053925 232
1783138973481 0.012087034692523023 233
1783138974744 0.01208703609519259 234
1783138976011 0.012087033722676221 235
1783138977251 0.012087035146465521 236
1783138978500 0.012087036453226603 237
1783138979762 0.012087034190043934 238
1783138981008 0.012087035934511416 239
1783138982317 0.012087037288888755 240
1783138983616 0.012087035888135202 241
1783138984962 0.012087037331214889 242
1783138986293 0.012087035623364535 243
1783138987521 0.01208703725073647 244
