1783138969517 0.08641066650549571 230
1783138970786 0.08641066402196884 231
1783138972150 0.08641066091756026 232
1783138973481 0.08641066402196884 233
1783138974744 0.08641066215932369 234
1783138976011 0.08641066402196884 235
1783138977251 0.08641066278020541 236
1783138978500 0.08641066588461399 237
1783138979762 0.08641066153844197 238
1783138981008 0.08641066215932369 239
1783138982317 0.08641066029667854 240
1783138983616 0.08641066588461399 241
1783138984962 0.08641066712637742 242
1783138986293 0.08641066278020541 243
1783138987521 0.08641066029667854 244
