1783138969517 0.05694855394740079 230
1783138970786 0.05694855327874606 231
1783138972150 0.056948552993128905 232
1783138973481 0.05694855320526023 233
1783138974744 0.05694855384727713 234
1783138976011 0.05694855340459132 235
1783138977251 0.0569485534682505 236
1783138978500 0.05694855389349605 237
1783138979762 0.05694855416120929 238
1783138981008 0.05694855361790657 239
1783138982317 0.05694855419502029 240
1783138983616 0.056948554435863274 241
1783138984962 0.05694855370438361 242
1783138986293 0.056948553987199835 243
1783138987521 0.056948553697789 244
