1783138969517 0.03991605527698994 230
1783138970786 0.0798319773748517 231
1783138972150 0.11974437224368255 232
1783138973481 0.15964938327670097 233
1783138974744 0.15963434179623923 234
1783138976011 0.16446945630013943 235
1783138977251 0.16930426408847174 236
1783138978500 0.1741393432021141 237
1783138979762 0.17897532631953558 238
1783138981008 0.18381226683656374 239
1783138982317 0.1886501150826613 240
1783138983616 0.20354591185847917 241
1783138984962 0.21018257116278014 242
1783138986293 0.21450172613064447 243
1783138987521 0.2177092432975769 244
