1783138969517 0.7917234084822915 230
1783138970786 0.7917220971801064 231
1783138972150 0.7916982932524248 232
1783138973481 0.7916498400948264 233
1783138974744 0.791575247591192 234
1783138976011 0.7914806062524969 235
1783138977251 0.7913759296590631 236
1783138978500 0.7912659482522444 237
1783138979762 0.7911578525196422 238
1783138981008 0.7910579659722068 239
1783138982317 0.7909728505394675 240
1783138983616 0.7909072962674227 241
1783138984962 0.7908601489934054 242
1783138986293 0.7908223650672219 243
1783138987521 0.7907742587002841 244
