1783138969517 3.9878212412198386 230
1783138970786 3.9664557774861655 231
1783138972150 3.946933070818583 232
1783138973481 3.929320752620697 233
1783138974744 3.9134504795074463 234
1783138976011 3.899311085542043 235
1783138977251 3.8872013092041016 236
1783138978500 3.8766244451204934 237
1783138979762 3.8672372301419577 238
1783138981008 3.85887602965037 239
1783138982317 3.851445515950521 240
1783138983616 3.844876746336619 241
1783138984962 3.8388373454411826 242
1783138986293 3.833358188470205 243
1783138987521 3.8283497293790183 244
