1783138969517 1.0532498142936013 230
1783138970786 1.0532497406005858 231
1783138972150 1.0532497709447688 232
1783138973481 1.0532497796145353 233
1783138974744 1.0532497839494186 234
1783138976011 1.053249775279652 235
1783138977251 1.0532497709447688 236
1783138978500 1.053249723261053 237
1783138979762 1.053249762275002 238
1783138981008 1.053249775279652 239
1783138982317 1.0532497492703525 240
1783138983616 1.0532497882843017 241
1783138984962 1.0532497666098855 242
1783138986293 1.0532497666098855 243
1783138987521 1.0532497796145353 244
