1783138969517 0.3035917282104492 230
1783138970786 0.3035917282104492 231
1783138972150 0.3035918176174164 232
1783138973481 0.3035917580127716 233
1783138974744 0.3035917580127716 234
1783138976011 0.30359169840812683 235
1783138977251 0.303591787815094 236
1783138978500 0.3035918176174164 237
1783138979762 0.3035917580127716 238
1783138981008 0.3035917580127716 239
1783138982317 0.303591787815094 240
1783138983616 0.3035917580127716 241
1783138984962 0.303591787815094 242
1783138986293 0.3035917580127716 243
1783138987521 0.3035917580127716 244
