1783138969517 0.42157929997111476 230
1783138970786 0.42157930551573286 231
1783138972150 0.42157928610956946 232
1783138973481 0.4215793013572693 233
1783138974744 0.42157927779264226 234
1783138976011 0.4215793069018874 235
1783138977251 0.42157929997111476 236
1783138978500 0.421579287495724 237
1783138979762 0.42157928610956946 238
1783138981008 0.42157932769420536 239
1783138982317 0.4215793027434238 240
1783138983616 0.42157929442649666 241
1783138984962 0.42157927779264226 242
1783138986293 0.421579311060351 243
1783138987521 0.42157929997111476 244
