1783138969517 0.8143775045024275 230
1783138970786 0.8143774920730229 231
1783138972150 0.8143774932029688 232
1783138973481 0.8143775022425358 233
1783138974744 0.8143775056323734 234
1783138976011 0.8143775022425358 235
1783138977251 0.8143774954628605 236
1783138978500 0.8143774773837266 237
1783138979762 0.8143775011125899 238
1783138981008 0.8143774954628605 239
1783138982317 0.8143775045024275 240
1783138983616 0.8143774864232936 241
1783138984962 0.8143775022425358 242
1783138986293 0.8143775090222111 243
1783138987521 0.8143775045024275 244
