1783138969517 0.26176492834543164 230
1783138970786 0.26176492382564814 231
1783138972150 0.26176491930586465 232
1783138973481 0.26176492749797226 233
1783138974744 0.261764929757864 234
1783138976011 0.2617649260855399 235
1783138977251 0.261764929757864 236
1783138978500 0.2617649272154858 237
1783138979762 0.261764929757864 238
1783138981008 0.2617649269329993 239
1783138982317 0.2617649286279181 240
1783138983616 0.2617649221307293 241
1783138984962 0.26176492834543164 242
1783138986293 0.26176492778045873 243
1783138987521 0.26176492749797226 244
