1783138969517 0.21565474569797516 230
1783138970786 0.21565471589565277 231
1783138972150 0.21565471589565277 232
1783138973481 0.21565468609333038 233
1783138974744 0.21565471589565277 234
1783138976011 0.21565474569797516 235
1783138977251 0.21565473079681396 236
1783138978500 0.215654656291008 237
1783138979762 0.21565474569797516 238
1783138981008 0.21565471589565277 239
1783138982317 0.21565471589565277 240
1783138983616 0.21565471589565277 241
1783138984962 0.21565473079681396 242
1783138986293 0.21565474569797516 243
1783138987521 0.21565471589565277 244
