1783138969517 0.15957117701570192 230
1783138970786 0.15957117329041162 231
1783138972150 0.15957117329041162 232
1783138973481 0.15957117453217506 233
1783138974744 0.1595711720486482 234
1783138976011 0.15957117453217506 235
1783138977251 0.1595711757739385 236
1783138978500 0.15957117453217506 237
1783138979762 0.15957117701570192 238
1783138981008 0.15957117701570192 239
1783138982317 0.1595711757739385 240
1783138983616 0.15957117825746536 241
1783138984962 0.15957117701570192 242
1783138986293 0.1595711794992288 243
1783138987521 0.15957117701570192 244
