1783138969517 3.075070395072301 230
1783138970786 3.075070395072301 231
1783138972150 3.075070285797119 232
1783138973481 3.0750703454017643 233
1783138974744 3.0750704298416776 234
1783138976011 3.0750703752040867 235
1783138977251 3.0750703851381935 236
1783138978500 3.0750704546769456 237
1783138979762 3.075070400039355 238
1783138981008 3.075070454676946 239
1783138982317 3.075070345401764 240
1783138983616 3.0750704348087314 241
1783138984962 3.0750703652699793 242
1783138986293 3.075070375204086 243
1783138987521 3.075070335467657 244
