1783138969517 0.700557217001915 230
1783138970786 0.7004455924034119 231
1783138972150 0.7003722737232844 232
1783138973481 0.7003386914730072 233
1783138974744 0.7003487298885981 234
1783138976011 0.7004023790359497 235
1783138977251 0.7004970411459605 236
1783138978500 0.7006308635075887 237
1783138979762 0.7008014172315598 238
1783138981008 0.7010031839211782 239
1783138982317 0.7012259165445963 240
1783138983616 0.701456238826116 241
1783138984962 0.7016846686601639 242
1783138986293 0.7018948495388031 243
1783138987521 0.7020729184150696 244
