1783138969517 0.7939799726009369 230
1783138970786 0.7942032615343729 231
1783138972150 0.7943498740593592 232
1783138973481 0.794416939218839 233
1783138974744 0.7943969219923019 234
1783138976011 0.7942896336317062 235
1783138977251 0.794100359082222 236
1783138978500 0.7938326299190521 237
1783138979762 0.7934914926687876 238
1783138981008 0.7930880437294642 239
1783138982317 0.7926425586144129 240
1783138983616 0.7921818792819977 241
1783138984962 0.7917249947786331 242
1783138986293 0.791304757197698 243
1783138987521 0.7909485747416815 244
