1783138969517 0.2796987444162369 230
1783138970786 0.27969873944918316 231
1783138972150 0.2796987493832906 232
1783138973481 0.2796987295150757 233
1783138974744 0.2796987344821294 234
1783138976011 0.2796987493832906 235
1783138977251 0.27969873944918316 236
1783138978500 0.27969873944918316 237
1783138979762 0.27969873944918316 238
1783138981008 0.27969875435034436 239
1783138982317 0.27969873944918316 240
1783138983616 0.2796987195809682 241
1783138984962 0.2796987444162369 242
1783138986293 0.2796987444162369 243
1783138987521 0.2796987344821294 244
