1783138969517 4.746915777524312 230
1783138970786 4.761221011479695 231
1783138972150 4.776640097300212 232
1783138973481 4.792966445287068 233
1783138974744 4.769556879997253 234
1783138976011 4.751035451889038 235
1783138977251 4.731632510821025 236
1783138978500 4.709832191467285 237
1783138979762 4.683706998825073 238
1783138981008 4.650681773821513 239
1783138982317 4.607339183489482 240
1783138983616 4.559569835662842 241
1783138984962 4.484673182169597 242
1783138986293 4.391706069310506 243
1783138987521 4.301282048225403 244
