1783138969517 0.21116867661476135 230
1783138970786 0.21116863191127777 231
1783138972150 0.21116863191127777 232
1783138973481 0.21116846799850464 233
1783138974744 0.21116860210895538 234
1783138976011 0.21116867661476135 235
1783138977251 0.21116860210895538 236
1783138978500 0.21116842329502106 237
1783138979762 0.21116860210895538 238
1783138981008 0.21116867661476135 239
1783138982317 0.21116843819618225 240
1783138983616 0.21116848289966583 241
1783138984962 0.211168572306633 242
1783138986293 0.21116860210895538 243
1783138987521 0.21116852760314941 244
