1783142388324 1.0507731636365254 264
1783142391381 1.050773024559021 265
1783142394535 1.0507731636365254 266
1783142397517 1.0507731189330418 267
1783142400572 1.0507730444272358 268
1783142403568 1.0507731040318806 269
1783142406588 1.0507731040318806 270
1783142409565 1.0507730543613434 271
1783142412625 1.0507731139659882 272
1783142415684 1.0507731437683105 273
1783142418719 1.050773153702418 274
1783142421820 1.0507732232411702 275
1783142424827 1.0507731040318806 276
1783142427835 1.0507731437683105 277
1783142430832 1.050773153702418 278
1783142433797 1.0507730444272358 279
1783142436794 1.0507730891307194 280
1783142439774 1.0507730940977733 281
1783142442735 1.0507730344931285 282
1783142445781 1.050773133834203 283
1783142448823 1.050773024559021 284
1783142451895 1.050773064295451 285
1783142455080 1.0507731785376866 286
1783142458298 1.050773133834203 287
1783142461423 1.0507730940977733 288
1783142464472 1.0507730742295582 289
1783142467728 1.0507730841636658 290
1783142470828 1.0507730841636658 291
1783142473890 1.0507730940977733 292
1783142476946 1.0507731437683105 293
1783142480059 1.050773133834203 294
1783142483156 1.0507730444272358 295
1783142486207 1.0507730444272358 296
1783142489351 1.0507730543613434 297
1783142492495 1.0507731586694717 298
