1783142388324 0.3139297664165497 264
1783142391381 0.31392976144949597 265
1783142394535 0.3139297564824422 266
1783142397517 0.3139297589659691 267
1783142400572 0.3139297589659691 268
1783142403568 0.3139297589659691 269
1783142406588 0.31392976144949597 270
1783142409565 0.3139297589659691 271
1783142412625 0.3139297539989154 272
1783142415684 0.3139297564824422 273
1783142418719 0.3139297490318616 274
1783142421820 0.3139297564824422 275
1783142424827 0.31392976144949597 276
1783142427835 0.3139297564824422 277
1783142430832 0.3139297564824422 278
1783142433797 0.3139297589659691 279
1783142436794 0.3139297589659691 280
1783142439774 0.3139297564824422 281
1783142442735 0.3139297639330228 282
1783142445781 0.3139297664165497 283
1783142448823 0.31392976144949597 284
1783142451895 0.31392976144949597 285
1783142455080 0.31392976890007657 286
1783142458298 0.3139297589659691 287
1783142461423 0.3139297639330228 288
1783142464472 0.31392976144949597 289
1783142467728 0.31392976890007657 290
1783142470828 0.3139297564824422 291
1783142473890 0.3139297539989154 292
1783142476946 0.31392976144949597 293
1783142480059 0.3139297564824422 294
1783142483156 0.3139297589659691 295
1783142486207 0.3139297639330228 296
1783142489351 0.3139297564824422 297
1783142492495 0.3139297639330228 298
