1783142388324 0.0 264
1783142391381 0.0 265
1783142394535 0.0 266
1783142397517 0.0 267
1783142400572 0.0 268
1783142403568 0.0 269
1783142406588 0.0 270
1783142409565 0.0 271
1783142412625 0.0 272
1783142415684 0.0 273
1783142418719 0.0 274
1783142421820 0.0 275
1783142424827 0.0 276
1783142427835 0.0 277
1783142430832 0.0 278
1783142433797 0.0 279
1783142436794 0.0 280
1783142439774 0.0 281
1783142442735 0.0 282
1783142445781 0.0 283
1783142448823 0.0 284
1783142451895 0.0 285
1783142455080 0.0 286
1783142458298 0.0 287
1783142461423 0.0 288
1783142464472 0.0 289
1783142467728 0.0 290
1783142470828 0.0 291
1783142473890 0.0 292
1783142476946 0.0 293
1783142480059 0.0 294
1783142483156 0.0 295
1783142486207 0.0 296
1783142489351 0.0 297
1783142492495 0.0 298
