1783142388324 0.08642467173437278 264
1783142391381 0.08642467173437278 265
1783142394535 0.08642467173437278 266
1783142397517 0.08642467173437278 267
1783142400572 0.08642467173437278 268
1783142403568 0.08642467173437278 269
1783142406588 0.08642467173437278 270
1783142409565 0.08642467173437278 271
1783142412625 0.08642467173437278 272
1783142415684 0.08642467173437278 273
1783142418719 0.08642467173437278 274
1783142421820 0.08642467173437278 275
1783142424827 0.08642467173437278 276
1783142427835 0.08642467173437278 277
1783142430832 0.08642467173437278 278
1783142433797 0.08642467173437278 279
1783142436794 0.08642467173437278 280
1783142439774 0.08642467173437278 281
1783142442735 0.08642467173437278 282
1783142445781 0.08642467173437278 283
1783142448823 0.08642467173437278 284
1783142451895 0.08642467173437278 285
1783142455080 0.08642467173437278 286
1783142458298 0.08642467173437278 287
1783142461423 0.08642467173437278 288
1783142464472 0.08642467173437278 289
1783142467728 0.08642467173437278 290
1783142470828 0.08642467173437278 291
1783142473890 0.08642467173437278 292
1783142476946 0.08642467173437278 293
1783142480059 0.08642467173437278 294
1783142483156 0.08642467173437278 295
1783142486207 0.08642467173437278 296
1783142489351 0.08642467173437278 297
1783142492495 0.08642467173437278 298
