1783142388324 2.5375916445078146 264
1783142391381 2.814407920656773 265
1783142394535 3.02653712215481 266
1783142397517 3.060364773350877 267
1783142400572 3.0541331902006874 268
1783142403568 3.016343104618054 269
1783142406588 2.9727395116534066 270
1783142409565 2.9076628995339235 271
1783142412625 2.859617122288412 272
1783142415684 2.8163569446242405 273
1783142418719 2.7630626970458176 274
1783142421820 2.7180353012909664 275
1783142424827 2.7100999993004393 276
1783142427835 2.696398871673647 277
1783142430832 2.6873451495830865 278
1783142433797 2.6980777817814947 279
1783142436794 2.6979292232583063 280
1783142439774 2.700179135587618 281
1783142442735 2.6970799089397652 282
1783142445781 2.711682159734352 283
1783142448823 2.7237324126184244 284
1783142451895 2.7243101601359956 285
1783142455080 2.731026108519551 286
1783142458298 2.762965390949836 287
1783142461423 2.7697460185214333 288
1783142464472 2.7603697554494384 289
1783142467728 2.7822142138305406 290
1783142470828 2.7907681807838807 291
1783142473890 2.7864482663937546 292
1783142476946 2.792000858961622 293
1783142480059 2.795762060726991 294
1783142483156 2.802819766335265 295
1783142486207 2.811268528194784 296
1783142489351 2.81949188526575 297
1783142492495 2.831776557445068 298
