1783142388324 0.13888429133053065 264
1783142391381 0.13888429055880355 265
1783142394535 0.1388842875996537 266
1783142397517 0.13888429397739133 267
1783142400572 0.13888428980496195 268
1783142403568 0.13888429095784544 269
1783142406588 0.13888429847784106 270
1783142409565 0.1388842855002824 271
1783142412625 0.1388842885220074 272
1783142415684 0.13888429241448283 273
1783142418719 0.1388842925317604 274
1783142421820 0.13888428982726475 275
1783142424827 0.13888429068058789 276
1783142427835 0.13888428975852934 277
1783142430832 0.13888428992975665 278
1783142433797 0.13888429116257 279
1783142436794 0.13888428803741362 280
1783142439774 0.13888428999066588 281
1783142442735 0.1388842876117431 282
1783142445781 0.13888429169335142 283
1783142448823 0.13888428919513937 284
1783142451895 0.13888429367754374 285
1783142455080 0.13888428328224015 286
1783142458298 0.13888429255436158 287
1783142461423 0.13888429054977128 288
1783142464472 0.138884289640589 289
1783142467728 0.13888428894018898 290
1783142470828 0.1388842865439815 291
1783142473890 0.13888428952137657 292
1783142476946 0.138884291399887 293
1783142480059 0.13888429099193075 294
1783142483156 0.13888429080799658 295
1783142486207 0.13888429068974464 296
1783142489351 0.13888428974471495 297
1783142492495 0.13888429091884003 298
