1783142388324 0.5145479330090266 264
1783142391381 0.5247203389472342 265
1783142394535 0.5058773055971596 266
1783142397517 0.5136367813754545 267
1783142400572 0.5188034101242056 268
1783142403568 0.5252118360073921 269
1783142406588 0.5609167447325882 270
1783142409565 0.5773798013987331 271
1783142412625 0.550854260661283 272
1783142415684 0.5332895205791832 273
1783142418719 0.5477299632958991 274
1783142421820 0.5639114840194189 275
1783142424827 0.5583722714524865 276
1783142427835 0.5570435943694986 277
1783142430832 0.5645132019449309 278
1783142433797 0.5751760908776161 279
1783142436794 0.5816923725808831 280
1783142439774 0.586929029220718 281
1783142442735 0.5895607026847712 282
1783142445781 0.5999844420425094 283
1783142448823 0.6036920211268041 284
1783142451895 0.6185645284737319 285
1783142455080 0.6209085836056116 286
1783142458298 0.6165870400888688 287
1783142461423 0.6164257837896875 288
1783142464472 0.6161012420620583 289
1783142467728 0.6249306779954407 290
1783142470828 0.6388426392660395 291
1783142473890 0.6433286773023638 292
1783142476946 0.6569549687962306 293
1783142480059 0.6655826053325639 294
1783142483156 0.6586145840271093 295
1783142486207 0.6761960777395365 296
1783142489351 0.6807203084915243 297
1783142492495 0.6862266430157121 298
