1783142388324 1.1533248124803817 264
1783142391381 1.0782771883784115 265
1783142394535 1.0163711747138835 266
1783142397517 0.974690188779755 267
1783142400572 0.9442701746451466 268
1783142403568 0.9203226831755643 269
1783142406588 0.9005969236845804 270
1783142409565 0.8829516069073033 271
1783142412625 0.8733283704054271 272
1783142415684 0.8638899384678661 273
1783142418719 0.8565862635614991 274
1783142421820 0.8496364398532443 275
1783142424827 0.843036986522363 276
1783142427835 0.8407064042569979 277
1783142430832 0.8387425355328858 278
1783142433797 0.8375715211164406 279
1783142436794 0.8367391952148804 280
1783142439774 0.8368144165517346 281
1783142442735 0.8366740634910476 282
1783142445781 0.8378538867543797 283
1783142448823 0.8388022482395172 284
1783142451895 0.8395206332206726 285
1783142455080 0.8401665079326686 286
1783142458298 0.8453570793722277 287
1783142461423 0.8473701726433606 288
1783142464472 0.8498529546895776 289
1783142467728 0.8516976353223475 290
1783142470828 0.8545355652802743 291
1783142473890 0.8562514296537136 292
1783142476946 0.8576364357505689 293
1783142480059 0.8589115455746651 294
1783142483156 0.8593802339161872 295
1783142486207 0.861089173381288 296
1783142489351 0.8618614246751544 297
1783142492495 0.8635395559947605 298
