1783142388324 0.3930194285937718 264
1783142391381 0.3601852378329715 265
1783142394535 0.33496735906843 266
1783142397517 0.3186796849855377 267
1783142400572 0.3069849627052761 268
1783142403568 0.2980399555045599 269
1783142406588 0.2906420459639656 270
1783142409565 0.2842251787875996 271
1783142412625 0.28054984072421457 272
1783142415684 0.277131173577342 273
1783142418719 0.27433183624988466 274
1783142421820 0.2716725141737196 275
1783142424827 0.2692111343307634 276
1783142427835 0.2681888275430105 277
1783142430832 0.2673374560043102 278
1783142433797 0.2667994972793594 279
1783142436794 0.26641226338816215 280
1783142439774 0.2663566424945488 281
1783142442735 0.26628303552012417 282
1783142445781 0.2667532260042762 283
1783142448823 0.2671267005705064 284
1783142451895 0.26751808183533804 285
1783142455080 0.2678413604691755 286
1783142458298 0.2700179510027449 287
1783142461423 0.27106439282595307 288
1783142464472 0.27216530392830124 289
1783142467728 0.27304572164499413 290
1783142470828 0.2742401445472 291
1783142473890 0.2749935791127914 292
1783142476946 0.27567682616068034 293
1783142480059 0.2763336874544621 294
1783142483156 0.27662738941387877 295
1783142486207 0.2774512119165962 296
1783142489351 0.2778557384552046 297
1783142492495 0.27867116035096046 298
