1783142388324 1.005168346292762 264
1783142391381 1.0033871216237582 265
1783142394535 1.0001940630755493 266
1783142397517 0.9968948547877416 267
1783142400572 0.9941632863882748 268
1783142403568 0.991712084356344 269
1783142406588 0.9892644854398233 270
1783142409565 0.9870253861774497 271
1783142412625 0.9841772632023524 272
1783142415684 0.982751479100263 273
1783142418719 0.9809733323647942 274
1783142421820 0.9789325737514378 275
1783142424827 0.9779444675403077 276
1783142427835 0.9754710028656816 277
1783142430832 0.9745507232413805 278
1783142433797 0.9728946990546444 279
1783142436794 0.9722871664734896 280
1783142439774 0.9721968087043551 281
1783142442735 0.9721671748174584 282
1783142445781 0.9718207604575171 283
1783142448823 0.9712075395117576 284
1783142451895 0.9703988022760514 285
1783142455080 0.9719523148729622 286
1783142458298 0.9744723523549325 287
1783142461423 0.9744978681079962 288
1783142464472 0.9749307405519515 289
1783142467728 0.9761507596556006 290
1783142470828 0.9763424828629681 291
1783142473890 0.9785792919071129 292
1783142476946 0.9779600407070034 293
1783142480059 0.9794761808791963 294
1783142483156 0.980991879510687 295
1783142486207 0.9809894126179309 296
1783142489351 0.9814778396541881 297
1783142492495 0.9836648895725061 298
