1783142388324 0.3182823709266471 264
1783142391381 0.37582233886240624 265
1783142394535 0.45427385154350425 266
1783142397517 0.5011754620747824 267
1783142400572 0.5424331820507828 268
1783142403568 0.5808162236145067 269
1783142406588 0.5906585001475655 270
1783142409565 0.5814232170125494 271
1783142412625 0.5935097787318384 272
1783142415684 0.5886964775844362 273
1783142418719 0.6532432587139295 274
1783142421820 0.6239826894049949 275
1783142424827 0.665364023856631 276
1783142427835 0.6566275796618067 277
1783142430832 0.597636372038427 278
1783142433797 0.5867411912529137 279
1783142436794 0.6045183338724732 280
1783142439774 0.6141447232938883 281
1783142442735 0.6499943320744018 282
1783142445781 0.7024635999702503 283
1783142448823 0.7024635463215038 284
1783142451895 0.7539133929373004 285
1783142455080 0.7498622029773043 286
1783142458298 0.7498620081937055 287
1783142461423 0.37477387836650783 288
1783142464472 0.3747742897306986 289
1783142467728 0.3747739151683693 290
1783142470828 0.37477338887784545 291
1783142473890 0.3747740219849696 292
1783142476946 0.3747740806737602 293
1783142480059 0.4372797225832022 294
1783142483156 0.4372804315711288 295
1783142486207 0.4372801680019793 296
1783142489351 0.5010670515722427 297
1783142492495 0.5010667804562534 298
