1783142388324 1.3664362629254658 264
1783142391381 1.349241813023885 265
1783142394535 1.355392038822174 266
1783142397517 1.359449177980423 267
1783142400572 1.34855517745018 268
1783142403568 1.343147446711858 269
1783142406588 1.3586769998073578 270
1783142409565 1.346652626991272 271
1783142412625 1.327743391195933 272
1783142415684 1.3413603107134502 273
1783142418719 1.2717863221963246 274
1783142421820 1.2860841949780781 275
1783142424827 1.3193124731381733 276
1783142427835 1.315824995438258 277
1783142430832 1.291503796974818 278
1783142433797 1.2889313598473866 279
1783142436794 1.310387482245763 280
1783142439774 1.3087128698825836 281
1783142442735 1.2949226796627045 282
1783142445781 1.292880078156789 283
1783142448823 1.2802906533082326 284
1783142451895 1.2680338621139526 285
1783142455080 1.2945076127847035 286
1783142458298 1.2744771142800648 287
1783142461423 1.2765416204929352 288
1783142464472 1.330640176932017 289
1783142467728 1.3268086115519206 290
1783142470828 1.3506910105546315 291
1783142473890 1.3122350772221882 292
1783142476946 1.2861656248569489 293
1783142480059 1.3560023208459218 294
1783142483156 1.3355445166428883 295
1783142486207 1.3378640214602153 296
1783142489351 1.3360171218713124 297
1783142492495 1.2964302897453308 298
