1783142388324 0.3178766692678134 264
1783142391381 0.3178766692678134 265
1783142394535 0.3178766692678134 266
1783142397517 0.3178766692678134 267
1783142400572 0.3178766692678134 268
1783142403568 0.3178766692678134 269
1783142406588 0.3178766692678134 270
1783142409565 0.3178766692678134 271
1783142412625 0.3178766692678134 272
1783142415684 0.3178766692678134 273
1783142418719 0.3178766692678134 274
1783142421820 0.3178766692678134 275
1783142424827 0.3178766692678134 276
1783142427835 0.3178766692678134 277
1783142430832 0.3178766692678134 278
1783142433797 0.3178766692678134 279
1783142436794 0.3178766692678134 280
1783142439774 0.3178766692678134 281
1783142442735 0.3178766692678134 282
1783142445781 0.3178766692678134 283
1783142448823 0.3178766692678134 284
1783142451895 0.3178766692678134 285
1783142455080 0.3178766692678134 286
1783142458298 0.3178766692678134 287
1783142461423 0.3178766692678134 288
1783142464472 0.3178766692678134 289
1783142467728 0.3178766692678134 290
1783142470828 0.3178766692678134 291
1783142473890 0.3178766692678134 292
1783142476946 0.3178766692678134 293
1783142480059 0.3178766692678134 294
1783142483156 0.3178766692678134 295
1783142486207 0.3178766692678134 296
1783142489351 0.3178766692678134 297
1783142492495 0.3178766692678134 298
