1783142388324 0.9869314034779867 264
1783142391381 0.9869314084450403 265
1783142394535 0.9869314084450403 266
1783142397517 0.9869314084450403 267
1783142400572 0.9869314084450403 268
1783142403568 0.9869314084450403 269
1783142406588 0.9869314084450403 270
1783142409565 0.9869314084450403 271
1783142412625 0.9869314084450403 272
1783142415684 0.9869314084450403 273
1783142418719 0.9869314084450403 274
1783142421820 0.9869314084450403 275
1783142424827 0.9869314084450403 276
1783142427835 0.9869314084450403 277
1783142430832 0.9869314084450403 278
1783142433797 0.9869314084450403 279
1783142436794 0.9869314084450403 280
1783142439774 0.9869314084450403 281
1783142442735 0.9869314084450403 282
1783142445781 0.9869314084450403 283
1783142448823 0.9869314084450403 284
1783142451895 0.9869314084450403 285
1783142455080 0.9869314084450403 286
1783142458298 0.9869314084450403 287
1783142461423 0.9869314084450403 288
1783142464472 0.9869314084450403 289
1783142467728 0.9869314084450403 290
1783142470828 0.9869314084450403 291
1783142473890 0.9869314084450403 292
1783142476946 0.9869314084450403 293
1783142480059 0.9869314084450403 294
1783142483156 0.9869314084450403 295
1783142486207 0.9869314084450403 296
1783142489351 0.9869314084450403 297
1783142492495 0.9869314084450403 298
