1783142388324 0.34155742327372235 264
1783142391381 0.34155742327372235 265
1783142394535 0.34155742327372235 266
1783142397517 0.34155742327372235 267
1783142400572 0.34155742327372235 268
1783142403568 0.34155742327372235 269
1783142406588 0.34155742327372235 270
1783142409565 0.34155742327372235 271
1783142412625 0.34155742327372235 272
1783142415684 0.34155742327372235 273
1783142418719 0.34155742327372235 274
1783142421820 0.34155742327372235 275
1783142424827 0.34155742327372235 276
1783142427835 0.34155742327372235 277
1783142430832 0.34155742327372235 278
1783142433797 0.34155742327372235 279
1783142436794 0.34155742327372235 280
1783142439774 0.34155742327372235 281
1783142442735 0.34155742327372235 282
1783142445781 0.34155742327372235 283
1783142448823 0.34155742327372235 284
1783142451895 0.34155742327372235 285
1783142455080 0.34155742327372235 286
1783142458298 0.34155742327372235 287
1783142461423 0.34155742327372235 288
1783142464472 0.34155742327372235 289
1783142467728 0.34155742327372235 290
1783142470828 0.34155742327372235 291
1783142473890 0.34155742327372235 292
1783142476946 0.34155742327372235 293
1783142480059 0.34155742327372235 294
1783142483156 0.34155742327372235 295
1783142486207 0.34155742327372235 296
1783142489351 0.34155742327372235 297
1783142492495 0.34155742327372235 298
