1783142388324 0.2795933385690053 264
1783142391381 0.2795933385690053 265
1783142394535 0.2795933385690053 266
1783142397517 0.2795933385690053 267
1783142400572 0.2795933385690053 268
1783142403568 0.2795933385690053 269
1783142406588 0.2795933385690053 270
1783142409565 0.2795933385690053 271
1783142412625 0.2795933385690053 272
1783142415684 0.2795933385690053 273
1783142418719 0.2795933385690053 274
1783142421820 0.2795933385690053 275
1783142424827 0.2795933385690053 276
1783142427835 0.2795933385690053 277
1783142430832 0.2795933385690053 278
1783142433797 0.2795933385690053 279
1783142436794 0.2795933385690053 280
1783142439774 0.2795933385690053 281
1783142442735 0.2795933385690053 282
1783142445781 0.2795933385690053 283
1783142448823 0.2795933385690053 284
1783142451895 0.2795933385690053 285
1783142455080 0.2795933385690053 286
1783142458298 0.2795933385690053 287
1783142461423 0.2795933385690053 288
1783142464472 0.2795933385690053 289
1783142467728 0.2795933385690053 290
1783142470828 0.2795933385690053 291
1783142473890 0.2795933385690053 292
1783142476946 0.2795933385690053 293
1783142480059 0.2795933385690053 294
1783142483156 0.2795933385690053 295
1783142486207 0.2795933385690053 296
1783142489351 0.2795933385690053 297
1783142492495 0.2795933385690053 298
