1783142388324 0.062378283590078354 264
1783142391381 0.06244486290961504 265
1783142394535 0.06234869329879681 266
1783142397517 0.06222196388989687 267
1783142400572 0.06228759450217088 268
1783142403568 0.06224571354687214 269
1783142406588 0.06210824940353632 270
1783142409565 0.06209845623622338 271
1783142412625 0.06588006826738517 272
1783142415684 0.06201137819637855 273
1783142418719 0.07360186986625195 274
1783142421820 0.06971632192532222 275
1783142424827 0.06577027092377345 276
1783142427835 0.06564037781208754 277
1783142430832 0.06948999625941117 278
1783142433797 0.06938657692323129 279
1783142436794 0.06565220219393571 280
1783142439774 0.06552625602732103 281
1783142442735 0.06926991821577151 282
1783142445781 0.06920213407526414 283
1783142448823 0.07303195043156545 284
1783142451895 0.07310148763159911 285
1783142455080 0.06917849245170753 286
1783142458298 0.07301971595734358 287
1783142461423 0.07294327517350514 288
1783142464472 0.06523148777584235 289
1783142467728 0.06521703209728003 290
1783142470828 0.061352789091567196 291
1783142473890 0.06894788984209299 292
1783142476946 0.07286204708119233 293
1783142480059 0.06129456435640653 294
1783142483156 0.06510487136741479 295
1783142486207 0.06505620883156855 296
1783142489351 0.06506460097928841 297
1783142492495 0.0727070781091849 298
