1783142388324 3.845270524273597 264
1783142391381 3.627343878814554 265
1783142394535 3.7779451119213667 266
1783142397517 3.759332890699767 267
1783142400572 3.550091494572115 268
1783142403568 3.4684784179065264 269
1783142406588 3.779746104941488 270
1783142409565 3.7465363593709355 271
1783142412625 2.9671977632114044 272
1783142415684 3.5152443738242836 273
1783142418719 2.9484402377860093 274
1783142421820 2.9622067664338907 275
1783142424827 2.9862700538780294 276
1783142427835 2.922895500405086 277
1783142430832 2.858723235351846 278
1783142433797 2.958885393419925 279
1783142436794 2.9462541309443995 280
1783142439774 2.738872407685416 281
1783142442735 2.9335785202894717 282
1783142445781 2.9154522897300743 283
1783142448823 2.892052044073643 284
1783142451895 2.802732476401514 285
1783142455080 2.9409477533674657 286
1783142458298 2.800648060469958 287
1783142461423 2.8763894372696113 288
1783142464472 2.862021904353186 289
1783142467728 2.990989950437662 290
1783142470828 3.6534456929814536 291
1783142473890 2.9484462129769864 292
1783142476946 2.934930110264085 293
1783142480059 3.6618094860983614 294
1783142483156 2.9929441467568236 295
1783142486207 2.8918417484434333 296
1783142489351 2.876934687764772 297
1783142492495 2.9552016951184394 298
