1783138863997 1.050773064295451 210
1783138867218 1.050773064295451 211
1783138870503 1.0507731636365254 212
1783138873945 1.0507732133070629 213
1783138877301 1.0507731040318806 214
1783138880437 1.0507730940977733 215
1783138883576 1.0507731139659882 216
1783138886640 1.0507730940977733 217
1783138889866 1.0507731139659882 218
1783138892895 1.0507730444272358 219
1783138895975 1.0507730841636658 220
1783138899075 1.0507730543613434 221
1783138902234 1.0507731239000957 222
1783138905296 1.050773153702418 223
1783138908305 1.0507730841636658 224
1783138911303 1.0507731437683105 225
1783138914317 1.0507731139659882 226
1783138917449 1.0507731239000957 227
1783138920508 1.050773153702418 228
1783138923609 1.0507730543613434 229
