1783138863997 0.922997052470843 210
1783138867218 0.9229970425367355 211
1783138870503 0.9229970574378967 212
1783138873945 0.9229970673720042 213
1783138877301 0.9229970425367355 214
1783138880437 0.9229970574378967 215
1783138883576 0.9229970574378967 216
1783138886640 0.922997052470843 217
1783138889866 0.9229970624049505 218
1783138892895 0.922997052470843 219
1783138895975 0.9229970425367355 220
1783138899075 0.9229970475037893 221
1783138902234 0.922997052470843 222
1783138905296 0.9229970723390579 223
1783138908305 0.9229970475037893 224
1783138911303 0.9229970624049505 225
1783138914317 0.9229970624049505 226
1783138917449 0.9229970574378967 227
1783138920508 0.9229970574378967 228
1783138923609 0.9229970425367355 229
