1783138863997 0.20282190789779028 210
1783138867218 0.20282191038131714 211
1783138870503 0.2028219091395537 212
1783138873945 0.2028219091395537 213
1783138877301 0.20282189920544624 214
1783138880437 0.20282190789779028 215
1783138883576 0.20282190417249998 216
1783138886640 0.2028219016889731 217
1783138889866 0.2028219091395537 218
1783138892895 0.2028219091395537 219
1783138895975 0.20282190789779028 220
1783138899075 0.2028219091395537 221
1783138902234 0.20282191038131714 222
1783138905296 0.20282191162308058 223
1783138908305 0.2028219054142634 224
1783138911303 0.2028219091395537 225
1783138914317 0.20282191038131714 226
1783138917449 0.20282191162308058 227
1783138920508 0.20282191038131714 228
1783138923609 0.20282190417249998 229
