1783138863997 0.08642467173437278 210
1783138867218 0.08642467173437278 211
1783138870503 0.08642467173437278 212
1783138873945 0.08642467173437278 213
1783138877301 0.08642467173437278 214
1783138880437 0.08642467173437278 215
1783138883576 0.08642467173437278 216
1783138886640 0.08642467173437278 217
1783138889866 0.08642467173437278 218
1783138892895 0.08642467173437278 219
1783138895975 0.08642467173437278 220
1783138899075 0.08642467173437278 221
1783138902234 0.08642467173437278 222
1783138905296 0.08642467173437278 223
1783138908305 0.08642467173437278 224
1783138911303 0.08642467173437278 225
1783138914317 0.08642467173437278 226
1783138917449 0.08642467173437278 227
1783138920508 0.08642467173437278 228
1783138923609 0.08642467173437278 229
