1783138863997 1.4207065131102123 210
1783138867218 1.4207065019467002 211
1783138870503 1.4207065042186293 212
1783138873945 1.4207065124301677 213
1783138877301 1.4207064973282009 214
1783138880437 1.4207065246976904 215
1783138883576 1.420706510975932 216
1783138886640 1.4207065112168447 217
1783138889866 1.4207065145851143 218
1783138892895 1.4207064943255674 219
1783138895975 1.420706515052892 220
1783138899075 1.4207065306668143 221
1783138902234 1.4207065103783172 222
1783138905296 1.4207064990635718 223
1783138908305 1.4207064990170108 224
1783138911303 1.420706522134827 225
1783138914317 1.4207065203405316 226
1783138917449 1.4207064825297795 227
1783138920508 1.4207064938259497 228
1783138923609 1.4207065079170829 229
