1783138863997 3.9480215173744697 210
1783138867218 3.9560331716433033 211
1783138870503 3.9634771134574702 212
1783138873945 3.970093317598544 213
1783138877301 3.9756846932744074 214
1783138880437 3.9801169589753407 215
1783138883576 3.9833248712861042 216
1783138886640 3.985333781255651 217
1783138889866 3.9862009687784425 218
1783138892895 3.986038415559791 219
1783138895975 3.9850155073645213 220
1783138899075 3.983229758709476 221
1783138902234 3.980879991016433 222
1783138905296 3.9779909935910713 223
1783138908305 3.974748441627234 224
1783138911303 3.9712888411219036 225
1783138914317 3.967708446040692 226
1783138917449 3.9641341814116284 227
1783138920508 3.960527021491497 228
1783138923609 3.9568435252166654 229
