1783138863997 0.10672900137265241 210
1783138867218 0.10672900438293222 211
1783138870503 0.1067290012157906 212
1783138873945 0.106729001772523 213
1783138877301 0.10672899750349324 214
1783138880437 0.10672900231684597 215
1783138883576 0.10672900140550406 216
1783138886640 0.10672900137647282 217
1783138889866 0.10672900031535523 218
1783138892895 0.10672900455576287 219
1783138895975 0.1067290007499022 220
1783138899075 0.10672899866132986 221
1783138902234 0.10672899755451944 222
1783138905296 0.10672900236788103 223
1783138908305 0.1067290012613882 224
1783138911303 0.10672900261123633 225
1783138914317 0.1067289984109493 226
1783138917449 0.10672899968243758 227
1783138920508 0.10672900093656378 228
1783138923609 0.10672900074180133 229
