1783138863997 5.993428031603496 210
1783138867218 5.993428031603496 211
1783138870503 5.993428031603496 212
1783138873945 5.993428031603496 213
1783138877301 5.993428031603496 214
1783138880437 5.993428031603496 215
1783138883576 5.993428031603496 216
1783138886640 5.993428031603496 217
1783138889866 5.993428031603496 218
1783138892895 5.993428031603496 219
1783138895975 5.993428031603496 220
1783138899075 5.993428031603496 221
1783138902234 5.993428031603496 222
1783138905296 5.993428031603496 223
1783138908305 5.993428031603496 224
1783138911303 5.993428031603496 225
1783138914317 5.993428031603496 226
1783138917449 5.993428031603496 227
1783138920508 5.993428031603496 228
1783138923609 5.993428031603496 229
