1783138863997 0.40051629868420685 210
1783138867218 0.3916741579919312 211
1783138870503 0.386982705163174 212
1783138873945 0.38413521529454264 213
1783138877301 0.3810810574945414 214
1783138880437 0.3775152652821642 215
1783138883576 0.3753060347303397 216
1783138886640 0.37263967377029183 217
1783138889866 0.37050408087902187 218
1783138892895 0.3682921329834628 219
1783138895975 0.36654252528105424 220
1783138899075 0.3653715107800023 221
1783138902234 0.36430096359892267 222
1783138905296 0.3628875344664186 223
1783138908305 0.3620154760979317 224
1783138911303 0.3609420146090757 225
1783138914317 0.36010244793222385 226
1783138917449 0.3595442438219169 227
1783138920508 0.3588381808683305 228
1783138923609 0.35836866357905284 229
