1783138863997 0.28878562578133177 210
1783138867218 0.28730025389057273 211
1783138870503 0.28419510234485973 212
1783138873945 0.28220827315471053 213
1783138877301 0.2797996014780343 214
1783138880437 0.2780107157934603 215
1783138883576 0.2758917530614775 216
1783138886640 0.27391728709447005 217
1783138889866 0.2717375232207374 218
1783138892895 0.2691740321582414 219
1783138895975 0.2674408608991323 220
1783138899075 0.26623907124610824 221
1783138902234 0.2652513046017075 222
1783138905296 0.2642953474790055 223
1783138908305 0.26394032339199486 224
1783138911303 0.26348629911470306 225
1783138914317 0.2626183881737669 226
1783138917449 0.262581782637124 227
1783138920508 0.26219429712340303 228
1783138923609 0.26176492580305344 229
