1783138877301 1.1807667414347331 214
1783138880437 1.3450722098350525 215
1783138883576 1.3660421738257775 216
1783138886640 1.3224592208862305 217
1783138889866 1.3028060835461284 218
1783138892895 1.2675694559441237 219
1783138895975 1.2581054084002972 220
1783138899075 1.2616590350421506 221
1783138902234 1.2480866940816244 222
1783138905296 1.2405452379366246 223
1783138908305 1.2421838830157024 224
1783138911303 1.2317698528600294 225
1783138914317 1.225660811299863 226
1783138917449 1.2272352174270984 227
1783138920508 1.2248776178250367 228
1783138923609 1.2205696660418843 229
