1783138863997 1.1061185679652474 210
1783138867218 1.0855368073306866 211
1783138870503 1.0750918362310025 212
1783138873945 1.0688228394174333 213
1783138877301 1.0620969412461767 214
1783138880437 1.0543813570171383 215
1783138883576 1.0495739368477253 216
1783138886640 1.0437289369596985 217
1783138889866 1.0390767814209743 218
1783138892895 1.0340073821952491 219
1783138895975 1.0304587675162478 220
1783138899075 1.0279156087893064 221
1783138902234 1.025662970942492 222
1783138905296 1.022387030360463 223
1783138908305 1.020416514937942 224
1783138911303 1.0180357870143864 225
1783138914317 1.01621228484001 226
1783138917449 1.014930742561934 227
1783138920508 1.013415837859613 228
1783138923609 1.0123904928881664 229
