1783138863997 0.24321222305297852 210
1783138867218 0.2409612089395523 211
1783138870503 0.23876406252384186 212
1783138873945 0.2366395741701126 213
1783138877301 0.2346196174621582 214
1783138880437 0.23274432122707367 215
1783138883576 0.23753289878368378 216
1783138886640 0.23647886514663696 217
1783138889866 0.22820229828357697 218
1783138892895 0.23354960978031158 219
1783138895975 0.16983644664287567 220
1783138899075 0.2321314662694931 221
1783138902234 0.22387553751468658 222
1783138905296 0.22281132638454437 223
1783138908305 0.23637430369853973 224
1783138911303 0.20231413841247559 225
1783138914317 0.21949072182178497 226
1783138917449 0.20705725252628326 227
1783138920508 0.2235441654920578 228
1783138923609 0.21627694368362427 229
