1783138877301 -0.991141643840892 214
1783138880437 0.452341425837726 215
1783138883576 0.4739078803271413 216
1783138886640 0.5702713275413079 217
1783138889866 0.5992691272492615 218
1783138892895 0.5474623015907433 219
1783138895975 0.5226189415705461 220
1783138899075 0.481046439771899 221
1783138902234 0.5377700472285313 222
1783138905296 0.5128583281445571 223
1783138908305 0.5475260916833659 224
1783138911303 0.5905867213270733 225
1783138914317 0.5905264656665544 226
1783138917449 0.6218227454925477 227
1783138920508 0.6200237729336188 228
1783138923609 0.6206808782472387 229
