1783138863997 0.16827991604804993 210
1783138867218 0.17154492437839508 211
1783138870503 0.1749902069568634 212
1783138873945 0.17856669425964355 213
1783138877301 0.18224720656871796 214
1783138880437 0.18601375818252563 215
1783138883576 0.189838707447052 216
1783138886640 0.193745955824852 217
1783138889866 0.19773104786872864 218
1783138892895 0.20173722505569458 219
1783138895975 0.20570969581604004 220
1783138899075 0.20966294407844543 221
1783138902234 0.21337299048900604 222
1783138905296 0.21702341735363007 223
1783138908305 0.21707171201705933 224
1783138911303 0.21576744318008423 225
1783138914317 0.21452979743480682 226
1783138917449 0.2132754772901535 227
1783138920508 0.21204252541065216 228
1783138923609 0.21079957485198975 229
