1783138863997 0.6495823164780935 210
1783138867218 0.6422440807024637 211
1783138870503 0.6341034223635992 212
1783138873945 0.6251458525657654 213
1783138877301 0.6154251595338186 214
1783138880437 0.6050699402888616 215
1783138883576 0.5930390606323878 216
1783138886640 0.5817559957504272 217
1783138889866 0.5717470844586691 218
1783138892895 0.5590042769908905 219
1783138895975 0.5419930269320806 220
1783138899075 0.5377331376075745 221
1783138902234 0.5279503390192986 222
1783138905296 0.5175886924068133 223
1783138908305 0.5182623341679573 224
1783138911303 0.4939219504594803 225
1783138914317 0.48695242404937744 226
1783138917449 0.47273850440979004 227
1783138920508 0.4664605185389519 228
1783138923609 0.45665747423966724 229
