1783138863997 0.65838981803663 210
1783138867218 0.658389811677466 211
1783138870503 0.6583898127779665 212
1783138873945 0.6583898120339706 213
1783138877301 0.6583897984976633 214
1783138880437 0.6583898363615008 215
1783138883576 0.6583898144672284 216
1783138886640 0.658389808360936 217
1783138889866 0.6583898227988759 218
1783138892895 0.6583898127202906 219
1783138895975 0.6583898160687907 220
1783138899075 0.6583898261530555 221
1783138902234 0.6583898043813877 222
1783138905296 0.6583898043599257 223
1783138908305 0.6583897912631755 224
1783138911303 0.6583898074322401 225
1783138914317 0.6583898166633908 226
1783138917449 0.6583898115194382 227
1783138920508 0.6583898124155039 228
1783138923609 0.6583898055903034 229
