1783138863997 0.9869459739046329 210
1783138867218 0.986945973787502 211
1783138870503 0.986945975259871 212
1783138873945 0.9869459732982858 213
1783138877301 0.9869459713808942 214
1783138880437 0.9869459756854364 215
1783138883576 0.9869459734550429 216
1783138886640 0.9869459728747128 217
1783138889866 0.9869459730369244 218
1783138892895 0.9869459727178249 219
1783138895975 0.9869459729084418 220
1783138899075 0.986945971944707 221
1783138902234 0.9869459739562921 222
1783138905296 0.9869459729176436 223
1783138908305 0.9869459715810375 224
1783138911303 0.9869459716837494 225
1783138914317 0.9869459719464406 226
1783138917449 0.9869459736867797 227
1783138920508 0.9869459714334553 228
1783138923609 0.9869459714663988 229
