1783138863997 0.7712630033493042 210
1783138867218 0.7712630033493042 211
1783138870503 0.7712630033493042 212
1783138873945 0.7712630033493042 213
1783138877301 0.7712630033493042 214
1783138880437 0.7712630033493042 215
1783138883576 0.7712630033493042 216
1783138886640 0.7712630033493042 217
1783138889866 0.7712630033493042 218
1783138892895 0.7712630033493042 219
1783138895975 0.7712630033493042 220
1783138899075 0.7712630033493042 221
1783138902234 0.7712630033493042 222
1783138905296 0.7712630033493042 223
1783138908305 0.7712630033493042 224
1783138911303 0.7712630033493042 225
1783138914317 0.7712630033493042 226
1783138917449 0.7712630033493042 227
1783138920508 0.7712630033493042 228
1783138923609 0.7712630033493042 229
