1783138863997 0.6584425767262777 210
1783138867218 0.6584425767262777 211
1783138870503 0.6584425767262777 212
1783138873945 0.6584425767262777 213
1783138877301 0.6584425767262777 214
1783138880437 0.6584425767262777 215
1783138883576 0.6584425767262777 216
1783138886640 0.6584425767262777 217
1783138889866 0.6584425767262777 218
1783138892895 0.6584425767262777 219
1783138895975 0.6584425767262777 220
1783138899075 0.6584425767262777 221
1783138902234 0.6584425767262777 222
1783138905296 0.6584425767262777 223
1783138908305 0.6584425767262777 224
1783138911303 0.6584425767262777 225
1783138914317 0.6584425767262777 226
1783138917449 0.6584425767262777 227
1783138920508 0.6584425767262777 228
1783138923609 0.6584425767262777 229
