1783138863997 0.2287369966506958 210
1783138867218 0.2287369966506958 211
1783138870503 0.2287369966506958 212
1783138873945 0.2287369966506958 213
1783138877301 0.2287369966506958 214
1783138880437 0.2287369966506958 215
1783138883576 0.2287369966506958 216
1783138886640 0.2287369966506958 217
1783138889866 0.2287369966506958 218
1783138892895 0.2287369966506958 219
1783138895975 0.2287369966506958 220
1783138899075 0.2287369966506958 221
1783138902234 0.2287369966506958 222
1783138905296 0.2287369966506958 223
1783138908305 0.2287369966506958 224
1783138911303 0.2287369966506958 225
1783138914317 0.2287369966506958 226
1783138917449 0.2287369966506958 227
1783138920508 0.2287369966506958 228
1783138923609 0.2287369966506958 229
