1783138863997 0.7204066614309946 210
1783138867218 0.7204066614309946 211
1783138870503 0.7204066614309946 212
1783138873945 0.7204066614309946 213
1783138877301 0.7204066614309946 214
1783138880437 0.7204066614309946 215
1783138883576 0.7204066614309946 216
1783138886640 0.7204066614309946 217
1783138889866 0.7204066614309946 218
1783138892895 0.7204066614309946 219
1783138895975 0.7204066614309946 220
1783138899075 0.7204066614309946 221
1783138902234 0.7204066614309946 222
1783138905296 0.7204066614309946 223
1783138908305 0.7204066614309946 224
1783138911303 0.7204066614309946 225
1783138914317 0.7204066614309946 226
1783138917449 0.7204066614309946 227
1783138920508 0.7204066614309946 228
1783138923609 0.7204066614309946 229
