1783138863997 0.34155742327372235 210
1783138867218 0.34155742327372235 211
1783138870503 0.34155742327372235 212
1783138873945 0.34155742327372235 213
1783138877301 0.34155742327372235 214
1783138880437 0.34155742327372235 215
1783138883576 0.34155742327372235 216
1783138886640 0.34155742327372235 217
1783138889866 0.34155742327372235 218
1783138892895 0.34155742327372235 219
1783138895975 0.34155742327372235 220
1783138899075 0.34155742327372235 221
1783138902234 0.34155742327372235 222
1783138905296 0.34155742327372235 223
1783138908305 0.34155742327372235 224
1783138911303 0.34155742327372235 225
1783138914317 0.34155742327372235 226
1783138917449 0.34155742327372235 227
1783138920508 0.34155742327372235 228
1783138923609 0.34155742327372235 229
