1783138863997 0.7118108620246252 210
1783138867218 0.7118108570575714 211
1783138870503 0.7118108570575714 212
1783138873945 0.7118108570575714 213
1783138877301 0.7118108570575714 214
1783138880437 0.7118108570575714 215
1783138883576 0.7118108570575714 216
1783138886640 0.7118108570575714 217
1783138889866 0.7118108570575714 218
1783138892895 0.7118108570575714 219
1783138895975 0.7118108570575714 220
1783138899075 0.7118108570575714 221
1783138902234 0.7118108570575714 222
1783138905296 0.7118108570575714 223
1783138908305 0.7118108570575714 224
1783138911303 0.7118108570575714 225
1783138914317 0.7118108570575714 226
1783138917449 0.7118108570575714 227
1783138920508 0.7118108570575714 228
1783138923609 0.7118108570575714 229
