1782943056055 0.17397314310073853 121
1782943060647 0.17397314310073853 122
1782943062890 0.17397314310073853 123
1782943063553 0.17397313316663107 124
1782943064562 0.17397313813368478 125
1782943065228 0.17397314310073853 126
1782943066228 0.17397313813368478 127
1782943066895 0.17397313813368478 128
1782943067904 0.17397314310073853 129
1782943068582 0.17397314806779227 130
1782943069625 0.17397314310073853 131
1782943070334 0.17397312819957733 132
1782943071405 0.17397314310073853 133
1782943072117 0.17397313813368478 134
1782943073235 0.17397315303484598 135
1782943073952 0.17397313813368478 136
1782943075131 0.17397313813368478 137
1782943075812 0.17397314806779227 138
1782943076869 0.17397313813368478 139
1782943077546 0.17397313813368478 140
