1782943056055 0.8916420936584473 121
1782943060647 0.8916420340538025 122
1782943062890 0.8916421333948771 123
1782943063553 0.8916419545809428 124
1782943064562 0.8916422327359518 125
1782943065228 0.8916420936584473 126
1782943066228 0.8916418353716532 127
1782943066895 0.891641894976298 128
1782943067904 0.8916417558987936 129
1782943068582 0.8916420340538025 130
1782943069625 0.8916420340538025 131
1782943070334 0.8916418353716532 132
1782943071405 0.8916420936584473 133
1782943072117 0.8916420141855875 134
1782943073235 0.8916421929995219 135
1782943073952 0.8916418353716532 136
1782943075131 0.8916422327359518 137
1782943075812 0.8916420340538025 138
1782943076869 0.8916419943173727 139
1782943077546 0.8916419148445129 140
