1782943056055 0.01603067674033756 121
1782943060647 0.01603067707302315 122
1782943062890 0.016030676898023913 123
1782943063553 0.016030677144314037 124
1782943064562 0.01603067669281494 125
1782943065228 0.016030676616447158 126
1782943066228 0.016030676632721647 127
1782943066895 0.016030676837950356 128
1782943067904 0.016030675883572005 129
1782943068582 0.016030676135357556 130
1782943069625 0.016030676211362487 131
1782943070334 0.016030677338221184 132
1782943071405 0.016030676315219965 133
1782943072117 0.016030675759321916 134
1782943073235 0.016030677315111246 135
1782943073952 0.01603067620104272 136
1782943075131 0.016030676053295972 137
1782943075812 0.016030677842557583 138
1782943076869 0.016030677870967288 139
1782943077546 0.016030677422431704 140
