1782943056055 0.04059508194526037 121
1782943060647 0.04059508442878723 122
1782943062890 0.04059508442878723 123
1782943063553 0.04059508442878723 124
1782943064562 0.04059508442878723 125
1782943065228 0.04059508442878723 126
1782943066228 0.04059508442878723 127
1782943066895 0.04059508442878723 128
1782943067904 0.04059508442878723 129
1782943068582 0.04059508442878723 130
1782943069625 0.04059508442878723 131
1782943070334 0.04059508442878723 132
1782943071405 0.04059508442878723 133
1782943072117 0.04059508442878723 134
1782943073235 0.04059508442878723 135
1782943073952 0.04059508442878723 136
1782943075131 0.04059508442878723 137
1782943075812 0.04059508442878723 138
1782943076869 0.04059508442878723 139
1782943077546 0.04059508442878723 140
