1782943056055 0.7659632921760743 121
1782943060647 0.7659632303506209 122
1782943062890 0.7659632516952168 123
1782943063553 0.7659632495893415 124
1782943064562 0.7659632851021959 125
1782943065228 0.7659633012527661 126
1782943066228 0.7659632739124378 127
1782943066895 0.7659632666921302 128
1782943067904 0.765963208966728 129
1782943068582 0.7659632821899423 130
1782943069625 0.7659632332543262 131
1782943070334 0.7659633204979238 132
1782943071405 0.7659632856572802 133
1782943072117 0.7659632785547764 134
1782943073235 0.7659633162541329 135
1782943073952 0.7659632318184272 136
1782943075131 0.7659632466690859 137
1782943075812 0.7659633580083791 138
1782943076869 0.7659633201657771 139
1782943077546 0.7659633200757181 140
