1782943056055 7.81999397277832 121
1782943060647 7.819993813832601 122
1782943062890 7.81999413172404 123
1782943063553 7.819993813832601 124
1782943064562 7.819993336995442 125
1782943065228 7.819993336995442 126
1782943066228 7.819992542266846 127
1782943066895 7.819992542266846 128
1782943067904 7.819992542266846 129
1782943068582 7.819990952809651 130
1782943069625 7.819990952809651 131
1782943070334 7.819990952809651 132
1782943071405 7.819990952809651 133
1782943072117 7.819990952809651 134
1782943073235 7.819990952809651 135
1782943073952 7.819990952809651 136
1782943075131 7.819990952809651 137
1782943075812 7.819990952809651 138
1782943076869 7.819990952809651 139
1782943077546 7.819990952809651 140
