1782943056055 0.02698259369323128 121
1782943060647 0.02698259683031785 122
1782943062890 0.026982590556144714 123
1782943063553 0.02698259761458949 124
1782943064562 0.026982603888762623 125
1782943065228 0.02698259839886113 126
1782943066228 0.02698259369323128 127
1782943066895 0.026982589771873074 128
1782943067904 0.026982599183132772 129
1782943068582 0.026982595261774565 130
1782943069625 0.02698259839886113 131
1782943070334 0.02698259761458949 132
1782943071405 0.026982596046046206 133
1782943072117 0.026982599183132772 134
1782943073235 0.026982596046046206 135
1782943073952 0.026982605457305908 136
1782943075131 0.026982595261774565 137
1782943075812 0.026982596046046206 138
1782943076869 0.02698259683031785 139
1782943077546 0.026982596046046206 140
