1782943056055 0.20112230986867688 121
1782943060647 0.20112231696108046 122
1782943062890 0.20112222214253872 123
1782943063553 0.20112228853723582 124
1782943064562 0.20112231389847965 125
1782943065228 0.20112226271829597 126
1782943066228 0.20112230454567198 127
1782943066895 0.2011222892306309 128
1782943067904 0.20112228458197096 129
1782943068582 0.20112233901078258 130
1782943069625 0.20112227017975587 131
1782943070334 0.20112239879601645 132
1782943071405 0.20112226334401953 133
1782943072117 0.20112234232847967 134
1782943073235 0.20112226134293468 135
1782943073952 0.201122278575669 136
1782943075131 0.20112235878561924 137
1782943075812 0.20112233052748602 138
1782943076869 0.20112230054935648 139
1782943077546 0.20112230266118522 140
