1782943056055 0.22477436065673828 121
1782943060647 0.22478336095809937 122
1782943062890 0.22478465735912323 123
1782943063553 0.2247876524925232 124
1782943064562 0.22479049861431122 125
1782943065228 0.2247915118932724 126
1782943066228 0.22479189932346344 127
1782943066895 0.2247922271490097 128
1782943067904 0.22479267418384552 129
1782943068582 0.22479581832885742 130
1782943069625 0.22479604184627533 131
1782943070334 0.22479604184627533 132
1782943071405 0.22479604184627533 133
1782943072117 0.22479601204395294 134
1782943073235 0.22479601204395294 135
1782943073952 0.22479604184627533 136
1782943075131 0.22479604184627533 137
1782943075812 0.22479604184627533 138
1782943076869 0.22479604184627533 139
1782943077546 0.22479604184627533 140
