1782943056055 0.25610223412513733 121
1782943060647 0.256099134683609 122
1782943062890 0.25609859824180603 123
1782943063553 0.2560974955558777 124
1782943064562 0.2560965120792389 125
1782943065228 0.25609612464904785 126
1782943066228 0.25609588623046875 127
1782943066895 0.2560957372188568 128
1782943067904 0.2560955882072449 129
1782943068582 0.2560945749282837 130
1782943069625 0.25609448552131653 131
1782943070334 0.25609448552131653 132
1782943071405 0.25609448552131653 133
1782943072117 0.2560945451259613 134
1782943073235 0.2560945451259613 135
1782943073952 0.2560945749282837 136
1782943075131 0.2560945749282837 137
1782943075812 0.2560945749282837 138
1782943076869 0.2560945749282837 139
1782943077546 0.2560945749282837 140
