1782943056055 0.043550390159072035 121
1782943060647 0.043550390159072035 122
1782943062890 0.043550388399525325 123
1782943063553 0.043550388399525325 124
1782943064562 0.043550389279298676 125
1782943065228 0.043550386639978615 126
1782943066228 0.043550388399525325 127
1782943066895 0.043550389279298676 128
1782943067904 0.04355039191861874 129
1782943068582 0.043550389279298676 130
1782943069625 0.043550389279298676 131
1782943070334 0.043550386639978615 132
1782943071405 0.04355038751975197 133
1782943072117 0.04355038576020526 134
1782943073235 0.043550388399525325 135
1782943073952 0.04355038751975197 136
1782943075131 0.043550390159072035 137
1782943075812 0.043550392798392096 138
1782943076869 0.043550389279298676 139
1782943077546 0.043550390159072035 140
