1782943056055 0.2671973705291748 121
1782943060647 0.26719358563423157 122
1782943062890 0.26719313859939575 123
1782943063553 0.26719191670417786 124
1782943064562 0.26719072461128235 125
1782943065228 0.2671903073787689 126
1782943066228 0.2671903073787689 127
1782943066895 0.26719018816947937 128
1782943067904 0.26719003915786743 129
1782943068582 0.26718854904174805 130
1782943069625 0.2671884298324585 131
1782943070334 0.2671884298324585 132
1782943071405 0.2671884596347809 133
1782943072117 0.2671884298324585 134
1782943073235 0.2671884298324585 135
1782943073952 0.2671884000301361 136
1782943075131 0.2671884000301361 137
1782943075812 0.2671884000301361 138
1782943076869 0.2671884000301361 139
1782943077546 0.2671884000301361 140
