1782943056055 1.384110649426778 121
1782943060647 1.384111722310384 122
1782943062890 1.3841119209925334 123
1782943063553 1.3841124773025513 124
1782943064562 1.3841127554575603 125
1782943065228 1.38411283493042 126
1782943066228 1.3841128746668498 127
1782943066895 1.3841129541397095 128
1782943067904 1.384113033612569 129
1782943068582 1.3841134309768677 130
1782943069625 1.3841135104497273 131
1782943070334 1.3841135104497273 132
1782943071405 1.3841135501861572 133
1782943072117 1.3841135501861572 134
1782943073235 1.3841135501861572 135
1782943073952 1.3841135501861572 136
1782943075131 1.3841135501861572 137
1782943075812 1.3841135501861572 138
1782943076869 1.3841135501861572 139
1782943077546 1.3841135501861572 140
