1782943056055 1.0437208811442058 121
1782943060647 1.0437208811442058 122
1782943062890 1.0437208811442058 123
1782943063553 1.0437208811442058 124
1782943064562 1.0437208811442058 125
1782943065228 1.0437208811442058 126
1782943066228 1.0437208811442058 127
1782943066895 1.0437208811442058 128
1782943067904 1.0437208811442058 129
1782943068582 1.0437208811442058 130
1782943069625 1.0437208811442058 131
1782943070334 1.0437208811442058 132
1782943071405 1.0437208811442058 133
1782943072117 1.0437208811442058 134
1782943073235 1.0437208811442058 135
1782943073952 1.0437208811442058 136
1782943075131 1.0437208811442058 137
1782943075812 1.0437208811442058 138
1782943076869 1.0437208811442058 139
1782943077546 1.0437208811442058 140
