1782943056055 0.7024998068809509 121
1782943060647 0.7024998068809509 122
1782943062890 0.7024998068809509 123
1782943063553 0.7024998068809509 124
1782943064562 0.7024998068809509 125
1782943065228 0.7024998068809509 126
1782943066228 0.7024998068809509 127
1782943066895 0.7024998068809509 128
1782943067904 0.7024998068809509 129
1782943068582 0.7024998068809509 130
1782943069625 0.7024998068809509 131
1782943070334 0.7024998068809509 132
1782943071405 0.7024998068809509 133
1782943072117 0.7024998068809509 134
1782943073235 0.7024998068809509 135
1782943073952 0.7024998068809509 136
1782943075131 0.7024998068809509 137
1782943075812 0.7024998068809509 138
1782943076869 0.7024998068809509 139
1782943077546 0.7024998068809509 140
