1782943056055 0.6446096301078796 121
1782943060647 0.6445916493733724 122
1782943062890 0.6446195244789124 123
1782943063553 0.6445928812026978 124
1782943064562 0.644595225652059 125
1782943065228 0.644595225652059 126
1782943066228 0.644595225652059 127
1782943066895 0.644595225652059 128
1782943067904 0.644595225652059 129
1782943068582 0.644595225652059 130
1782943069625 0.6445726354916891 131
1782943070334 0.6445726354916891 132
1782943071405 0.6445726354916891 133
1782943072117 0.6445726354916891 134
1782943073235 0.6445726354916891 135
1782943073952 0.6445726354916891 136
1782943075131 0.6445726354916891 137
1782943075812 0.6445726354916891 138
1782943076869 0.6445726354916891 139
1782943077546 0.6445726354916891 140
