1782943056055 1.1480087439219158 121
1782943060647 1.1480073531468709 122
1782943062890 1.148009459177653 123
1782943063553 1.1480073928833008 124
1782943064562 1.1480075120925903 125
1782943065228 1.1480075120925903 126
1782943066228 1.1480075120925903 127
1782943066895 1.1480075120925903 128
1782943067904 1.1480075120925903 129
1782943068582 1.1480074723561604 130
1782943069625 1.1480058034261067 131
1782943070334 1.1480058034261067 132
1782943071405 1.1480058034261067 133
1782943072117 1.1480058034261067 134
1782943073235 1.1480058034261067 135
1782943073952 1.1480058034261067 136
1782943075131 1.1480058034261067 137
1782943075812 1.1480058034261067 138
1782943076869 1.1480058034261067 139
1782943077546 1.1480058034261067 140
