1782941475387 0.9724934895833334 101
1782941481232 0.9718424479166666 102
1782941484689 0.9713541666666666 103
1782941485343 0.9710286458333334 104
1782941486338 0.9708658854166666 105
1782941486994 0.9708658854166666 106
1782941487969 0.9705403645833334 107
1782941488624 0.9705403645833334 108
1782941489604 0.9703776041666666 109
1782941490255 0.9703776041666666 110
1782941491233 0.9703776041666666 111
1782941491884 0.9703776041666666 112
1782941492859 0.9703776041666666 113
1782941493504 0.9703776041666666 114
1782941494491 0.9703776041666666 115
1782941495144 0.9703776041666666 116
1782941496150 0.9703776041666666 117
1782941496803 0.9703776041666666 118
1782941497896 0.9703776041666666 119
1782941498543 0.9703776041666666 120
