1782941475387 0.7659632872480614 101
1782941481232 0.7659632711814107 102
1782941484689 0.7659632446650586 103
1782941485343 0.7659633191413583 104
1782941486338 0.765963302304178 105
1782941486994 0.7659633124639162 106
1782941487969 0.7659632782798899 107
1782941488624 0.7659632519343124 108
1782941489604 0.7659633122454917 109
1782941490255 0.7659632696475379 110
1782941491233 0.7659633066613662 111
1782941491884 0.7659632468896321 112
1782941492859 0.7659632999165135 113
1782941493504 0.7659632484451805 114
1782941494491 0.7659632805035989 115
1782941495144 0.7659632512545901 116
1782941496150 0.765963344565566 117
1782941496803 0.7659632022231335 118
1782941497896 0.7659632947842318 119
1782941498543 0.7659632765973123 120
