1782941475387 0.01603067639485886 101
1782941481232 0.016030676445758982 102
1782941484689 0.016030676205842382 103
1782941485343 0.016030676869590286 104
1782941486338 0.01603067656739839 105
1782941486994 0.016030676445365266 106
1782941487969 0.016030676751235255 107
1782941488624 0.01603067654624584 108
1782941489604 0.016030676981991746 109
1782941490255 0.016030676818527767 110
1782941491233 0.016030676725708317 111
1782941491884 0.016030676471790347 112
1782941492859 0.016030677813700298 113
1782941493504 0.01603067664165206 114
1782941494491 0.01603067689993291 115
1782941495144 0.016030676236440927 116
1782941496150 0.01603067787338495 117
1782941496803 0.016030675549320358 118
1782941497896 0.016030676642371216 119
1782941498543 0.016030676642848834 120
