1782941475387 0.01782810439666112 101
1782941481232 0.017828103775779407 102
1782941484689 0.017828102534015972 103
1782941485343 0.017828102534015972 104
1782941486338 0.01782810315489769 105
1782941486994 0.01782810315489769 106
1782941487969 0.01782810315489769 107
1782941488624 0.01782810315489769 108
1782941489604 0.01782810315489769 109
1782941490255 0.017828105638424557 110
1782941491233 0.01782810315489769 111
1782941491884 0.01782810315489769 112
1782941492859 0.01782810439666112 113
1782941493504 0.01782810501754284 114
1782941494491 0.01782810439666112 115
1782941495144 0.017828102534015972 116
1782941496150 0.01782810439666112 117
1782941496803 0.01782810439666112 118
1782941497896 0.01782810315489769 119
1782941498543 0.017828103775779407 120
