1782941475387 0.028490763778487842 101
1782941481232 0.028490763778487842 102
1782941484689 0.028490763778487842 103
1782941485343 0.028490762536724407 104
1782941486338 0.028490763778487842 105
1782941486994 0.028490762536724407 106
1782941487969 0.028490763778487842 107
1782941488624 0.028490761915842693 108
1782941489604 0.028490763778487842 109
1782941490255 0.028490763778487842 110
1782941491233 0.028490762536724407 111
1782941491884 0.028490763778487842 112
1782941492859 0.028490762536724407 113
1782941493504 0.028490764399369557 114
1782941494491 0.028490763157606125 115
1782941495144 0.028490764399369557 116
1782941496150 0.028490765020251274 117
1782941496803 0.028490763778487842 118
1782941497896 0.028490764399369557 119
1782941498543 0.028490761915842693 120
