1782941475387 0.21231786906719208 101
1782941481232 0.21552330255508423 102
1782941484689 0.21795488893985748 103
1782941485343 0.2197675108909607 104
1782941486338 0.2211095541715622 105
1782941486994 0.22209902107715607 106
1782941487969 0.222822904586792 107
1782941488624 0.22335542738437653 108
1782941489604 0.22374457120895386 109
1782941490255 0.2240271121263504 110
1782941491233 0.22423940896987915 111
1782941491884 0.22438836097717285 112
1782941492859 0.22450299561023712 113
1782941493504 0.22457890212535858 114
1782941494491 0.2246364802122116 115
1782941495144 0.22468161582946777 116
1782941496150 0.22471125423908234 117
1782941496803 0.2247377634048462 118
1782941497896 0.224753275513649 119
1782941498543 0.22476617991924286 120
