1782941475387 0.2723378837108612 101
1782941481232 0.27103832364082336 102
1782941484689 0.27003908157348633 103
1782941485343 0.26928892731666565 104
1782941486338 0.268731027841568 105
1782941486994 0.2683180272579193 106
1782941487969 0.268015593290329 107
1782941488624 0.2677927315235138 108
1782941489604 0.2676295340061188 109
1782941490255 0.2675110101699829 110
1782941491233 0.26742199063301086 111
1782941491884 0.26735958456993103 112
1782941492859 0.26731136441230774 113
1782941493504 0.26727980375289917 114
1782941494491 0.26725518703460693 115
1782941495144 0.2672363817691803 116
1782941496150 0.267223984003067 117
1782941496803 0.26721295714378357 118
1782941497896 0.26720619201660156 119
1782941498543 0.2672007381916046 120
