1782941475387 1.4244451169614438 101
1782941481232 1.4321749210357666 102
1782941484689 1.4267828982809316 103
1782941485343 1.4208419106223367 104
1782941486338 1.4208418239246716 105
1782941486994 1.4171131678989954 106
1782941487969 1.4216341018676757 107
1782941488624 1.4232289665623714 108
1782941489604 1.4232289163689864 109
1782941490255 1.4232290167557566 110
1782941491233 1.4232288661756014 111
1782941491884 1.4232288159822162 112
1782941492859 1.4232289163689864 113
1782941493504 1.4232289665623714 114
1782941494491 1.4232288661756014 115
1782941495144 1.4232289163689864 116
1782941496150 1.4232289665623714 117
1782941496803 1.4232290167557566 118
1782941497896 1.4232288159822162 119
1782941498543 1.4232287657888312 120
