1782941475387 0.2605227530002594 101
1782941481232 0.25937435030937195 102
1782941484689 0.2585090100765228 103
1782941485343 0.25786659121513367 104
1782941486338 0.2573922574520111 105
1782941486994 0.2570434510707855 106
1782941487969 0.2567882835865021 107
1782941488624 0.2566007971763611 108
1782941489604 0.2564639747142792 109
1782941490255 0.25636470317840576 110
1782941491233 0.25629016757011414 111
1782941491884 0.2562377154827118 112
1782941492859 0.2561974823474884 113
1782941493504 0.2561706304550171 114
1782941494491 0.2561507225036621 115
1782941495144 0.2561347782611847 116
1782941496150 0.2561242878437042 117
1782941496803 0.25611504912376404 118
1782941497896 0.25610971450805664 119
1782941498543 0.2561051547527313 120
