1782941475387 0.045333785748263015 101
1782941481232 0.044680890095592056 102
1782941484689 0.044295569912332 103
1782941485343 0.04422906252342885 104
1782941486338 0.04419451579451561 105
1782941486994 0.044068187127317436 106
1782941487969 0.04397945549651867 107
1782941488624 0.043883839193380104 108
1782941489604 0.04378671484782284 109
1782941490255 0.04364548119470533 110
1782941491233 0.04364547764944764 111
1782941491884 0.043645480308390903 112
1782941492859 0.043645482081019746 113
1782941493504 0.04359787570105659 114
1782941494491 0.04359787570105659 115
1782941495144 0.043550388399525325 116
1782941496150 0.043550389279298676 117
1782941496803 0.043550389279298676 118
1782941497896 0.04355039191861874 119
1782941498543 0.04355039191861874 120
