1782941475387 0.029330079202298766 101
1782941481232 0.02917705165843169 102
1782941484689 0.02792772326780402 103
1782941485343 0.02854257822036743 104
1782941486338 0.028542575511065395 105
1782941486994 0.02755163326149895 106
1782941487969 0.027240137010812758 107
1782941488624 0.026982604673034268 108
1782941489604 0.026982600751676057 109
1782941490255 0.026982603888762623 110
1782941491233 0.026982591340416355 111
1782941491884 0.02698259683031785 112
1782941492859 0.026982602320219342 113
1782941493504 0.02698259839886113 114
1782941494491 0.02698259290895964 115
1782941495144 0.026982599183132772 116
1782941496150 0.026982600751676057 117
1782941496803 0.026982590556144714 118
1782941497896 0.026982592124688 119
1782941498543 0.026982587419058148 120
