1782941475387 0.020701507262162938 101
1782941481232 0.020305057094521718 102
1782941484689 0.020052172695536753 103
1782941485343 0.019781301732648884 104
1782941486338 0.019653715851450135 105
1782941486994 0.01964564103606745 106
1782941487969 0.01946878433227539 107
1782941488624 0.01938210331278739 108
1782941489604 0.01938450572726963 109
1782941490255 0.01934743919165613 110
1782941491233 0.019347440916202815 111
1782941491884 0.019347441347339487 112
1782941492859 0.019347440485066144 113
1782941493504 0.01932670629542807 114
1782941494491 0.019326706727345783 115
1782941495144 0.019306013242302703 116
1782941496150 0.019306012376899512 117
1782941496803 0.01930601151149632 118
1782941497896 0.019306012809601106 119
1782941498543 0.019306012376899512 120
