1782941475387 0.1671427438656489 101
1782941481232 0.16714275379975638 102
1782941484689 0.16714275379975638 103
1782941485343 0.16714275379975638 104
1782941486338 0.16714275379975638 105
1782941486994 0.16714275379975638 106
1782941487969 0.16714275379975638 107
1782941488624 0.1671427438656489 108
1782941489604 0.16714275379975638 109
1782941490255 0.16714274883270264 110
1782941491233 0.16714274883270264 111
1782941491884 0.16714275379975638 112
1782941492859 0.16714274883270264 113
1782941493504 0.16714274883270264 114
1782941494491 0.16714274883270264 115
1782941495144 0.16714275379975638 116
1782941496150 0.16714274883270264 117
1782941496803 0.16714274883270264 118
1782941497896 0.16714274883270264 119
1782941498543 0.16714274883270264 120
