1782941475387 2.0643308169128196 101
1782941481232 2.0642870239185536 102
1782941484689 2.064265972719328 103
1782941485343 2.064259895205301 104
1782941486338 2.064259937513283 105
1782941486994 2.0642622169343636 106
1782941487969 2.0642665266555014 107
1782941488624 2.06426905825811 108
1782941489604 2.0642722053351097 109
1782941490255 2.064274701191961 110
1782941491233 2.06427582700418 111
1782941491884 2.0642774555352625 112
1782941492859 2.064278382365373 113
1782941493504 2.0642792927779263 114
1782941494491 2.064280472744821 115
1782941495144 2.0642805375339686 116
1782941496150 2.0642812130618218 117
1782941496803 2.0642807670605277 118
1782941497896 2.0642810116312518 119
1782941498543 2.0642813768796047 120
