1782941475387 -0.04372088114420573 101
1782941481232 -0.04372088114420573 102
1782941484689 -0.04372088114420573 103
1782941485343 -0.04372088114420573 104
1782941486338 -0.04372088114420573 105
1782941486994 -0.04372088114420573 106
1782941487969 -0.04372088114420573 107
1782941488624 -0.04372088114420573 108
1782941489604 -0.04372088114420573 109
1782941490255 -0.04372088114420573 110
1782941491233 -0.04372088114420573 111
1782941491884 -0.04372088114420573 112
1782941492859 -0.04372088114420573 113
1782941493504 -0.04372088114420573 114
1782941494491 -0.04372088114420573 115
1782941495144 -0.04372088114420573 116
1782941496150 -0.04372088114420573 117
1782941496803 -0.04372088114420573 118
1782941497896 -0.04372088114420573 119
1782941498543 -0.04372088114420573 120
