1782941475387 0.15781076749165854 101
1782941481232 0.15781077245871225 102
1782941484689 0.15781077245871225 103
1782941485343 0.15781077245871225 104
1782941486338 0.15781077245871225 105
1782941486994 0.15781077245871225 106
1782941487969 0.15781077245871225 107
1782941488624 0.15781077245871225 108
1782941489604 0.15781077245871225 109
1782941490255 0.15781077245871225 110
1782941491233 0.15781077245871225 111
1782941491884 0.15781077245871225 112
1782941492859 0.15781077245871225 113
1782941493504 0.15781077245871225 114
1782941494491 0.15781077245871225 115
1782941495144 0.15781077245871225 116
1782941496150 0.15781077245871225 117
1782941496803 0.15781077245871225 118
1782941497896 0.15781077245871225 119
1782941498543 0.15781077245871225 120
