1783151397979 2.316008123552395 356
1783151403549 2.3160079480265368 357
1783151409006 2.3160081438690536 358
1783151414411 2.316007966117372 359
1783151419829 2.3160079764853023 360
1783151425268 2.3160080338001987 361
1783151430682 2.316008214318647 362
1783151436060 2.31600811655523 363
1783151441546 2.3160081145992963 364
1783151446929 2.3160081718894867 365
1783151452377 2.316008198920897 366
1783151458137 2.316008178163482 367
1783151463680 2.31600811257303 368
1783151469424 2.316008067094318 369
1783151474985 2.3160081121520744 370
1783151480594 2.3160081476749 371
1783151486216 2.3160079329666474 372
1783151491779 2.3160080606133393 373
1783151497347 2.316008052217915 374
1783151502919 2.3160081399010117 375
1783151508401 2.31600817110963 376
1783151513844 2.316008017335797 377
1783151519259 2.3160081480152495 378
1783151524681 2.3160080750313026 379
1783151530001 2.3160079818375 380
1783151535385 2.31600815710223 381
1783151540881 2.3160081203195997 382
1783151546257 2.3160080808115295 383
1783151551956 2.3160079335178634 384
1783151557699 2.31600807237959 385
