1783151397979 0.33064070991847827 356
1783151403549 0.329154636548913 357
1783151409006 0.32852836277173914 358
1783151414411 0.3326256793478261 359
1783151419829 0.3330078125 360
1783151425268 0.33595872961956524 361
1783151430682 0.33627717391304346 362
1783151436060 0.34415336277173914 363
1783151441546 0.3422957710597826 364
1783151446929 0.3377738620923913 365
1783151452377 0.34298573369565216 366
1783151458137 0.3465629245923913 367
1783151463680 0.34499193274456524 368
1783151469424 0.35421620244565216 369
1783151474985 0.35787831182065216 370
1783151480594 0.3492484714673913 371
1783151486216 0.36427904211956524 372
1783151491779 0.36154042119565216 373
1783151497347 0.37062669836956524 374
1783151502919 0.3957625679347826 375
1783151508401 0.36003311820652173 376
1783151513844 0.38991380774456524 377
1783151519259 0.37801460597826086 378
1783151524681 0.4001358695652174 379
1783151530001 0.41427479619565216 380
1783151535385 0.39511506453804346 381
1783151540881 0.3974609375 382
1783151546257 0.4061120074728261 383
1783151551956 0.42012355638586957 384
1783151557699 0.4170558763586957 385
