1783151397979 1.0 356
1783151403549 1.0 357
1783151409006 1.0 358
1783151414411 1.0 359
1783151419829 1.0 360
1783151425268 1.0 361
1783151430682 1.0 362
1783151436060 1.0 363
1783151441546 1.0 364
1783151446929 1.0 365
1783151452377 1.0 366
1783151458137 1.0 367
1783151463680 1.0 368
1783151469424 1.0 369
1783151474985 1.0 370
1783151480594 0.0 371
1783151486216 1.0 372
1783151491779 1.0 373
1783151497347 1.0 374
1783151502919 1.0 375
1783151508401 0.0 376
1783151513844 1.0 377
1783151519259 1.0 378
1783151524681 1.0 379
1783151530001 1.0 380
1783151535385 1.0 381
1783151540881 1.0 382
1783151546257 1.0 383
1783151551956 1.0 384
1783151557699 1.0 385
