1783151397979 1.020575129467508 356
1783151403549 1.020575129467508 357
1783151409006 1.020575129467508 358
1783151414411 1.020575129467508 359
1783151419829 1.020575129467508 360
1783151425268 1.020575129467508 361
1783151430682 1.020575129467508 362
1783151436060 1.020575129467508 363
1783151441546 1.020575129467508 364
1783151446929 1.020575129467508 365
1783151452377 1.020575129467508 366
1783151458137 1.020575129467508 367
1783151463680 1.020575129467508 368
1783151469424 1.020575129467508 369
1783151474985 1.020575129467508 370
1783151480594 1.020575129467508 371
1783151486216 1.020575129467508 372
1783151491779 1.020575129467508 373
1783151497347 1.020575129467508 374
1783151502919 1.020575129467508 375
1783151508401 1.020575129467508 376
1783151513844 1.020575129467508 377
1783151519259 1.020575129467508 378
1783151524681 1.020575129467508 379
1783151530001 1.020575129467508 380
1783151535385 1.020575129467508 381
1783151540881 1.020575129467508 382
1783151546257 1.020575129467508 383
1783151551956 1.020575129467508 384
1783151557699 1.020575129467508 385
