1783151397979 0.20351088111815246 356
1783151403549 0.20351088824479477 357
1783151409006 0.2035108843575353 358
1783151414411 0.20351087917452274 359
1783151419829 0.20351088694904163 360
1783151425268 0.2035108843575353 361
1783151430682 0.20351088047027588 362
1783151436060 0.2035108843575353 363
1783151441546 0.2035108843575353 364
1783151446929 0.2035108895405479 365
1783151452377 0.20351088694904163 366
1783151458137 0.20351088824479477 367
1783151463680 0.20351088176602902 368
1783151469424 0.2035108824139056 369
1783151474985 0.20351088306178217 370
1783151480594 0.2035108843575353 371
1783151486216 0.20351088047027588 372
1783151491779 0.20351088630116504 373
1783151497347 0.20351088565328848 374
1783151502919 0.20351088824479477 375
1783151508401 0.2035108843575353 376
1783151513844 0.20351088047027588 377
1783151519259 0.20351088630116504 378
1783151524681 0.20351088306178217 379
1783151530001 0.20351087917452274 380
1783151535385 0.20351088306178217 381
1783151540881 0.20351088565328848 382
1783151546257 0.2035108824139056 383
1783151551956 0.2035108824139056 384
1783151557699 0.2035108843575353 385
