1783151397979 0.31438454467317334 356
1783151403549 0.3143845368986544 357
1783151409006 0.31438454337742017 358
1783151414411 0.3143845472646796 359
1783151419829 0.31438454208166705 360
1783151425268 0.31438454467317334 361
1783151430682 0.3143845394901607 362
1783151436060 0.3143845407859139 363
1783151441546 0.31438454337742017 364
1783151446929 0.3143845368986544 365
1783151452377 0.3143845394901607 366
1783151458137 0.31438454208166705 367
1783151463680 0.31438454208166705 368
1783151469424 0.3143845407859139 369
1783151474985 0.31438454337742017 370
1783151480594 0.3143845407859139 371
1783151486216 0.3143845394901607 372
1783151491779 0.31438454596892645 373
1783151497347 0.3143845368986544 374
1783151502919 0.3143845407859139 375
1783151508401 0.31438454337742017 376
1783151513844 0.3143845407859139 377
1783151519259 0.31438454467317334 378
1783151524681 0.31438454337742017 379
1783151530001 0.3143845407859139 380
1783151535385 0.31438454337742017 381
1783151540881 0.3143845407859139 382
1783151546257 0.3143845368986544 383
1783151551956 0.3143845356029013 384
1783151557699 0.3143845381944076 385
