1783151397979 0.0861585347548775 356
1783151403549 0.08615853443093922 357
1783151409006 0.0861585347548775 358
1783151414411 0.08615853378306264 359
1783151419829 0.08615853443093922 360
1783151425268 0.0861585350788158 361
1783151430682 0.0861585347548775 362
1783151436060 0.08615853410700093 363
1783151441546 0.0861585350788158 364
1783151446929 0.0861585347548775 365
1783151452377 0.08615853637456894 366
1783151458137 0.08615853669850723 367
1783151463680 0.08615853410700093 368
1783151469424 0.08615853540275407 369
1783151474985 0.0861585347548775 370
1783151480594 0.08615853345912436 371
1783151486216 0.08615853313518607 372
1783151491779 0.0861585350788158 373
1783151497347 0.0861585350788158 374
1783151502919 0.08615853605063065 375
1783151508401 0.0861585350788158 376
1783151513844 0.08615853443093922 377
1783151519259 0.0861585350788158 378
1783151524681 0.0861585350788158 379
1783151530001 0.08615853281124779 380
1783151535385 0.08615853378306264 381
1783151540881 0.08615853637456894 382
1783151546257 0.0861585347548775 383
1783151551956 0.08615853378306264 384
1783151557699 0.0861585347548775 385
