1783151397979 0.6355806554763607 356
1783151403549 0.6355806689493434 357
1783151409006 0.6355806798278429 358
1783151414411 0.6355806818401115 359
1783151419829 0.6355806783444361 360
1783151425268 0.6355806791830079 361
1783151430682 0.6355806703922512 362
1783151436060 0.6355806742840565 363
1783151441546 0.6355806668094545 364
1783151446929 0.6355806719657806 365
1783151452377 0.6355806591944811 366
1783151458137 0.6355806601250406 367
1783151463680 0.6355806717169918 368
1783151469424 0.6355806872386915 369
1783151474985 0.6355806719316562 370
1783151480594 0.6355806630358232 371
1783151486216 0.6355806901422303 372
1783151491779 0.6355806650532395 373
1783151497347 0.6355806645694977 374
1783151502919 0.6355806879920227 375
1783151508401 0.635580662317185 376
1783151513844 0.6355806731901947 377
1783151519259 0.6355806729047319 378
1783151524681 0.6355806555482619 379
1783151530001 0.6355806813515017 380
1783151535385 0.6355806661562563 381
1783151540881 0.6355806756784302 382
1783151546257 0.6355806830423587 383
1783151551956 0.635580667397971 384
1783151557699 0.6355806790330978 385
