1783151397979 2.927896740267901 356
1783151403549 2.928045170620134 357
1783151409006 2.926505944150606 358
1783151414411 2.925220104828962 359
1783151419829 2.930692780124518 360
1783151425268 2.922091843077295 361
1783151430682 2.912656952346961 362
1783151436060 2.8923361062362796 363
1783151441546 2.87694260452408 364
1783151446929 2.8470480886553617 365
1783151452377 2.793075703445215 366
1783151458137 2.7570568291964324 367
1783151463680 2.6854282562348137 368
1783151469424 2.6355896172144644 369
1783151474985 2.572239512454367 370
1783151480594 2.481842727840996 371
1783151486216 2.4215396546014776 372
1783151491779 2.335822460371013 373
1783151497347 2.2899095077775358 374
1783151502919 2.2157180962953262 375
1783151508401 2.126025880377903 376
1783151513844 2.0379253629909697 377
1783151519259 1.9593353963482694 378
1783151524681 1.8326064936469864 379
1783151530001 1.8237534940461475 380
1783151535385 1.6889539690678372 381
1783151540881 1.5780885099668878 382
1783151546257 1.4177003592645843 383
1783151551956 1.3386724225998714 384
1783151557699 1.1950734826118683 385
