1783151397979 0.30779154090688976 356
1783151403549 0.307791540106119 357
1783151409006 0.3077915440268983 358
1783151414411 0.3077915372264995 359
1783151419829 0.30779153869894876 360
1783151425268 0.30779154227076555 361
1783151430682 0.3077915422375693 362
1783151436060 0.30779154797039815 363
1783151441546 0.3077915505726287 364
1783151446929 0.30779154725564006 365
1783151452377 0.30779153797094544 366
1783151458137 0.30779154792612634 367
1783151463680 0.3077915350032889 368
1783151469424 0.3077915428964037 369
1783151474985 0.30779154500134887 370
1783151480594 0.30779153907386114 371
1783151486216 0.30779154580009294 372
1783151491779 0.3077915455381279 373
1783151497347 0.3077915397882245 374
1783151502919 0.3077915407685854 375
1783151508401 0.30779154319093416 376
1783151513844 0.30779154913113416 377
1783151519259 0.30779154315772517 378
1783151524681 0.3077915362714329 379
1783151530001 0.30779154454944035 380
1783151535385 0.30779153554880034 381
1783151540881 0.3077915479484984 382
1783151546257 0.307791543707163 383
1783151551956 0.3077915415717108 384
1783151557699 0.30779153748582283 385
