1783151397979 0.3445172788494739 356
1783151403549 0.3438910383980535 357
1783151409006 0.3421281287816457 358
1783151414411 0.34076120501421 359
1783151419829 0.3396724218197635 360
1783151425268 0.3377051812537173 361
1783151430682 0.335885608467332 362
1783151436060 0.33235099122192446 363
1783151441546 0.3301952748726576 364
1783151446929 0.3265967842306299 365
1783151452377 0.3239290204343446 366
1783151458137 0.31971548534362004 367
1783151463680 0.316432405437843 368
1783151469424 0.31151009069548713 369
1783151474985 0.30502372220645674 370
1783151480594 0.29837326739711323 371
1783151486216 0.29023988480553214 372
1783151491779 0.2787137229520061 373
1783151497347 0.27116408498128886 374
1783151502919 0.2618273450829888 375
1783151508401 0.25305843474142753 376
1783151513844 0.2426191609718896 377
1783151519259 0.23081937268988728 378
1783151524681 0.22122905352680952 379
1783151530001 0.2149772371875641 380
1783151535385 0.20675642699850313 381
1783151540881 0.20052758437999782 382
1783151546257 0.19558393224593132 383
1783151551956 0.1928422655846245 384
1783151557699 0.19008842043912233 385
