1783151397979 0.8759626604133014 356
1783151403549 0.8756046858803318 357
1783151409006 0.8777512546635975 358
1783151414411 0.8799945013998524 359
1783151419829 0.8799496882501661 360
1783151425268 0.8810708749743186 361
1783151430682 0.8830645353626307 362
1783151436060 0.8874301042918213 363
1783151441546 0.8862818056537259 364
1783151446929 0.8891634690956991 365
1783151452377 0.8918510800077204 366
1783151458137 0.890823416041833 367
1783151463680 0.8898320932121374 368
1783151469424 0.8951840898820332 369
1783151474985 0.8992990692873246 370
1783151480594 0.9044777980598457 371
1783151486216 0.9140773962310111 372
1783151491779 0.9164462149770636 373
1783151497347 0.9182702094472516 374
1783151502919 0.9243182708183841 375
1783151508401 0.9306506680445571 376
1783151513844 0.9342321048582221 377
1783151519259 0.9421273793492998 378
1783151524681 0.9512373145225117 379
1783151530001 0.9638328251537976 380
1783151535385 0.9734916229440709 381
1783151540881 0.9805129653804905 382
1783151546257 0.9971102947412536 383
1783151551956 1.008634599708241 384
1783151557699 1.1716585755348206 385
