1783151397979 0.8325818544140021 356
1783151403549 0.8327734484046341 357
1783151409006 0.8340520487112268 358
1783151414411 0.8346433904154815 359
1783151419829 0.8361504829355685 360
1783151425268 0.8393268580983139 361
1783151430682 0.8407057910373088 362
1783151436060 0.8403543479782603 363
1783151441546 0.8400277999555567 364
1783151446929 0.8422506548296107 365
1783151452377 0.8431257448234857 366
1783151458137 0.8437159406159358 367
1783151463680 0.8430911650302279 368
1783151469424 0.8444571644837772 369
1783151474985 0.8414419060197096 370
1783151480594 0.8418908760065624 371
1783151486216 0.8393971774306191 372
1783151491779 0.8362810205008779 373
1783151497347 0.8311150569981819 374
1783151502919 0.8227453893292727 375
1783151508401 0.8194418729070279 376
1783151513844 0.8058074728872017 377
1783151519259 0.7841914897599608 378
1783151524681 0.7648219762409028 379
1783151530001 0.7512768501201775 380
1783151535385 0.7398959705892076 381
1783151540881 0.7319098860854686 382
1783151546257 0.705988040723597 383
1783151551956 0.7041272729635791 384
1783151557699 0.6936422644432376 385
