1783151397979 0.13257181644439697 356
1783151403549 0.1356498748064041 357
1783151409006 0.13890162110328674 358
1783151414411 0.12557928264141083 359
1783151419829 0.13329587876796722 360
1783151425268 0.1134147122502327 361
1783151430682 0.12181677669286728 362
1783151436060 0.1398974359035492 363
1783151441546 0.11776786297559738 364
1783151446929 0.12191303819417953 365
1783151452377 0.11591550707817078 366
1783151458137 0.10712355375289917 367
1783151463680 0.1259928196668625 368
1783151469424 0.10756383091211319 369
1783151474985 0.10303976386785507 370
1783151480594 0.11577137559652328 371
1783151486216 0.10760211199522018 372
1783151491779 0.10044632107019424 373
1783151497347 0.10792089253664017 374
1783151502919 0.10419696569442749 375
1783151508401 0.10399020463228226 376
1783151513844 0.09682371467351913 377
1783151519259 0.09655538946390152 378
1783151524681 0.09666772186756134 379
1783151530001 0.09662184864282608 380
1783151535385 0.082954041659832 381
1783151540881 0.08238067477941513 382
1783151546257 0.08146196603775024 383
1783151551956 0.09278027713298798 384
1783151557699 0.06728114187717438 385
