1783151397979 0.9246097355098515 356
1783151403549 0.9242695686814657 357
1783151409006 0.9232300494259681 358
1783151414411 0.9226226505796992 359
1783151419829 0.9251593865374734 360
1783151425268 0.927823276320148 361
1783151430682 0.9279985691545196 362
1783151436060 0.9291673103454248 363
1783151441546 0.9319169642963828 364
1783151446929 0.9345906996519011 365
1783151452377 0.935514068883288 366
1783151458137 0.9407450277509088 367
1783151463680 0.9423588108576068 368
1783151469424 0.9446439900174642 369
1783151474985 0.9475366212305184 370
1783151480594 0.949193508342161 371
1783151486216 0.9511179183192013 372
1783151491779 0.9533682717051641 373
1783151497347 0.9541281518424264 374
1783151502919 0.9529619247492968 375
1783151508401 0.9514623080822255 376
1783151513844 0.9500969493157976 377
1783151519259 0.9469838927334127 378
1783151524681 0.9425366768501547 379
1783151530001 0.9390570114687108 380
1783151535385 0.9377455181761626 381
1783151540881 0.936613711166757 382
1783151546257 0.9361222855130532 383
1783151551956 0.9359177160113693 384
1783151557699 0.9367538768681366 385
