1783151397979 0.03606116399168968 356
1783151403549 0.03606116399168968 357
1783151409006 0.03606116399168968 358
1783151414411 0.03606116399168968 359
1783151419829 0.03606116399168968 360
1783151425268 0.03606116399168968 361
1783151430682 0.03606116399168968 362
1783151436060 0.03606116399168968 363
1783151441546 0.03606116399168968 364
1783151446929 0.03606116399168968 365
1783151452377 0.03606116399168968 366
1783151458137 0.03606116399168968 367
1783151463680 0.03606116399168968 368
1783151469424 0.03606116399168968 369
1783151474985 0.03606116399168968 370
1783151480594 0.03606116399168968 371
1783151486216 0.03606116399168968 372
1783151491779 0.03606116399168968 373
1783151497347 0.03606116399168968 374
1783151502919 0.03606116399168968 375
1783151508401 0.03606116399168968 376
1783151513844 0.03606116399168968 377
1783151519259 0.03606116399168968 378
1783151524681 0.03606116399168968 379
1783151530001 0.03606116399168968 380
1783151535385 0.03606116399168968 381
1783151540881 0.03606116399168968 382
1783151546257 0.03606116399168968 383
1783151551956 0.03606116399168968 384
1783151557699 0.03606116399168968 385
