1783151397979 0.7304641429365555 356
1783151403549 0.7304641514299695 357
1783151409006 0.730464165511264 358
1783151414411 0.7304641549780062 359
1783151419829 0.7304641570476325 360
1783151425268 0.7304641519673502 361
1783151430682 0.7304641603419976 362
1783151436060 0.7304641489022383 363
1783151441546 0.7304641606501485 364
1783151446929 0.7304641585479233 365
1783151452377 0.7304641520350417 366
1783151458137 0.7304641587795127 367
1783151463680 0.7304641541495114 368
1783151469424 0.7304641639986044 369
1783151474985 0.7304641628664192 370
1783151480594 0.730464156220511 371
1783151486216 0.7304641546202046 372
1783151491779 0.7304641473120195 373
1783151497347 0.730464143938205 374
1783151502919 0.7304641664552096 375
1783151508401 0.730464159052728 376
1783151513844 0.7304641523766342 377
1783151519259 0.7304641573491181 378
1783151524681 0.7304641404585475 379
1783151530001 0.7304641590330547 380
1783151535385 0.730464153025944 381
1783151540881 0.7304641581541612 382
1783151546257 0.7304641543455732 383
1783151551956 0.7304641437335128 384
1783151557699 0.7304641644945596 385
