1783151397979 0.8587043525969764 356
1783151403549 0.8587043669198142 357
1783151409006 0.8587043599314106 358
1783151414411 0.8587043700932541 359
1783151419829 0.8587043331519658 360
1783151425268 0.8587043697244903 361
1783151430682 0.8587043332181925 362
1783151436060 0.8587043499894594 363
1783151441546 0.8587043536502618 364
1783151446929 0.8587043380902756 365
1783151452377 0.8587043492819092 366
1783151458137 0.8587043551668047 367
1783151463680 0.858704359959724 368
1783151469424 0.8587043531226254 369
1783151474985 0.8587043474002202 370
1783151480594 0.8587043537570205 371
1783151486216 0.8587043460804082 372
1783151491779 0.8587043421718864 373
1783151497347 0.8587043253712968 374
1783151502919 0.8587043471697909 375
1783151508401 0.8587043390330179 376
1783151513844 0.8587043795915896 377
1783151519259 0.8587043488196372 378
1783151524681 0.8587043433243953 379
1783151530001 0.8587043529706391 380
1783151535385 0.8587043611623796 381
1783151540881 0.8587043835556258 382
1783151546257 0.8587043712932467 383
1783151551956 0.8587043585472772 384
1783151557699 0.8587043536495658 385
