1783151397979 0.15962089857329492 356
1783151403549 0.15962089598178864 357
1783151409006 0.15962089727754178 358
1783151414411 0.15962089727754178 359
1783151419829 0.15962089662966522 360
1783151425268 0.15962089857329492 361
1783151430682 0.1596208946860355 362
1783151436060 0.15962089857329492 363
1783151441546 0.1596208992211715 364
1783151446929 0.15962089727754178 365
1783151452377 0.15962089792541836 366
1783151458137 0.15962089857329492 367
1783151463680 0.1596208992211715 368
1783151469424 0.15962089727754178 369
1783151474985 0.15962089857329492 370
1783151480594 0.15962089986904807 371
1783151486216 0.1596208946860355 372
1783151491779 0.15962090051692465 373
1783151497347 0.15962089662966522 374
1783151502919 0.15962089662966522 375
1783151508401 0.15962089727754178 376
1783151513844 0.15962089857329492 377
1783151519259 0.15962089727754178 378
1783151524681 0.15962089857329492 379
1783151530001 0.15962089857329492 380
1783151535385 0.15962089598178864 381
1783151540881 0.15962089662966522 382
1783151546257 0.15962090051692465 383
1783151551956 0.15962089662966522 384
1783151557699 0.15962089727754178 385
