1783151397979 3.128708503038987 356
1783151403549 3.125024878978729 357
1783151409006 3.1233144278111666 358
1783151414411 3.133175311399543 359
1783151419829 3.1333737197129627 360
1783151425268 3.143386141631914 361
1783151430682 3.1418225433515463 362
1783151436060 3.1722703633101093 363
1783151441546 3.1654405806375587 364
1783151446929 3.1402078846226567 365
1783151452377 3.1591518267341283 366
1783151458137 3.1727911265000057 367
1783151463680 3.1776344392610634 368
1783151469424 3.188002874540246 369
1783151474985 3.2054516211799955 370
1783151480594 3.175859996028569 371
1783151486216 3.2192973629288053 372
1783151491779 3.196277836613033 373
1783151497347 3.2329220232756244 374
1783151502919 3.273667852256609 375
1783151508401 3.1915403220964516 376
1783151513844 3.268612612589546 377
1783151519259 3.2415659588316212 378
1783151524681 3.285989108033802 379
1783151530001 3.300239648248839 380
1783151535385 3.2786725316358654 381
1783151540881 3.2789468931115193 382
1783151546257 3.293912607431412 383
1783151551956 3.3216147938500282 384
1783151557699 3.313641194156978 385
