1783151397979 0.400124728679657 356
1783151403549 0.400124728679657 357
1783151409006 0.400124728679657 358
1783151414411 0.400124728679657 359
1783151419829 0.400124728679657 360
1783151425268 0.400124728679657 361
1783151430682 0.400124728679657 362
1783151436060 0.400124728679657 363
1783151441546 0.400124728679657 364
1783151446929 0.400124728679657 365
1783151452377 0.400124728679657 366
1783151458137 0.400124728679657 367
1783151463680 0.400124728679657 368
1783151469424 0.400124728679657 369
1783151474985 0.400124728679657 370
1783151480594 0.400124728679657 371
1783151486216 0.400124728679657 372
1783151491779 0.400124728679657 373
1783151497347 0.400124728679657 374
1783151502919 0.400124728679657 375
1783151508401 0.400124728679657 376
1783151513844 0.400124728679657 377
1783151519259 0.400124728679657 378
1783151524681 0.400124728679657 379
1783151530001 0.400124728679657 380
1783151535385 0.400124728679657 381
1783151540881 0.400124728679657 382
1783151546257 0.400124728679657 383
1783151551956 0.400124728679657 384
1783151557699 0.400124728679657 385
