1783151397979 3.4511464132300858 356
1783151403549 3.588878150059857 357
1783151409006 3.532766887214527 358
1783151414411 3.4536606244275108 359
1783151419829 3.5097411147978903 360
1783151425268 3.4548551971264962 361
1783151430682 3.5420255182876437 362
1783151436060 2.7724552785588767 363
1783151441546 2.873021464664332 364
1783151446929 3.294153275154943 365
1783151452377 2.7832293861131547 366
1783151458137 2.840940313537837 367
1783151463680 2.773126610248303 368
1783151469424 2.7162407910535817 369
1783151474985 2.602032803047025 370
1783151480594 2.8188013619680583 371
1783151486216 2.6608257400733004 372
1783151491779 2.7724734562517916 373
1783151497347 2.4321545106623477 374
1783151502919 2.3480463310377524 375
1783151508401 3.3498908076937206 376
1783151513844 2.3396775877496965 377
1783151519259 2.7483022238857546 378
1783151524681 2.4705235491094655 379
1783151530001 2.127155279861722 380
1783151535385 2.530116007263949 381
1783151540881 2.512673336042442 382
1783151546257 2.3323147823830737 383
1783151551956 1.698955449684104 384
1783151557699 2.3846984390710797 385
