1783151397979 0.06508875638246536 356
1783151403549 0.07751937955617905 357
1783151409006 0.07407407462596893 358
1783151414411 0.08080808073282242 359
1783151419829 0.07352941483259201 360
1783151425268 0.06578947603702545 361
1783151430682 0.07407407462596893 362
1783151436060 0.0 363
1783151441546 0.0 364
1783151446929 0.06521739065647125 365
1783151452377 0.0 366
1783151458137 0.0 367
1783151463680 0.0 368
1783151469424 0.0 369
1783151474985 0.0 370
1783151480594 0.0 371
1783151486216 0.0 372
1783151491779 0.0 373
1783151497347 0.0 374
1783151502919 0.0 375
1783151508401 0.05426356568932533 376
1783151513844 0.0 377
1783151519259 0.0 378
1783151524681 0.0 379
1783151530001 0.0 380
1783151535385 0.0 381
1783151540881 0.0 382
1783151546257 0.0 383
1783151551956 0.0 384
1783151557699 0.0 385
