1783151397979 3.7679571673361125 356
1783151403549 3.7809606529137283 357
1783151409006 3.7876127030283895 358
1783151414411 3.7506322053117187 359
1783151419829 3.7498081791871085 360
1783151425268 3.7127266813331117 361
1783151430682 3.717946154437175 362
1783151436060 3.623582523233963 363
1783151441546 3.64068399021384 364
1783151446929 3.72530541037801 365
1783151452377 3.6603392134338124 366
1783151458137 3.612591737210952 367
1783151463680 3.602413079165037 368
1783151469424 3.560915575784923 369
1783151474985 3.5070789335660084 370
1783151480594 3.602556050053116 371
1783151486216 3.453743716183764 372
1783151491779 3.525826830443519 373
1783151497347 3.413121592412449 374
1783151502919 3.2240605262480715 375
1783151508401 3.5381432465713596 376
1783151513844 3.2532765002541733 377
1783151519259 3.3698713404962257 378
1783151524681 3.1377676401750767 379
1783151530001 3.0704821228189396 380
1783151535385 3.179448633699257 381
1783151540881 3.1712706443681036 382
1783151546257 3.082128047450269 383
1783151551956 2.9382960521805104 384
1783151557699 2.958995704650105 385
