1783151397979 0.09758730362290921 356
1783151403549 0.0975873039468475 357
1783151409006 0.09758730329897093 358
1783151414411 0.09758730491866237 359
1783151419829 0.09758730524260065 360
1783151425268 0.09758730329897093 361
1783151430682 0.09758730362290921 362
1783151436060 0.0975873039468475 363
1783151441546 0.09758730459472408 364
1783151446929 0.09758730491866237 365
1783151452377 0.09758730459472408 366
1783151458137 0.09758730427078578 367
1783151463680 0.09758730491866237 368
1783151469424 0.09758730427078578 369
1783151474985 0.0975873039468475 370
1783151480594 0.09758730329897093 371
1783151486216 0.09758730265109436 372
1783151491779 0.09758730524260065 373
1783151497347 0.09758730427078578 374
1783151502919 0.09758730556653894 375
1783151508401 0.09758730459472408 376
1783151513844 0.09758730329897093 377
1783151519259 0.09758730459472408 378
1783151524681 0.09758730491866237 379
1783151530001 0.09758730329897093 380
1783151535385 0.0975873039468475 381
1783151540881 0.09758730329897093 382
1783151546257 0.09758730556653894 383
1783151551956 0.09758730265109436 384
1783151557699 0.09758730362290921 385
