1783152409948 0.01051966624018676 424
1783152412290 0.01051966654336819 425
1783152414806 0.010519666228370765 426
1783152417157 0.01051966659412403 427
1783152419608 0.010519666479673222 428
1783152422111 0.010519666215134043 429
1783152424570 0.01051966598885674 430
1783152426995 0.010519666565773848 431
1783152429504 0.010519666662776908 432
1783152432082 0.01051966627325987 433
1783152434545 0.01051966642783877 434
1783152436944 0.010519666553781474 435
1783152439386 0.010519666413206275 436
1783152441767 0.01051966603097954 437
1783152444309 0.010519666755351393 438
