1783152409948 0.31438454467317334 424
1783152412290 0.3143845381944076 425
1783152414806 0.31438454208166705 426
1783152417157 0.31438454208166705 427
1783152419608 0.3143845368986544 428
1783152422111 0.31438454337742017 429
1783152424570 0.3143845394901607 430
1783152426995 0.3143845356029013 431
1783152429504 0.31438454467317334 432
1783152432082 0.31438454208166705 433
1783152434545 0.31438454337742017 434
1783152436944 0.31438454467317334 435
1783152439386 0.3143845368986544 436
1783152441767 0.31438454208166705 437
1783152444309 0.31438454208166705 438
