1783152409948 0.08645640961501909 424
1783152412290 0.08645641155864882 425
1783152414806 0.08645640896714252 426
1783152417157 0.08645641026289566 427
1783152419608 0.08645641123471053 428
1783152422111 0.08645640961501909 429
1783152424570 0.08645641123471053 430
1783152426995 0.08645641091077225 431
1783152429504 0.08645640799532765 432
1783152432082 0.08645641091077225 433
1783152434545 0.08645641026289566 434
1783152436944 0.0864564118825871 435
1783152439386 0.08645640896714252 436
1783152441767 0.08645641253046367 437
1783152444309 0.08645640831926595 438
