1783152409948 2.6272269864396245 424
1783152412290 2.6272269864396245 425
1783152414806 2.6272269864396245 426
1783152417157 2.6272266732497807 427
1783152419608 2.6272269864396245 428
1783152422111 2.6272266732497807 429
1783152424570 2.6272266732497807 430
1783152426995 2.6272266732497807 431
1783152429504 2.6272266732497807 432
1783152432082 2.6272269864396245 433
1783152434545 2.6272269864396245 434
1783152436944 2.6272266732497807 435
1783152439386 2.6272269864396245 436
1783152441767 2.6272266732497807 437
1783152444309 2.6272269864396245 438
