1783152409948 2.803929610956231 424
1783152412290 2.8039296044945727 425
1783152414806 2.803929629205912 426
1783152417157 2.8039295769846304 427
1783152419608 2.803929576084435 428
1783152422111 2.8039296144671932 429
1783152424570 2.803929606342903 430
1783152426995 2.8039296206337796 431
1783152429504 2.803929607303229 432
1783152432082 2.8039296339096578 433
1783152434545 2.803929625917773 434
1783152436944 2.8039296489439205 435
1783152439386 2.8039296545183556 436
1783152441767 2.8039296215054352 437
1783152444309 2.8039296180570075 438
