1783152409948 15.941159741869292 424
1783152412290 14.404181194182884 425
1783152414806 13.036497348512249 426
1783152417157 11.828326835127715 427
1783152419608 10.758936322909243 428
1783152422111 9.833823056971509 429
1783152424570 9.02849911610213 430
1783152426995 8.319213524586555 431
1783152429504 7.6961741605667084 432
1783152432082 7.140259913815218 433
1783152434545 6.64482946470989 434
1783152436944 6.212858089525403 435
1783152439386 5.828385943666683 436
1783152441767 5.478670248034541 437
1783152444309 5.15702054649937 438
