1783152409948 4.3805773154548975 424
1783152412290 4.324419374051302 425
1783152414806 4.270594223685887 426
1783152417157 4.219363025996996 427
1783152419608 4.170782566070557 428
1783152422111 4.124639739160952 429
1783152424570 4.081112395162168 430
1783152426995 4.040153192437214 431
1783152429504 4.001650209012239 432
1783152432082 3.9653666952381963 433
1783152434545 3.9312767775162407 434
1783152436944 3.899414705193561 435
1783152439386 3.869509116463039 436
1783152441767 3.841363678807798 437
1783152444309 3.8149911424388057 438
