1783152409948 0.5641233325004578 424
1783152412290 0.5641233325004578 425
1783152414806 0.5641233325004578 426
1783152417157 0.5641233325004578 427
1783152419608 0.5641233325004578 428
1783152422111 0.5641233325004578 429
1783152424570 0.5641233325004578 430
1783152426995 0.5641233325004578 431
1783152429504 0.5641233325004578 432
1783152432082 0.5641233325004578 433
1783152434545 0.5641233325004578 434
1783152436944 0.5641233325004578 435
1783152439386 0.5641233325004578 436
1783152441767 0.5641233325004578 437
1783152444309 0.5641233325004578 438
