1783152409948 0.581575052135956 424
1783152412290 0.5815750669855559 425
1783152414806 0.5815750892599562 426
1783152417157 0.5815750620356893 427
1783152419608 0.5815750645106227 428
1783152422111 0.5815750760603116 429
1783152424570 0.5815750661605782 430
1783152426995 0.5815750612107116 431
1783152429504 0.5815750661605782 432
1783152432082 0.5815750669855559 433
1783152434545 0.5815750752353338 434
1783152436944 0.5815750838976005 435
1783152439386 0.5815750636856448 436
1783152441767 0.5815750562608448 437
1783152444309 0.5815750537859115 438
