1783152409948 0.08078505843877792 424
1783152412290 0.08078505843877792 425
1783152414806 0.08078505098819733 426
1783152417157 0.08078505098819733 427
1783152419608 0.08078505843877792 428
1783152422111 0.08078505843877792 429
1783152424570 0.08078505098819733 430
1783152426995 0.08078505843877792 431
1783152429504 0.08078505098819733 432
1783152432082 0.08078505843877792 433
1783152434545 0.08078505843877792 434
1783152436944 0.08078505843877792 435
1783152439386 0.08078505843877792 436
1783152441767 0.08078505843877792 437
1783152444309 0.08078505843877792 438
