1783152409948 0.3173577474511188 424
1783152412290 0.3173577435638594 425
1783152414806 0.31735775133837824 426
1783152417157 0.3173577448596125 427
1783152419608 0.3173577474511188 428
1783152422111 0.317357889983965 429
1783152424570 0.31735774874687195 430
1783152426995 0.3173577422681062 431
1783152429504 0.31735789387122443 432
1783152432082 0.31735774874687195 433
1783152434545 0.3173577448596125 434
1783152436944 0.3173577435638594 435
1783152439386 0.3173577474511188 436
1783152441767 0.3173578977584839 437
1783152444309 0.3173577500426251 438
