1783152409948 0.4801007847894322 424
1783152412290 0.4840667654167522 425
1783152414806 0.4880316474220969 426
1783152417157 0.4919325492598794 427
1783152419608 0.4957016638734124 428
1783152422111 0.49924378232522443 429
1783152424570 0.5024675781076605 430
1783152426995 0.5054293125867844 431
1783152429504 0.5081534101204439 432
1783152432082 0.5106373469937932 433
1783152434545 0.5129363347183574 434
1783152436944 0.5149751075289466 435
1783152439386 0.5166967822746797 436
1783152441767 0.5182521343231201 437
1783152444309 0.519722121683034 438
