1783152409948 0.7304641430660115 424
1783152412290 0.7304641538620578 425
1783152414806 0.730464151283077 426
1783152417157 0.7304641510827647 427
1783152419608 0.730464161844268 428
1783152422111 0.7304641500655811 429
1783152424570 0.7304641612271314 430
1783152426995 0.7304641567208953 431
1783152429504 0.7304641595475629 432
1783152432082 0.7304641564147886 433
1783152434545 0.7304641620641851 434
1783152436944 0.7304641487278962 435
1783152439386 0.7304641472798942 436
1783152441767 0.7304641588995879 437
1783152444309 0.7304641441268999 438
