1783152409948 0.17035370462669125 424
1783152412290 0.1677475193999682 425
1783152414806 0.1651619696465699 426
1783152417157 0.16262811198422913 427
1783152419608 0.16010823286344997 428
1783152422111 0.15762682852543156 429
1783152424570 0.15520711172604615 430
1783152426995 0.15283402686238554 431
1783152429504 0.1505493039939367 432
1783152432082 0.14835692274984935 433
1783152434545 0.14625321000836247 434
1783152436944 0.1442418730738985 435
1783152439386 0.14234236601355987 436
1783152441767 0.140563881539387 437
1783152444309 0.13892447025331708 438
