1783152409948 0.986705447126438 424
1783152412290 0.9867054474114434 425
1783152414806 0.9867054495086679 426
1783152417157 0.9867054478485244 427
1783152419608 0.9867054488363401 428
1783152422111 0.986705449600266 429
1783152424570 0.9867054480357026 430
1783152426995 0.9867054496742736 431
1783152429504 0.9867054494720572 432
1783152432082 0.98670544786938 433
1783152434545 0.9867054495105431 434
1783152436944 0.9867054487922017 435
1783152439386 0.9867054485748967 436
1783152441767 0.986705445485637 437
1783152444309 0.9867054493136224 438
