1783152409948 0.4814390753657644 424
1783152412290 0.4719358151858414 425
1783152414806 0.46219706357842577 426
1783152417157 0.45237570020184337 427
1783152419608 0.44344691690681753 428
1783152422111 0.4330098834988068 429
1783152424570 0.4220619620514291 430
1783152426995 0.41091096669429006 431
1783152429504 0.39919596509324473 432
1783152432082 0.38732971533181987 433
1783152434545 0.37526682077478 434
1783152436944 0.3614560407347438 435
1783152439386 0.34676062141843994 436
1783152441767 0.332494195724442 437
1783152444309 0.3169139121619651 438
