1783152409948 0.23732905483550645 424
1783152412290 0.23818662063091656 425
1783152414806 0.23902090615592897 426
1783152417157 0.23981950190764936 427
1783152419608 0.24056742496957834 428
1783152422111 0.2412307420745492 429
1783152424570 0.24179089585827154 430
1783152426995 0.2422667409462685 431
1783152429504 0.2426697755317119 432
1783152432082 0.24300692188130182 433
1783152434545 0.24329488521272485 434
1783152436944 0.24351409831168977 435
1783152439386 0.2436524276536974 436
1783152441767 0.243757680143145 437
1783152444309 0.24385494755750353 438
