1783152409948 1.0381706927133643 424
1783152412290 1.0381706953048706 425
1783152414806 1.038170690121858 426
1783152417157 1.0381706953048706 427
1783152419608 1.0381706875303518 428
1783152422111 1.038170690121858 429
1783152424570 1.0381706823473391 430
1783152426995 1.0381706823473391 431
1783152429504 1.0381707056708958 432
1783152432082 1.0381707134454146 433
1783152434545 1.038170697896377 434
1783152436944 1.0381706927133643 435
1783152439386 1.038170708262402 436
1783152441767 1.0381707056708958 437
1783152444309 1.038170690121858 438
