1783152409948 0.9967572844546774 424
1783152412290 0.9981466454008351 425
1783152414806 0.9995298411535181 426
1783152417157 1.0008975863456726 427
1783152419608 1.0022410802219226 428
1783152422111 1.0035788961078809 429
1783152424570 1.0048860726149187 430
1783152426995 1.006165597749793 431
1783152429504 1.007412560608076 432
1783152432082 1.008608234965283 433
1783152434545 1.009758912998697 434
1783152436944 1.0108653021895366 435
1783152439386 1.0119157796320708 436
1783152441767 1.0129037421682607 437
1783152444309 1.0138249760088713 438
