1783152409948 0.3296080775882887 424
1783152412290 0.3296080672222635 425
1783152414806 0.32960808536280756 426
1783152417157 0.32960809832033905 427
1783152419608 0.32960808795431384 428
1783152422111 0.3296080749967824 429
1783152424570 0.32960808277130127 430
1783152426995 0.3296080931373265 431
1783152429504 0.32960808795431384 432
1783152432082 0.329608080179795 433
1783152434545 0.3296080698137698 434
1783152436944 0.3296080620392509 435
1783152439386 0.3296080672222635 436
1783152441767 0.32960808277130127 437
1783152444309 0.32960807240527606 438
