1783152409948 0.013294530951458475 424
1783152412290 0.013294549092002537 425
1783152414806 0.013294564641040304 426
1783152417157 0.013294559458027716 427
1783152419608 0.013294536134471064 428
1783152422111 0.013294549092002537 429
1783152424570 0.013294549092002537 430
1783152426995 0.013294551683508831 431
1783152429504 0.013294564641040304 432
1783152432082 0.013294569824052893 433
1783152434545 0.013294543908989948 434
1783152436944 0.013294546500496243 435
1783152439386 0.013294549092002537 436
1783152441767 0.013294569824052893 437
1783152444309 0.013294549092002537 438
