1783152409948 0.6703919211159581 424
1783152412290 0.6703919327777365 425
1783152414806 0.6703919146371924 426
1783152417157 0.670391901679661 427
1783152419608 0.670391910749933 428
1783152422111 0.6703919250032176 429
1783152424570 0.6703919172286987 430
1783152426995 0.6703919055669204 431
1783152429504 0.6703919133414393 432
1783152432082 0.6703919185244519 433
1783152434545 0.6703919314819834 434
1783152436944 0.670391936664996 435
1783152439386 0.6703919327777365 436
1783152441767 0.6703919159329456 437
1783152444309 0.6703919262989707 438
