1783152409948 0.26953586028969806 424
1783152412290 0.2695358525151792 425
1783152414806 0.2695358525151792 426
1783152417157 0.269535842149154 427
1783152419608 0.2695358291916225 428
1783152422111 0.2695358499236729 429
1783152424570 0.2695358447406603 430
1783152426995 0.26953584733216657 431
1783152429504 0.2695358499236729 432
1783152432082 0.26953584733216657 433
1783152434545 0.2695358395576477 434
1783152436944 0.2695358447406603 435
1783152439386 0.26953586028969806 436
1783152441767 0.26953583437463513 437
1783152444309 0.26953586028969806 438
