1783152409948 0.6355806681370461 424
1783152412290 0.6355806733528596 425
1783152414806 0.635580672797298 426
1783152417157 0.6355806732873127 427
1783152419608 0.6355806754944213 428
1783152422111 0.6355806628346714 429
1783152424570 0.6355806806286655 430
1783152426995 0.6355806706842777 431
1783152429504 0.635580676310003 432
1783152432082 0.635580677223684 433
1783152434545 0.6355806806259675 434
1783152436944 0.6355806589334908 435
1783152439386 0.6355806799248185 436
1783152441767 0.6355806698321895 437
1783152444309 0.6355806643360815 438
