1783152409948 4.813519436380138 424
1783152412290 4.792432432589323 425
1783152414806 4.773451577062192 426
1783152417157 4.757175818733547 427
1783152419608 4.703846703404966 428
1783152422111 4.655542394389277 429
1783152424570 4.609219685844753 430
1783152426995 4.565545983936476 431
1783152429504 4.524410662443741 432
1783152432082 4.48548436164856 433
1783152434545 4.448970193448274 434
1783152436944 4.419717519179635 435
1783152439386 4.387918575950291 436
1783152441767 4.356822324835735 437
1783152444309 4.327043211978415 438
