1783152409948 2.6509648558862207 424
1783152412290 2.6509648558862207 425
1783152414806 2.650964697876407 426
1783152417157 2.6509648558862207 427
1783152419608 2.6509648558862207 428
1783152422111 2.650964697876407 429
1783152424570 2.6509648558862207 430
1783152426995 2.650964697876407 431
1783152429504 2.6509648558862207 432
1783152432082 2.650964697876407 433
1783152434545 2.650964697876407 434
1783152436944 2.6509648558862207 435
1783152439386 2.6509648558862207 436
1783152441767 2.6509648558862207 437
1783152444309 2.6509648558862207 438
