1783152409948 0.09758730329897093 424
1783152412290 0.0975873039468475 425
1783152414806 0.09758730459472408 426
1783152417157 0.09758730459472408 427
1783152419608 0.09758730427078578 428
1783152422111 0.09758730556653894 429
1783152424570 0.09758730427078578 430
1783152426995 0.0975873039468475 431
1783152429504 0.09758730459472408 432
1783152432082 0.0975873039468475 433
1783152434545 0.09758730427078578 434
1783152436944 0.09758730362290921 435
1783152439386 0.09758730427078578 436
1783152441767 0.09758730524260065 437
1783152444309 0.09758730297503264 438
