1782609021450 0.9876764927591596 86
1782609023176 0.9636584009443011 87
1782609024885 0.9693214126995632 88
1782609026574 0.9639103838375637 89
1782609028279 0.9627328855650765 90
1782609029983 0.9611804144723075 91
1782609031683 0.9520895310810634 92
1782609033378 0.9495838454791478 93
1782609035089 0.9457485931260246 94
1782609036790 0.92864876134055 95
1782609038500 0.93087295123509 96
1782609040197 0.9225660988262722 97
1782609041940 0.9193319167409625 98
1782609043673 0.9108486430985587 99
1782609045407 0.9033949375152588 100
