1782609021450 0.21067198259489878 86
1782609023176 0.2049735529082162 87
1782609024885 0.20598723420075007 88
1782609026574 0.20425152778625488 89
1782609028279 0.2038833988564355 90
1782609029983 0.20358151410307204 91
1782609031683 0.20119583180972508 92
1782609033378 0.2004959753581456 93
1782609035089 0.19953911432198115 94
1782609036790 0.1946957196508135 95
1782609038500 0.1952413661139352 96
1782609040197 0.19262846665722982 97
1782609041940 0.19186295143195561 98
1782609043673 0.18963488723550523 99
1782609045407 0.18778230462755477 100
