1782609021450 0.10520478018692561 86
1782609023176 0.1019683267389025 87
1782609024885 0.10454652777739934 88
1782609026574 0.1038208965744291 89
1782609028279 0.10379890033176967 90
1782609029983 0.1047313351716314 91
1782609031683 0.1044155050601278 92
1782609033378 0.10454662357057844 93
1782609035089 0.10589938930102757 94
1782609036790 0.10515680696283068 95
1782609038500 0.10680618988616127 96
1782609040197 0.10456049229417529 97
1782609041940 0.10575976329190391 98
1782609043673 0.10570600628852844 99
1782609045407 0.10652544349431992 100
