1782609021450 7.8653403009687155 86
1782609023176 7.859576838357108 87
1782609024885 7.852297510419573 88
1782609026574 7.845066683632987 89
1782609028279 7.8365387235369 90
1782609029983 7.8276311329432895 91
1782609031683 7.822210243770054 92
1782609033378 7.813849517277309 93
1782609035089 7.804582255227225 94
1782609036790 7.797639983040946 95
1782609038500 7.787806306566511 96
1782609040197 7.778928279876709 97
1782609041940 7.767888273511614 98
1782609043673 7.760069710867746 99
1782609045407 7.751684120723179 100
