1782609021450 0.23176465928554535 86
1782609023176 0.2835327982902527 87
1782609024885 0.2506546676158905 88
1782609026574 0.2540847063064575 89
1782609028279 0.28043803572654724 90
1782609029983 0.26200833916664124 91
1782609031683 0.2828913927078247 92
1782609033378 0.2663652300834656 93
1782609035089 0.2766774296760559 94
1782609036790 0.24786344170570374 95
1782609038500 0.277161180973053 96
1782609040197 0.25199440121650696 97
1782609041940 0.2548079788684845 98
1782609043673 0.2814752757549286 99
1782609045407 0.2901463210582733 100
