1782609021450 0.1381721231672499 86
1782609023176 0.13881661133332687 87
1782609024885 0.1487372026723974 88
1782609026574 0.16799196341763373 89
1782609028279 0.16160605576905337 90
1782609029983 0.15106913805007935 91
1782609031683 0.16779818672400254 92
1782609033378 0.1763689075746844 93
1782609035089 0.16639616623730727 94
1782609036790 0.17810512632131575 95
1782609038500 0.17493360537987251 96
1782609040197 0.19089527744235416 97
1782609041940 0.19774488040379115 98
1782609043673 0.21034048557281493 99
1782609045407 0.2160350697381156 100
