1782609021450 1.006356942707597 86
1782609023176 0.9988468734963426 87
1782609024885 1.0372828195492427 88
1782609026574 1.0734372435316528 89
1782609028279 1.0820453307207893 90
1782609029983 1.082932259054745 91
1782609031683 1.0994769570356357 92
1782609033378 1.1151303198279403 93
1782609035089 1.1211924752789344 94
1782609036790 1.138824901225404 95
1782609038500 1.1555848906311808 96
1782609040197 1.1710363883006423 97
1782609041940 1.1807640828904074 98
1782609043673 1.1937613915174434 99
1782609045407 1.2027846355827487 100
