1782609021450 0.7216647627389976 86
1782609023176 0.7188018910341809 87
1782609024885 0.754892805644444 88
1782609026574 0.790706022395644 89
1782609028279 0.7977277496443366 90
1782609029983 0.798013815470472 91
1782609031683 0.8170034843966417 92
1782609033378 0.8321643633263134 93
1782609035089 0.8414986399743449 94
1782609036790 0.8620806035541353 95
1782609038500 0.8757276399761227 96
1782609040197 0.8958334000238449 97
1782609041940 0.9041072871980634 98
1782609043673 0.9212484251122268 99
1782609045407 0.9391825233603743 100
