1782609021450 0.13859492328566342 86
1782609023176 0.13411620415375092 87
1782609024885 0.1500825081552778 88
1782609026574 0.16456765518632047 89
1782609028279 0.16358060770869803 90
1782609029983 0.15972362427589787 91
1782609031683 0.16852761641023886 92
1782609033378 0.1727181522645683 93
1782609035089 0.1712222699598009 94
1782609036790 0.17670169784909204 95
1782609038500 0.1811053967081345 96
1782609040197 0.19571074127873062 97
1782609041940 0.19097347801005163 98
1782609043673 0.19415293739162437 99
1782609045407 0.1981274612223081 100
