1782609021450 0.7680825922224257 86
1782609023176 0.7884403142062101 87
1782609024885 0.8193032087064257 88
1782609026574 0.8640063741932744 89
1782609028279 0.8644218444824219 90
1782609029983 0.8665282344818115 91
1782609031683 0.8905517321366531 92
1782609033378 0.8993044822446762 93
1782609035089 0.8916849687065876 94
1782609036790 0.9236310958862305 95
1782609038500 0.9307001658848354 96
1782609040197 0.9578370686733362 97
1782609041940 0.9786217856028724 98
1782609043673 1.0127626085281372 99
1782609045407 1.041229179927281 100
