1782609021450 0.3724129242556436 86
1782609023176 0.37372386881283354 87
1782609024885 0.376761440719877 88
1782609026574 0.36648585966655184 89
1782609028279 0.37342749323163715 90
1782609029983 0.36571540577071054 91
1782609031683 0.36621918422835215 92
1782609033378 0.3683409477983202 93
1782609035089 0.36989765082086834 94
1782609036790 0.35714555638177053 95
1782609038500 0.35598177569253103 96
1782609040197 0.35512576358658926 97
1782609041940 0.3584698098046439 98
1782609043673 0.3566767360482897 99
1782609045407 0.3572517888886588 100
