1782609021450 0.8449559825222019 86
1782609023176 0.8508674918180599 87
1782609024885 0.8534388836671981 88
1782609026574 0.8500431980615012 89
1782609028279 0.8489278166339551 90
1782609029983 0.8511937699551968 91
1782609031683 0.8505201349828593 92
1782609033378 0.8519482364291601 93
1782609035089 0.8542674226128756 94
1782609036790 0.8531095179534104 95
1782609038500 0.8556363893260228 96
1782609040197 0.8554301812372349 97
1782609041940 0.855667824035166 98
1782609043673 0.8549749662119436 99
1782609045407 0.8567616625332699 100
