1782609021450 0.19346246549061366 86
1782609023176 0.18811210564204625 87
1782609024885 0.18414817537580216 88
1782609026574 0.1858113067490714 89
1782609028279 0.19158732891082764 90
1782609029983 0.19176485708781651 91
1782609031683 0.1928371787071228 92
1782609033378 0.194285443850926 93
1782609035089 0.19369294813701085 94
1782609036790 0.1966833301952907 95
1782609038500 0.1991648759160723 96
1782609040197 0.19791386808667863 97
1782609041940 0.19933041504451207 98
1782609043673 0.2010801604815892 99
1782609045407 0.20072111061641149 100
