1782609021450 0.8065375345093864 86
1782609023176 0.8118878943579537 87
1782609024885 0.8158518246241978 88
1782609026574 0.8141886932509286 89
1782609028279 0.8084126710891724 90
1782609029983 0.8082351429121835 91
1782609031683 0.8071628212928772 92
1782609033378 0.8057145561490741 93
1782609035089 0.8063070518629891 94
1782609036790 0.8033166698047093 95
1782609038500 0.8008351240839277 96
1782609040197 0.8020861319133213 97
1782609041940 0.8006695849554879 98
1782609043673 0.7989198395184108 99
1782609045407 0.7992788893835885 100
