1782609021450 0.8422947781426566 86
1782609023176 0.8437912549291339 87
1782609024885 0.8478530049324036 88
1782609026574 0.8500638604164124 89
1782609028279 0.8489097952842712 90
1782609029983 0.8501340576580593 91
1782609031683 0.8509076918874469 92
1782609033378 0.8501721535410199 93
1782609035089 0.8518650702067784 94
1782609036790 0.8520342622484479 95
1782609038500 0.8549492955207825 96
1782609040197 0.8558371322495597 97
1782609041940 0.854664513042995 98
1782609043673 0.8554110271590096 99
1782609045407 0.8578925217900958 100
