1782609021450 0.15088456017630442 86
1782609023176 0.14673114674431936 87
1782609024885 0.14012234551565989 88
1782609026574 0.14098984003067017 89
1782609028279 0.14062352691377913 90
1782609029983 0.13957855531147548 91
1782609031683 0.13817403997693742 92
1782609033378 0.14333383526120866 93
1782609035089 0.14105359997068131 94
1782609036790 0.13926138196672713 95
1782609038500 0.13985716445105417 96
1782609040197 0.13976905175617763 97
1782609041940 0.14314228296279907 98
1782609043673 0.14407650062016078 99
1782609045407 0.14209944861275808 100
