1782609021450 0.9837901421955654 86
1782609023176 0.9839536803109306 87
1782609024885 0.9840977021626064 88
1782609026574 0.9842702405793327 89
1782609028279 0.9822201473372323 90
1782609029983 0.9825405308178493 91
1782609031683 0.9806953838893345 92
1782609033378 0.98430449622018 93
1782609035089 0.9850031903811863 94
1782609036790 0.9834354264395577 95
1782609038500 0.9817522934504918 96
1782609040197 0.9816995433398655 97
1782609041940 0.9840303659439087 98
1782609043673 0.9842704960278102 99
1782609045407 0.9826096722057888 100
