1782609021450 0.1911186022417886 86
1782609023176 0.18848851961748941 87
1782609024885 0.18941665760108403 88
1782609026574 0.19058551958629064 89
1782609028279 0.18907216829913004 90
1782609029983 0.18858299085072108 91
1782609031683 0.18752105108329228 92
1782609033378 0.18707448031221116 93
1782609035089 0.1869163385459355 94
1782609036790 0.18536571732589177 95
1782609038500 0.18439278219427382 96
1782609040197 0.18496969980852945 97
1782609041940 0.18397509838853562 98
1782609043673 0.18338375006403243 99
1782609045407 0.1831622953925814 100
