1782609021450 0.06315602681466512 86
1782609023176 0.062336304890257974 87
1782609024885 0.0625647444810186 88
1782609026574 0.06284299439617566 89
1782609028279 0.06232221903545516 90
1782609029983 0.062126866940941126 91
1782609031683 0.061755605574165075 92
1782609033378 0.06155585550836155 93
1782609035089 0.06144995668104717 94
1782609036790 0.060925520424331935 95
1782609038500 0.060571210724966865 96
1782609040197 0.06068341912967818 97
1782609041940 0.0603159245635782 98
1782609043673 0.060079931148460934 99
1782609045407 0.05995200680834906 100
