1783149140088 0.9229970475037893 299
1783149141364 0.9229970574378967 300
1783149142667 0.922997052470843 301
1783149144010 0.9229970574378967 302
1783149145406 0.9229970624049505 303
1783149146780 0.9229970574378967 304
1783149148072 0.9229970425367355 305
1783149149417 0.922997052470843 306
1783149150748 0.9229970624049505 307
1783149152243 0.922997052470843 308
1783149153561 0.9229970425367355 309
1783149154887 0.9229970475037893 310
1783149156214 0.922997052470843 311
1783149157607 0.922997052470843 312
1783149158896 0.9229970475037893 313
