1783149140088 0.056948553440784914 299
1783149141364 0.056948553765144794 300
1783149142667 0.05694855323808004 301
1783149144010 0.05694855341436115 302
1783149145406 0.056948553253603394 303
1783149146780 0.05694855272895971 304
1783149148072 0.05694855441162778 305
1783149149417 0.05694855409560958 306
1783149150748 0.05694855297556775 307
1783149152243 0.05694855408548524 308
1783149153561 0.05694855356251315 309
1783149154887 0.05694855411272853 310
1783149156214 0.05694855350098898 311
1783149157607 0.0569485547932908 312
1783149158896 0.05694855333123042 313
