1783149140088 0.0218516849481547 299
1783149141364 0.021851686435802976 300
1783149142667 0.02185168424099468 301
1783149144010 0.021851685112032605 302
1783149145406 0.021851685927279114 303
1783149146780 0.021851685160525745 304
1783149148072 0.02185168573012525 305
1783149149417 0.02185168358372583 306
1783149150748 0.02185168584835259 307
1783149152243 0.0218516854708823 308
1783149153561 0.021851684607300536 309
1783149154887 0.021851683201603786 310
1783149156214 0.021851683771068844 311
1783149157607 0.021851684035783026 312
1783149158896 0.021851684473446393 313
