1783149140088 0.6399312628389388 299
1783149141364 0.6399312655846475 300
1783149142667 0.6399312569122962 301
1783149144010 0.6399312604852547 302
1783149145406 0.6399312509045255 303
1783149146780 0.6399312527416247 304
1783149148072 0.6399312749253613 305
1783149149417 0.6399312577782307 306
1783149150748 0.6399312479255971 307
1783149152243 0.6399312695715684 308
1783149153561 0.6399312579196036 309
1783149154887 0.6399312591036127 310
1783149156214 0.6399312691532015 311
1783149157607 0.6399312779421212 312
1783149158896 0.6399312647800102 313
