1783149140088 3.9423292317946195 299
1783149141364 3.9423290755352434 300
1783149142667 3.942329270257599 301
1783149144010 3.942329192769946 302
1783149145406 3.942329192443289 303
1783149146780 3.942329348898115 304
1783149148072 3.942329270379275 305
1783149149417 3.9423291537122105 306
1783149150748 3.9423293881033374 307
1783149152243 3.9423292315675025 308
1783149153561 3.9423292315503855 309
1783149154887 3.9423293104037587 310
1783149156214 3.942329271083652 311
1783149157607 3.9423292319978924 312
1783149158896 3.942329232377311 313
