1783149140088 0.768895761533217 299
1783149141364 0.7690239982171492 300
1783149142667 0.7691532698544589 301
1783149144010 0.7692805366082625 302
1783149145406 0.7694049369205128 303
1783149146780 0.7695267363028093 304
1783149148072 0.7696456800807606 305
1783149149417 0.7697593949057839 306
1783149150748 0.7698636705225165 307
1783149152243 0.769953727722168 308
1783149153561 0.7700215415521101 309
1783149154887 0.7700595422224565 310
1783149156214 0.7700597698038275 311
1783149157607 0.7700098915533586 312
1783149158896 0.7699047706343911 313
