1783149140088 4.131376683712006 299
1783149141364 4.108341336250305 300
1783149142667 4.086707611878713 301
1783149144010 4.066468834877014 302
1783149145406 4.047642767429352 303
1783149146780 4.030238310496013 304
1783149148072 4.01423841714859 305
1783149149417 3.999579151471456 306
1783149150748 3.9861523509025574 307
1783149152243 3.9738058050473533 308
1783149153561 3.962342162926992 309
1783149154887 3.9515294631322226 310
1783149156214 3.9411149621009827 311
1783149157607 3.9308485984802246 312
1783149158896 3.9205944339434304 313
