1783149140088 0.4923789323296451 299
1783149141364 0.49237894465366033 300
1783149142667 0.492378922758644 301
1783149144010 0.4923789510741593 302
1783149145406 0.49237894681720695 303
1783149146780 0.49237893737487887 304
1783149148072 0.49237895444023205 305
1783149149417 0.4923789877870706 306
1783149150748 0.49237893475199174 307
1783149152243 0.49237896566242645 308
1783149153561 0.4923789396996359 309
1783149154887 0.4923789439856087 310
1783149156214 0.49237895010902927 311
1783149157607 0.49237895273225846 312
1783149158896 0.49237895573861507 313
