1783149140088 0.7876632141836656 299
1783149141364 0.7876632271402709 300
1783149142667 0.7876632305693705 301
1783149144010 0.7876632147040173 302
1783149145406 0.7876632206479282 303
1783149146780 0.7876632331508258 304
1783149148072 0.7876632208317444 305
1783149149417 0.787663226297712 306
1783149150748 0.7876632329330597 307
1783149152243 0.7876632488811953 308
1783149153561 0.7876632195668404 309
1783149154887 0.7876632130879386 310
1783149156214 0.787663221852022 311
1783149157607 0.7876632412418259 312
1783149158896 0.7876632040240353 313
