1783149140088 0.19309477508068085 299
1783149141364 0.19309473037719727 300
1783149142667 0.19309474527835846 301
1783149144010 0.19309474527835846 302
1783149145406 0.19309473037719727 303
1783149146780 0.19309471547603607 304
1783149148072 0.19309474527835846 305
1783149149417 0.19309478998184204 306
1783149150748 0.19309473037719727 307
1783149152243 0.19309473037719727 308
1783149153561 0.19309474527835846 309
1783149154887 0.19309473037719727 310
1783149156214 0.19309473037719727 311
1783149157607 0.19309473037719727 312
1783149158896 0.19309477508068085 313
