1783149140088 0.34845922660964956 299
1783149141364 0.3484592396548706 300
1783149142667 0.34845923622191766 301
1783149144010 0.34845923004260243 302
1783149145406 0.34845923759509884 303
1783149146780 0.3484592286694213 304
1783149148072 0.34845923622191766 305
1783149149417 0.3484592327889648 306
1783149150748 0.34845923759509884 307
1783149152243 0.3484592396548706 308
1783149153561 0.34845923004260243 309
1783149154887 0.34845923072919305 310
1783149156214 0.3484592369085083 311
1783149157607 0.3484592314157836 312
1783149158896 0.34845923896828 313
