1783149140088 0.2641157805919647 299
1783149141364 0.2641158103942871 300
1783149142667 0.2641158103942871 301
1783149144010 0.2641157805919647 302
1783149145406 0.2641157805919647 303
1783149146780 0.2641158103942871 304
1783149148072 0.2641157805919647 305
1783149149417 0.2641157805919647 306
1783149150748 0.2641157805919647 307
1783149152243 0.26411572098731995 308
1783149153561 0.2641158103942871 309
1783149154887 0.2641158103942871 310
1783149156214 0.2641158401966095 311
1783149157607 0.2641158103942871 312
1783149158896 0.2641157805919647 313
