1783149140088 0.309164124828274 299
1783149141364 0.3091641288692668 300
1783149142667 0.30916412563647255 301
1783149144010 0.30916412563647255 302
1783149145406 0.30916411997908255 303
1783149146780 0.30916412806106824 304
1783149148072 0.30916412806106824 305
1783149149417 0.30916412806106824 306
1783149150748 0.30916413129386255 307
1783149152243 0.3091641272528697 308
1783149153561 0.309164124828274 309
1783149154887 0.30916412240367824 310
1783149156214 0.3091641288692668 311
1783149157607 0.3091641288692668 312
1783149158896 0.30916412240367824 313
