1783149140088 0.03606116399168968 299
1783149141364 0.03606116399168968 300
1783149142667 0.03606116399168968 301
1783149144010 0.03606116399168968 302
1783149145406 0.03606116399168968 303
1783149146780 0.03606116399168968 304
1783149148072 0.03606116399168968 305
1783149149417 0.03606116399168968 306
1783149150748 0.03606116399168968 307
1783149152243 0.03606116399168968 308
1783149153561 0.03606116399168968 309
1783149154887 0.03606116399168968 310
1783149156214 0.03606116399168968 311
1783149157607 0.03606116399168968 312
1783149158896 0.03606116399168968 313
