1783149140088 0.4106077899535497 299
1783149141364 0.4106077700853348 300
1783149142667 0.4106077750523885 301
1783149144010 0.41060780982176465 302
1783149145406 0.4106077377994855 303
1783149146780 0.41060779988765717 304
1783149148072 0.4106077825029691 305
1783149149417 0.41060777256886166 306
1783149150748 0.4106077700853348 307
1783149152243 0.4106077377994855 308
1783149153561 0.4106077825029691 309
1783149154887 0.4106077551841736 310
1783149156214 0.41060779492060345 311
1783149157607 0.4106077899535497 312
1783149158896 0.41060779243707657 313
