1783149140088 0.8872453949348196 299
1783149141364 0.8741123898543318 300
1783149142667 0.8583935858211372 301
1783149144010 0.8393399568196771 302
1783149145406 0.8160422135386344 303
1783149146780 0.7874778358571698 304
1783149148072 0.7525399905346156 305
1783149149417 0.7101199813606239 306
1783149150748 0.6593384171681026 307
1783149152243 0.599897659074761 308
1783149153561 0.5325177596667517 309
1783149154887 0.45931099074628245 310
1783149156214 0.3838932623577053 311
1783149157607 0.31113757916540746 312
1783149158896 0.24598238067147193 313
