1783149140088 0.6583897980542259 299
1783149141364 0.6583898089274016 300
1783149142667 0.6583898029091373 301
1783149144010 0.6583898114594998 302
1783149145406 0.6583898146760944 303
1783149146780 0.6583898150318178 304
1783149148072 0.6583898350145072 305
1783149149417 0.6583898170343035 306
1783149150748 0.6583898197575413 307
1783149152243 0.6583898337948303 308
1783149153561 0.6583898003167594 309
1783149154887 0.6583898137807128 310
1783149156214 0.6583898155435851 311
1783149157607 0.6583898269905789 312
1783149158896 0.658389817664624 313
