1783149140088 0.6324681056074769 299
1783149141364 0.6332286190748359 300
1783149142667 0.6339999796122952 301
1783149144010 0.6347843009995766 302
1783149145406 0.6355852817835751 303
1783149146780 0.6364038147669361 304
1783149148072 0.6372370967842608 305
1783149149417 0.6380819634078091 306
1783149150748 0.6389343128103159 307
1783149152243 0.6397894704501771 308
1783149153561 0.6406389210587661 309
1783149154887 0.6414696521091723 310
1783149156214 0.6422620979543622 311
1783149157607 0.6429899286709828 312
1783149158896 0.6436216355614705 313
