1783149140088 1.3718072474002838 299
1783149141364 1.3718072374661763 300
1783149142667 1.3718072474002838 301
1783149144010 1.3718072474002838 302
1783149145406 1.3718072474002838 303
1783149146780 1.3718072374661763 304
1783149148072 1.371807227532069 305
1783149149417 1.3718072474002838 306
1783149150748 1.3718072374661763 307
1783149152243 1.371807227532069 308
1783149153561 1.3718072573343914 309
1783149154887 1.3718072175979614 310
1783149156214 1.371807227532069 311
1783149157607 1.3718072474002838 312
1783149158896 1.3718072474002838 313
