1783149140088 3.078965876499812 299
1783149141364 3.0789658466974896 300
1783149142667 3.0789659063021344 301
1783149144010 3.0789658466974896 302
1783149145406 3.0789657970269517 303
1783149146780 3.078965876499812 304
1783149148072 3.0789658665657047 305
1783149149417 3.0789658963680266 306
1783149150748 3.0789658665657043 307
1783149152243 3.0789658367633823 308
1783149153561 3.0789657771587375 309
1783149154887 3.078965936104457 310
1783149156214 3.0789658864339193 311
1783149157607 3.0789658069610595 312
1783149158896 3.078965876499812 313
