1783149140088 0.6583897968133291 299
1783149141364 0.6583898415168127 300
1783149142667 0.6583898191650709 301
1783149144010 0.6583898241321245 302
1783149145406 0.6583898340662321 303
1783149146780 0.6583898266156515 304
1783149148072 0.6583898315827051 305
1783149149417 0.6583898340662321 306
1783149150748 0.6583898266156515 307
1783149152243 0.6583898017803828 308
1783149153561 0.6583898117144903 309
1783149154887 0.6583898315827051 310
1783149156214 0.6583897893627485 311
1783149157607 0.6583898067474365 312
1783149158896 0.6583898042639097 313
