1783149140088 0.6326307530204455 299
1783149141364 0.6333894183238348 300
1783149142667 0.6341583281755447 301
1783149144010 0.6349393874406815 302
1783149145406 0.6357347890734673 303
1783149146780 0.6365473965803782 304
1783149148072 0.6373763208587965 305
1783149149417 0.6382188498973846 306
1783149150748 0.6390707840522131 307
1783149152243 0.639928271373113 308
1783149153561 0.640784427523613 309
1783149154887 0.6416292637586594 310
1783149156214 0.6424460137883822 311
1783149157607 0.6432125493884087 312
1783149158896 0.6438980350891749 313
