1783149140088 4.843305389086406 299
1783149141364 4.846236268679301 300
1783149142667 4.848351279894511 301
1783149144010 4.8491915464401245 302
1783149145406 4.809382359186809 303
1783149146780 4.771599372227986 304
1783149148072 4.730870445569356 305
1783149149417 4.6869002978007 306
1783149150748 4.639787673950195 307
1783149152243 4.590274969736735 308
1783149153561 4.539906859397888 309
1783149154887 4.500193138917287 310
1783149156214 4.456979691982269 311
1783149157607 4.418027440706889 312
1783149158896 4.385789752006531 313
