1783149140088 3.9028757290686817 299
1783149141364 3.9028757290686817 300
1783149142667 3.9028757290686817 301
1783149144010 3.9028757290686817 302
1783149145406 3.9028757290686817 303
1783149146780 3.9028761943277526 304
1783149148072 3.9028766595868785 305
1783149149417 3.9028757290686817 306
1783149150748 3.9028761943277526 307
1783149152243 3.9028761943277526 308
1783149153561 3.9028757290686817 309
1783149154887 3.9028757290686817 310
1783149156214 3.9028757290686817 311
1783149157607 3.9028757290686817 312
1783149158896 3.9028761943277526 313
