1783149140088 3.942541065792531 299
1783149141364 3.942540948353121 300
1783149142667 3.9425409877403808 301
1783149144010 3.9425411445822873 302
1783149145406 3.942541105721084 303
1783149146780 3.942541144070971 304
1783149148072 3.942541143487641 305
1783149149417 3.9425411052765047 306
1783149150748 3.9425411049882206 307
1783149152243 3.9425410660504787 308
1783149153561 3.9425411448315875 309
1783149154887 3.942540948871397 310
1783149156214 3.942541066216631 311
1783149157607 3.942541066011715 312
1783149158896 3.9425411047732664 313
