1782757075407 0.8909995215279716 86
1782757076941 0.7098053012575422 87
1782757078431 0.5182462419782367 88
1782757079904 0.4172193833759853 89
1782757081442 0.41650199038641794 90
1782757082967 0.4888415847505842 91
1782757084488 0.5757752486637661 92
1782757085984 0.6363271134240287 93
1782757087459 0.6663331133978707 94
1782757088931 0.6825216071946281 95
1782757090425 0.6819443276950291 96
1782757091928 0.6933625425611224 97
1782757093448 0.7251271179744175 98
1782757094928 0.7587266904967171 99
1782757096413 0.7684066891670227 100
