1782757075407 1.0031943883268066 86
1782757076941 1.016726566810907 87
1782757078431 1.0731314007297292 88
1782757079904 1.1947021817494454 89
1782757081442 1.3337089453383908 90
1782757082967 1.276249289135043 91
1782757084488 1.1812543215417217 92
1782757085984 1.132524631750726 93
1782757087459 1.117657817835895 94
1782757088931 1.1184551035502592 95
1782757090425 1.1447355277976268 96
1782757091928 1.1638450552890711 97
1782757093448 1.1497276285255469 98
1782757094928 1.1261878912597008 99
1782757096413 1.130548241110909 100
