1782757075407 0.055856856220561676 86
1782757076941 0.12809661908128073 87
1782757078431 0.2688362791250921 88
1782757079904 0.4383448686025386 89
1782757081442 0.5692542325102726 90
1782757082967 0.5168093417316347 91
1782757084488 0.419072010296908 92
1782757085984 0.3584211176631748 93
1782757087459 0.3378647677711034 94
1782757088931 0.3392656640288374 95
1782757090425 0.375353491453846 96
1782757091928 0.399548270521043 97
1782757093448 0.38195928248177075 98
1782757094928 0.35059227931048537 99
1782757096413 0.356425810459635 100
