1782757075407 7.851054532187326 86
1782757076941 7.834113189152309 87
1782757078431 7.82179205758231 88
1782757079904 7.8159443991524835 89
1782757081442 7.807343755449567 90
1782757082967 7.800296715327671 91
1782757084488 7.796078681945801 92
1782757085984 7.791468552180699 93
1782757087459 7.788542406899588 94
1782757088931 7.784570966448102 95
1782757090425 7.780399526868548 96
1782757091928 7.773236206599644 97
1782757093448 7.7638614518301825 98
1782757094928 7.7571554865155905 99
1782757096413 7.753894601549421 100
