1782757075407 0.3236347150328413 86
1782757076941 0.308727083624406 87
1782757078431 0.2480264773944772 88
1782757079904 0.16275888335718938 89
1782757081442 0.13740743809508207 90
1782757082967 0.164588582688106 91
1782757084488 0.20008051001678262 92
1782757085984 0.21935476629098516 93
1782757087459 0.2265558050855165 94
1782757088931 0.22408221894239164 95
1782757090425 0.21149870918949193 96
1782757091928 0.2042930077634457 97
1782757093448 0.21569982470737983 98
1782757094928 0.21806138828381746 99
1782757096413 0.21868772937901992 100
