1782757075407 0.2953697505750154 86
1782757076941 0.3811897646297108 87
1782757078431 0.4262112823884879 88
1782757079904 0.4510746560035608 89
1782757081442 0.4613833032805344 90
1782757082967 0.45451122079013795 91
1782757084488 0.43740007833198263 92
1782757085984 0.4255553204962548 93
1782757087459 0.4191280112547033 94
1782757088931 0.4185952083973945 95
1782757090425 0.4280061784543489 96
1782757091928 0.4364139612983255 97
1782757093448 0.435564148810602 98
1782757094928 0.43592048158832625 99
1782757096413 0.43858823299407956 100
