1782757075407 0.6436687638291458 86
1782757076941 0.5766176206230466 87
1782757078431 0.5095201053823871 88
1782757079904 0.41326299461763566 89
1782757081442 0.2982571366579584 90
1782757082967 0.26776405761936967 91
1782757084488 0.29052049936674873 92
1782757085984 0.2988897022249671 93
1782757087459 0.27830362088541677 94
1782757088931 0.2641268854349521 95
1782757090425 0.21067768994053682 96
1782757091928 0.1722322797454444 97
1782757093448 0.18085065218630533 98
1782757094928 0.18677580962825313 99
1782757096413 0.18655857920385427 100
