1782757075407 0.19579388201236725 86
1782757076941 0.20158126950263977 87
1782757078431 0.20704950392246246 88
1782757079904 0.233375683426857 89
1782757081442 0.22748644649982452 90
1782757082967 0.18941034376621246 91
1782757084488 0.2177211195230484 92
1782757085984 0.21635650098323822 93
1782757087459 0.19028936326503754 94
1782757088931 0.22593620419502258 95
1782757090425 0.22649827599525452 96
1782757091928 0.23952257633209229 97
1782757093448 0.21980874240398407 98
1782757094928 0.229827418923378 99
1782757096413 0.24136389791965485 100
