1782757075407 0.7514915598770617 86
1782757076941 0.66564776767632 87
1782757078431 0.5528723331179732 88
1782757079904 0.39545557885285226 89
1782757081442 0.2596419147817225 90
1782757082967 0.28128576402176997 91
1782757084488 0.3439712231827203 92
1782757085984 0.3739778048085132 93
1782757087459 0.3777624513871983 94
1782757088931 0.35931001455667294 95
1782757090425 0.30572806967296756 96
1782757091928 0.2617663169881968 97
1782757093448 0.2667668380127017 98
1782757094928 0.2891884606380183 99
1782757096413 0.2884797429823733 100
