1782757075407 0.8055505070278438 86
1782757076941 0.7479113326212959 87
1782757078431 0.6836484831809104 88
1782757079904 0.5849669848357764 89
1782757081442 0.4832800959326699 90
1782757082967 0.5023383995634262 91
1782757084488 0.5596712464147366 92
1782757085984 0.5850907003039809 93
1782757087459 0.5963047543771246 94
1782757088931 0.5933250754805289 95
1782757090425 0.571494901722858 96
1782757091928 0.5522582771901142 97
1782757093448 0.5626685784939998 98
1782757094928 0.5804936392596406 99
1782757096413 0.5855912260731955 100
