1782757075407 0.9811834208266518 86
1782757076941 0.9676392864279758 87
1782757078431 0.9395698204075268 88
1782757079904 0.9079465065560539 89
1782757081442 0.9202450798069411 90
1782757082967 0.9447154497291647 91
1782757084488 0.9541965787626729 92
1782757085984 0.9559582113833304 93
1782757087459 0.9512105889399288 94
1782757088931 0.9439068538731336 95
1782757090425 0.9308245412832983 96
1782757091928 0.9220741631642903 97
1782757093448 0.9217860420526911 98
1782757094928 0.9251119609399591 99
1782757096413 0.9271918396636535 100
