1782757075407 0.14484122395515442 86
1782757076941 0.11906169993536812 87
1782757078431 0.09161641555173057 88
1782757079904 0.07719270672116961 89
1782757081442 0.07930517196655273 90
1782757082967 0.09129355741398675 91
1782757084488 0.10457526573113032 92
1782757085984 0.11411262410027641 93
1782757087459 0.11930591825928007 94
1782757088931 0.12330647770847593 95
1782757090425 0.1267181517822402 96
1782757091928 0.1332653909921646 97
1782757093448 0.14069653408867971 98
1782757094928 0.14685947554452078 99
1782757096413 0.15026236857686723 100
