1782757075407 1.3769415787288122 86
1782757076941 1.3787508010864258 87
1782757078431 1.3802785192217146 88
1782757079904 1.2989870139530726 89
1782757081442 1.3412363869803292 90
1782757082967 1.342508043561663 91
1782757084488 1.3825486046927316 92
1782757085984 1.382239546094622 93
1782757087459 1.2996575491768974 94
1782757088931 1.3407183034079415 95
1782757090425 1.3407938480377197 96
1782757091928 1.2999870777130127 97
1782757093448 1.3827487230300903 98
1782757094928 1.341374226978847 99
1782757096413 1.3002774374825614 100
