1782757075407 0.8334221073559352 86
1782757076941 0.7791091288839068 87
1782757078431 0.7263496262686593 88
1782757079904 0.6699763025556292 89
1782757081442 0.5389250942638942 90
1782757082967 0.4746969853128706 91
1782757084488 0.5247376986912319 92
1782757085984 0.5721526656832013 93
1782757087459 0.5828798328127179 94
1782757088931 0.5986543808664594 95
1782757090425 0.5930770124707904 96
1782757091928 0.5670252655233655 97
1782757093448 0.5553078012807029 98
1782757094928 0.5707869529724121 99
1782757096413 0.5885658519608634 100
