1782757075407 0.20851540565490723 86
1782757076941 0.28416818380355835 87
1782757078431 0.3698546971593584 88
1782757079904 0.4702341045652117 89
1782757081442 0.6712830407278878 90
1782757082967 0.7379992263657706 91
1782757084488 0.6945041162627084 92
1782757085984 0.6417017664228167 93
1782757087459 0.6212560875075204 94
1782757088931 0.6288410595485142 95
1782757090425 0.6535897425242833 96
1782757091928 0.7159426297460284 97
1782757093448 0.7385634694780622 98
1782757094928 0.7236132877213615 99
1782757096413 0.7051589574132647 100
