1783151738991 157.74501634986544 385
1783151741330 161.4450507779304 386
1783151743646 164.06684112524962 387
1783151745951 165.81859878881542 388
1783151748291 167.01408399341875 389
1783151750531 167.8273979487931 390
1783151752819 168.15260946243848 391
1783151755079 168.03855117157653 392
1783151757458 167.55828614796584 393
1783151759713 166.53634140060987 394
1783151762028 164.95284567683393 395
1783151764272 163.00772055915056 396
1783151766548 160.81957665492158 397
1783151768875 158.35492347297304 398
1783151771209 155.70304264713428 399
