1783151738991 1.0547074364579243 385
1783151741330 1.0547074805135312 386
1783151743646 1.0547074416409368 387
1783151745951 1.0547074753305186 388
1783151748291 1.0547074494154558 389
1783151750531 1.05470748828805 390
1783151752819 1.054707459781481 391
1783151755079 1.054707389810811 392
1783151757458 1.0547074675559998 393
1783151759713 1.054707426091899 394
1783151762028 1.054707382036292 395
1783151764272 1.0547073949938235 396
1783151766548 1.0547074494154558 397
1783151768875 1.054707477922025 398
1783151771209 1.0547074753305186 399
