1783151738991 0.056400290102731884 385
1783151741330 0.05640029014453505 386
1783151743646 0.056400289743298616 387
1783151745951 0.05640028980712606 388
1783151748291 0.05640028927290487 389
1783151750531 0.05640028959986679 390
1783151752819 0.05640028914743691 391
1783151755079 0.05640028974712605 392
1783151757458 0.056400288855750956 393
1783151759713 0.05640028885096021 394
1783151762028 0.05640029018285858 395
1783151764272 0.05640028893803266 396
1783151766548 0.056400289829351934 397
1783151768875 0.05640028901070005 398
1783151771209 0.05640028950030685 399
