1783151738991 0.08615853605063065 385
1783151741330 0.08615853313518607 386
1783151743646 0.08615853637456894 387
1783151745951 0.0861585347548775 388
1783151748291 0.08615853572669237 389
1783151750531 0.0861585347548775 390
1783151752819 0.08615853572669237 391
1783151755079 0.0861585350788158 392
1783151757458 0.08615853637456894 393
1783151759713 0.08615853540275407 394
1783151762028 0.08615853443093922 395
1783151764272 0.08615853345912436 396
1783151766548 0.0861585350788158 397
1783151768875 0.08615853540275407 398
1783151771209 0.08615853378306264 399
