1783151738991 2.9044834763684526 385
1783151741330 2.9044834763684526 386
1783151743646 2.9044834763684526 387
1783151745951 2.904483822609885 388
1783151748291 2.9044834763684526 389
1783151750531 2.9044834763684526 390
1783151752819 2.9044834763684526 391
1783151755079 2.9044834763684526 392
1783151757458 2.9044834763684526 393
1783151759713 2.9044834763684526 394
1783151762028 2.9044834763684526 395
1783151764272 2.9044834763684526 396
1783151766548 2.9044834763684526 397
1783151768875 2.9044834763684526 398
1783151771209 2.9044834763684526 399
