1783151738991 8.312650442123413 385
1783151741330 1.727003574371338 386
1783151743646 1.732917308807373 387
1783151745951 1.74554443359375 388
1783151748291 1.7739768028259277 389
1783151750531 1.692800521850586 390
1783151752819 1.720414400100708 391
1783151755079 1.70420503616333 392
1783151757458 1.7697961330413818 393
1783151759713 1.697209358215332 394
1783151762028 1.7601981163024902 395
1783151764272 1.6880338191986084 396
1783151766548 1.7159795761108398 397
1783151768875 1.727264404296875 398
1783151771209 1.7623214721679688 399
