1783151738991 0.24791802736845883 385
1783151741330 0.24381800266829404 386
1783151743646 0.24003034288232977 387
1783151745951 0.23673442547971552 388
1783151748291 0.23401163586161353 389
1783151750531 0.23184191841970792 390
1783151752819 0.23016823895952918 391
1783151755079 0.22898938710039313 392
1783151757458 0.22816826335408472 393
1783151759713 0.22779477590864355 394
1783151762028 0.2278484133156863 395
1783151764272 0.2280642972751097 396
1783151766548 0.22824425250291824 397
1783151768875 0.2286039414730939 398
1783151771209 0.22917899828065524 399
