1783151738991 0.764599163423885 385
1783151741330 0.7660405717112801 386
1783151743646 0.7674245238304138 387
1783151745951 0.7686994238333269 388
1783151748291 0.7698409476063468 389
1783151750531 0.7708390598947351 390
1783151752819 0.7717127989638936 391
1783151755079 0.7724560011516918 392
1783151757458 0.7730965966528113 393
1783151759713 0.7736146179112521 394
1783151762028 0.7740173421122811 395
1783151764272 0.7743817540732297 396
1783151766548 0.7747576643120159 397
1783151768875 0.7750820165330713 398
1783151771209 0.7753429196097634 399
