1783151738991 12.643386120355206 385
1783151741330 13.333356533537696 386
1783151743646 13.94297547098708 387
1783151745951 14.43409985049458 388
1783151748291 14.765917756317464 389
1783151750531 14.96060331639757 390
1783151752819 14.981859177274757 391
1783151755079 14.877784039169478 392
1783151757458 14.655120681507617 393
1783151759713 14.285995829444072 394
1783151762028 13.827381486620416 395
1783151764272 13.365729142051412 396
1783151766548 12.874633583868755 397
1783151768875 12.345224173807969 398
1783151771209 11.787269055922497 399
