1783151738991 0.04022456430222677 385
1783151741330 0.08060079003157823 386
1783151743646 0.12111961452857307 387
1783151745951 0.16176109469455222 388
1783151748291 0.1620013124268988 389
1783151750531 0.16442897008812946 390
1783151752819 0.16679843223613242 391
1783151755079 0.16912261072708212 392
1783151757458 0.17141633027273676 393
1783151759713 0.17368995657433633 394
1783151762028 0.17595668655374777 395
1783151764272 0.1827457569863485 396
1783151766548 0.18583338156990384 397
1783151768875 0.18789162227640982 398
1783151771209 0.18946487942467566 399
