1783151738991 0.2927423814374 385
1783151741330 0.29274243872535843 386
1783151743646 0.29274238219232335 387
1783151745951 0.29274237629755984 388
1783151748291 0.29274243649783344 389
1783151750531 0.29274252147391056 390
1783151752819 0.2927424077251945 391
1783151755079 0.29274247173378265 392
1783151757458 0.29274244147221273 393
1783151759713 0.29274243909726966 394
1783151762028 0.29274240136753527 395
1783151764272 0.2927423815781184 396
1783151766548 0.29274243264042604 397
1783151768875 0.2927424328929078 398
1783151771209 0.2927424692205681 399
