1783151738991 0.9359177103880824 385
1783151741330 0.9359177061706172 386
1783151743646 0.9359177153084585 387
1783151745951 0.9359177054677064 388
1783151748291 0.9359177223375671 389
1783151750531 0.9359177110909932 390
1783151752819 0.9359177082793497 391
1783151755079 0.9359177110909932 392
1783151757458 0.9359177131997258 393
1783151759713 0.935917717417191 394
1783151762028 0.9359177167142801 395
1783151764272 0.935917727960854 396
1783151766548 0.9359177195259236 397
1783151768875 0.9359177363957843 398
1783151771209 0.9359177146055475 399
