1783151738991 0.35400113463401794 385
1783151741330 0.35400113463401794 386
1783151743646 0.35400113463401794 387
1783151745951 0.35400113463401794 388
1783151748291 0.35400113463401794 389
1783151750531 0.35400113463401794 390
1783151752819 0.35400113463401794 391
1783151755079 0.35400113463401794 392
1783151757458 0.35400113463401794 393
1783151759713 0.35400113463401794 394
1783151762028 0.35400113463401794 395
1783151764272 0.35400113463401794 396
1783151766548 0.35400113463401794 397
1783151768875 0.35400113463401794 398
1783151771209 0.35400113463401794 399
