1783151738991 0.678178573419472 385
1783151741330 0.6781785839072876 386
1783151743646 0.6781785865680254 387
1783151745951 0.6781785704590427 388
1783151748291 0.6781785798854943 389
1783151750531 0.6781785738918007 390
1783151752819 0.6781785766197984 391
1783151755079 0.678178585849844 392
1783151757458 0.6781785881976096 393
1783151759713 0.6781785886919751 394
1783151762028 0.6781785826450384 395
1783151764272 0.6781785602456603 396
1783151766548 0.6781785847765017 397
1783151768875 0.6781785744677918 398
1783151771209 0.6781785751220758 399
