1783151738991 0.32690715366566675 385
1783151741330 0.3269071515495255 386
1783151743646 0.32690714096881934 387
1783151745951 0.3269071522549059 388
1783151748291 0.3269071519022157 389
1783151750531 0.3269071522549059 390
1783151752819 0.3269071621302317 391
1783151755079 0.3269071578979492 392
1783151757458 0.3269071452011018 393
1783151759713 0.326907147317243 394
1783151762028 0.32690714379034097 395
1783151764272 0.3269071550764276 396
1783151766548 0.32690716071947085 397
1783151768875 0.32690714096881934 398
1783151771209 0.3269071423795802 399
