1783151738991 0.5973400332264065 385
1783151741330 0.5973400274912516 386
1783151743646 0.5973400225754046 387
1783151745951 0.5973400291298673 388
1783151748291 0.5973400360939839 389
1783151750531 0.5973400315877908 390
1783151752819 0.5973400147919802 391
1783151755079 0.597340040600177 392
1783151757458 0.5973400086471715 393
1783151759713 0.5973400291298673 394
1783151762028 0.5973400242140203 395
1783151764272 0.5973400086471715 396
1783151766548 0.5973400332264065 397
1783151768875 0.597340020936789 398
1783151771209 0.5973400295395213 399
