1783151738991 0.7041272367683136 385
1783151741330 0.7041272318017371 386
1783151743646 0.7041272318667553 387
1783151745951 0.7041272790758164 388
1783151748291 0.704127251513284 389
1783151750531 0.7041272519857694 390
1783151752819 0.7041272181756935 391
1783151755079 0.7041272500300911 392
1783151757458 0.7041272480277853 393
1783151759713 0.7041272281372309 394
1783151762028 0.7041272622241709 395
1783151764272 0.7041272873521424 396
1783151766548 0.7041272830010831 397
1783151768875 0.7041272804567945 398
1783151771209 0.7041272402454765 399
