1783151738991 0.08673827350139618 385
1783151741330 0.08673827350139618 386
1783151743646 0.08673827350139618 387
1783151745951 0.08673826605081558 388
1783151748291 0.08673827350139618 389
1783151750531 0.08673827350139618 390
1783151752819 0.08673827350139618 391
1783151755079 0.08673826605081558 392
1783151757458 0.08673828840255737 393
1783151759713 0.08673827350139618 394
1783151762028 0.08673827350139618 395
1783151764272 0.08673827350139618 396
1783151766548 0.08673828840255737 397
1783151768875 0.08673827350139618 398
1783151771209 0.08673828840255737 399
