1783151738991 1.0086346067620453 385
1783151741330 1.0086346109943276 386
1783151743646 1.0086346236911752 387
1783151745951 1.008634616637371 388
1783151748291 1.0086346025297628 389
1783151750531 1.008634599708241 390
1783151752819 1.0086345926544371 391
1783151755079 1.0086346081728061 392
1783151757458 1.0086346109943276 393
1783151759713 1.0086346222804143 394
1783151762028 1.0086346081728061 395
1783151764272 1.0086346180481318 396
1783151766548 1.008634616637371 397
1783151768875 1.0086345658499813 398
1783151771209 1.0086346152266101 399
