1783151738991 0.03606116399168968 385
1783151741330 0.03606116399168968 386
1783151743646 0.03606116399168968 387
1783151745951 0.03606116399168968 388
1783151748291 0.03606116399168968 389
1783151750531 0.03606116399168968 390
1783151752819 0.03606116399168968 391
1783151755079 0.03606116399168968 392
1783151757458 0.03606116399168968 393
1783151759713 0.03606116399168968 394
1783151762028 0.03606116399168968 395
1783151764272 0.03606116399168968 396
1783151766548 0.03606116399168968 397
1783151768875 0.03606116399168968 398
1783151771209 0.03606116399168968 399
