1783151738991 0.40311871274657873 385
1783151741330 0.40311862593111786 386
1783151743646 0.40311862593111786 387
1783151745951 0.40311861815659894 388
1783151748291 0.40311872181685077 389
1783151750531 0.40311871274657873 390
1783151752819 0.403118706267813 391
1783151755079 0.4031186246353647 392
1783151757458 0.40311862852262415 393
1783151759713 0.4031186220438584 394
1783151762028 0.4031187088593193 395
1783151764272 0.40311871145082556 396
1783151766548 0.4031185909457829 397
1783151768875 0.4031187192253444 398
1783151771209 0.40311871274657873 399
