1783151738991 0.730464154179681 385
1783151741330 0.7304641612465381 386
1783151743646 0.7304641562800256 387
1783151745951 0.7304641521293427 388
1783151748291 0.7304641619137675 389
1783151750531 0.7304641512963362 390
1783151752819 0.7304641463669022 391
1783151755079 0.7304641614215078 392
1783151757458 0.730464159895317 393
1783151759713 0.7304641597367676 394
1783151762028 0.7304641599513857 395
1783151764272 0.7304641407280912 396
1783151766548 0.730464157189975 397
1783151768875 0.730464157551982 398
1783151771209 0.7304641527258806 399
