1783151738991 0.09845271019862661 385
1783151741330 0.09795965324781526 386
1783151743646 0.09735516858601899 387
1783151745951 0.09662105449562695 388
1783151748291 0.09574314567573763 389
1783151750531 0.09476880703844526 390
1783151752819 0.0936712400959105 391
1783151755079 0.09251134720293475 392
1783151757458 0.09129943803835323 393
1783151759713 0.09000018251040816 394
1783151762028 0.08863852443661245 395
1783151764272 0.08726456922404319 396
1783151766548 0.08588314729245719 397
1783151768875 0.0844824078771857 398
1783151771209 0.08309030267779682 399
