1783151738991 0.9867054486194304 385
1783151741330 0.9867054470275478 386
1783151743646 0.986705448503973 387
1783151745951 0.9867054469283832 388
1783151748291 0.9867054466027841 389
1783151750531 0.9867054485841386 390
1783151752819 0.9867054486767038 391
1783151755079 0.9867054483805814 392
1783151757458 0.9867054479267605 393
1783151759713 0.9867054472447441 394
1783151762028 0.9867054472963698 395
1783151764272 0.986705449028864 396
1783151766548 0.9867054503132607 397
1783151768875 0.9867054464947095 398
1783151771209 0.9867054482352925 399
