1783151738991 0.15962089792541836 385
1783151741330 0.15962089727754178 386
1783151743646 0.15962089792541836 387
1783151745951 0.15962089598178864 388
1783151748291 0.15962089792541836 389
1783151750531 0.15962089792541836 390
1783151752819 0.15962089727754178 391
1783151755079 0.15962089598178864 392
1783151757458 0.15962089598178864 393
1783151759713 0.15962089792541836 394
1783151762028 0.15962089792541836 395
1783151764272 0.15962089598178864 396
1783151766548 0.15962089662966522 397
1783151768875 0.15962089727754178 398
1783151771209 0.15962089857329492 399
