1783151738991 3.1701500355032106 385
1783151741330 3.1700021650650805 386
1783151743646 3.1698207859769596 387
1783151745951 3.1696005880309297 388
1783151748291 3.169337186878394 389
1783151750531 3.1690449319343195 390
1783151752819 3.168715625570471 391
1783151755079 3.168367585140402 392
1783151757458 3.1680040823616973 393
1783151759713 3.1676142668307197 394
1783151762028 3.167205733127493 395
1783151764272 3.166793554338241 396
1783151766548 3.166379182180397 397
1783151768875 3.165958994045398 398
1783151771209 3.1655413521195555 399
