1783151738991 0.013294569824052893 385
1783151741330 0.013294549092002537 386
1783151743646 0.01329452835995218 387
1783151745951 0.013294556866521421 388
1783151748291 0.013294546500496243 389
1783151750531 0.013294530951458475 390
1783151752819 0.013294549092002537 391
1783151755079 0.013294569824052893 392
1783151757458 0.01329452835995218 393
1783151759713 0.013294559458027716 394
1783151762028 0.013294538725977358 395
1783151764272 0.013294543908989948 396
1783151766548 0.013294572415559189 397
1783151768875 0.013294549092002537 398
1783151771209 0.013294549092002537 399
