1783151738991 0.9002584063488505 385
1783151741330 0.9007849848788717 386
1783151743646 0.9013790980629299 387
1783151745951 0.9020975776340651 388
1783151748291 0.9029603237691133 389
1783151750531 0.903938687365988 390
1783151752819 0.9050289081490558 391
1783151755079 0.9062286252560823 392
1783151757458 0.9074722658032957 393
1783151759713 0.9087833399358003 394
1783151762028 0.9101796953574471 395
1783151764272 0.9116315945335056 396
1783151766548 0.9130736667176952 397
1783151768875 0.9145308033279751 398
1783151771209 0.9159970698149308 399
