1783151738991 0.3296080775882887 385
1783151741330 0.3296080620392509 386
1783151743646 0.3296080749967824 387
1783151745951 0.3296080698137698 388
1783151748291 0.32960805944774463 389
1783151750531 0.32960807240527606 390
1783151752819 0.329608080179795 391
1783151755079 0.32960807240527606 392
1783151757458 0.3296080749967824 393
1783151759713 0.32960808536280756 394
1783151762028 0.3296080672222635 395
1783151764272 0.3296080775882887 396
1783151766548 0.3296080775882887 397
1783151768875 0.32960808795431384 398
1783151771209 0.3296080749967824 399
