1783151738991 0.635580673691167 385
1783151741330 0.6355806831519122 386
1783151743646 0.6355806669878837 387
1783151745951 0.6355806741397645 388
1783151748291 0.635580672288415 389
1783151750531 0.6355806757086139 390
1783151752819 0.6355806632464323 391
1783151755079 0.6355806760311067 392
1783151757458 0.6355806583287008 393
1783151759713 0.6355806655072006 394
1783151762028 0.6355806886920033 395
1783151764272 0.6355806682335142 396
1783151766548 0.6355806741858909 397
1783151768875 0.6355806649169807 398
1783151771209 0.6355806732017975 399
