1783151738991 2.9295823129481513 385
1783151741330 2.9295823129481513 386
1783151743646 2.9295823129481513 387
1783151745951 2.9295823129481513 388
1783151748291 2.9295823129481513 389
1783151750531 2.9295823129481513 390
1783151752819 2.9295823129481513 391
1783151755079 2.9295823129481513 392
1783151757458 2.9295823129481513 393
1783151759713 2.9295823129481513 394
1783151762028 2.9295823129481513 395
1783151764272 2.9295823129481513 396
1783151766548 2.9295823129481513 397
1783151768875 2.9295823129481513 398
1783151771209 2.9295823129481513 399
