1783151738991 0.0975873039468475 385
1783151741330 0.09758730427078578 386
1783151743646 0.09758730427078578 387
1783151745951 0.09758730427078578 388
1783151748291 0.0975873039468475 389
1783151750531 0.09758730556653894 390
1783151752819 0.09758730297503264 391
1783151755079 0.0975873039468475 392
1783151757458 0.09758730556653894 393
1783151759713 0.09758730427078578 394
1783151762028 0.09758730427078578 395
1783151764272 0.09758730491866237 396
1783151766548 0.09758730524260065 397
1783151768875 0.09758730362290921 398
1783151771209 0.09758730491866237 399
