1783140127575 0.8076578776041666 244
1783140130622 0.7937825520833334 245
1783140133604 0.7795817057291666 246
1783140136558 0.76513671875 247
1783140139544 0.7503255208333334 248
1783140142541 0.7317708333333334 249
1783140145561 0.715576171875 250
1783140148596 0.7028401692708334 251
1783140151658 0.6858723958333334 252
1783140154694 0.6736653645833334 253
1783140157692 0.6581217447916666 254
1783140160687 0.6426595052083334 255
1783140163716 0.6601155598958334 256
1783140166681 0.6160888671875 257
1783140169687 0.6038004557291666 258
1783140172677 0.5955403645833334 259
1783140175717 0.6216634114583334 260
1783140178656 0.6151529947916666 261
1783140181634 0.5805257161458334 262
1783140184700 0.5768636067708334 263
