1783140127575 1.0507731437683105 244
1783140130622 1.0507731040318806 245
1783140133604 1.0507730940977733 246
1783140136558 1.0507730146249135 247
1783140139544 1.0507731040318806 248
1783140142541 1.0507731437683105 249
1783140145561 1.0507730940977733 250
1783140148596 1.0507731139659882 251
1783140151658 1.0507731239000957 252
1783140154694 1.0507731437683105 253
1783140157692 1.0507730841636658 254
1783140160687 1.050773133834203 255
1783140163716 1.050773133834203 256
1783140166681 1.0507730841636658 257
1783140169687 1.0507730841636658 258
1783140172677 1.0507730543613434 259
1783140175717 1.050773064295451 260
1783140178656 1.0507731835047405 261
1783140181634 1.0507731437683105 262
1783140184700 1.0507730940977733 263
