1783140127575 0.012501895187417926 244
1783140130622 0.012533360971725657 245
1783140133604 0.012558305805552623 246
1783140136558 0.012577152790029253 247
1783140139544 0.012591217211881134 248
1783140142541 0.012599914063048286 249
1783140145561 0.012603928996000961 250
1783140148596 0.012611932423339052 251
1783140151658 0.012615555230771002 252
1783140154694 0.012616257730680897 253
1783140157692 0.012618917496019767 254
1783140160687 0.012631799770056166 255
1783140163716 0.012685294436061945 256
1783140166681 0.012741075398822474 257
1783140169687 0.012815733956916459 258
1783140172677 0.012899440336294997 259
1783140175717 0.013015570093897802 260
1783140178656 0.013138262141847651 261
1783140181634 0.01325680814828715 262
1783140184700 0.013376944484185029 263
