1783140127575 3.9215997200274995 244
1783140130622 3.91482975410816 245
1783140133604 3.9085914302752753 246
1783140136558 3.9028478136259435 247
1783140139544 3.8976260230396305 248
1783140142541 3.8929402280567342 249
1783140145561 3.8893378921527924 250
1783140148596 3.885853768982661 251
1783140151658 3.8821492337776937 252
1783140154694 3.878435284553886 253
1783140157692 3.8748694667660466 254
1783140160687 3.8717370653086554 255
1783140163716 3.8698931626131317 256
1783140166681 3.868203228792922 257
1783140169687 3.8672382129730374 258
1783140172677 3.8671971832366223 259
1783140175717 3.8708777601208486 260
1783140178656 3.870126139869106 261
1783140181634 3.8682627144731843 262
1783140184700 3.8672091694067454 263
