1783140127575 5.689718763033549 244
1783140130622 5.689718763033549 245
1783140133604 5.689718763033549 246
1783140136558 5.689718763033549 247
1783140139544 5.689718763033549 248
1783140142541 5.689718763033549 249
1783140145561 5.689718763033549 250
1783140148596 5.689718763033549 251
1783140151658 5.689718763033549 252
1783140154694 5.689718763033549 253
1783140157692 5.689718763033549 254
1783140160687 5.689718763033549 255
1783140163716 5.689718763033549 256
1783140166681 5.689718763033549 257
1783140169687 5.689718763033549 258
1783140172677 5.689718763033549 259
1783140175717 5.689718763033549 260
1783140178656 5.689718763033549 261
1783140181634 5.689718763033549 262
1783140184700 5.689718763033549 263
