1783140127575 0.2496405690908432 244
1783140130622 0.24835701286792755 245
1783140133604 0.2473345547914505 246
1783140136558 0.24655254185199738 247
1783140139544 0.24591581523418427 248
1783140142541 0.2507967948913574 249
1783140145561 0.25991013646125793 250
1783140148596 0.22524042427539825 251
1783140151658 0.2501583397388458 252
1783140154694 0.24387334287166595 253
1783140157692 0.24353551864624023 254
1783140160687 0.2521854043006897 255
1783140163716 0.2513488233089447 256
1783140166681 0.22356516122817993 257
1783140169687 0.248007133603096 258
1783140172677 0.24826425313949585 259
1783140175717 0.23774848878383636 260
1783140178656 0.25216856598854065 261
1783140181634 0.24258261919021606 262
1783140184700 0.24256576597690582 263
