1783140127575 1.010824098587036 244
1783140130622 1.01918443997701 245
1783140133604 1.0182585136310474 246
1783140136558 1.0162407666036528 247
1783140139544 1.0220123496320512 248
1783140142541 1.0195334610873705 249
1783140145561 1.0150015926361085 250
1783140148596 1.0126566282908123 251
1783140151658 1.0126565996805827 252
1783140154694 1.008939316398219 253
1783140157692 1.008523755259328 254
1783140160687 1.0137218172485765 255
1783140163716 1.0088354619344075 256
1783140166681 1.0029758651082108 257
1783140169687 1.0061688840389251 258
1783140172677 1.008231386353698 259
1783140175717 1.0073783455825434 260
1783140178656 1.0107976198196411 261
1783140181634 1.0180798245639335 262
1783140184700 1.0206546696220957 263
