1783140127575 0.4141259640455246 244
1783140130622 0.4168836071377709 245
1783140133604 0.4196916203345022 246
1783140136558 0.42065889835357667 247
1783140139544 0.423785705625275 248
1783140142541 0.42666516565296747 249
1783140145561 0.43379964579397173 250
1783140148596 0.43279940156794305 251
1783140151658 0.4354399821114919 252
1783140154694 0.4354399915725466 253
1783140157692 0.4388101767685454 254
1783140160687 0.4400870714868818 255
1783140163716 0.43970708052317303 256
1783140166681 0.4312170415684797 257
1783140169687 0.4229666236080701 258
1783140172677 0.4220828950405121 259
1783140175717 0.42044198800282306 260
1783140178656 0.41787581608213226 261
1783140181634 0.4165078812175327 262
1783140184700 0.4186459560503905 263
