1783140127575 1.0129136109073078 244
1783140130622 1.0119224785216259 245
1783140133604 1.011199090105161 246
1783140136558 1.0104090796305079 247
1783140139544 1.0098663481010628 248
1783140142541 1.0096157205348113 249
1783140145561 1.0090211155610356 250
1783140148596 1.0091007597127537 251
1783140151658 1.0089234777653315 252
1783140154694 1.0084734459844296 253
1783140157692 1.008354756550383 254
1783140160687 1.0082581926723422 255
1783140163716 1.0080287621303987 256
1783140166681 1.008028757292482 257
1783140169687 1.0078687734283776 258
1783140172677 1.0078953886817767 259
1783140175717 1.0083233804781675 260
1783140178656 1.0081124979978913 261
1783140181634 1.0077939815109234 262
1783140184700 1.0076598248608988 263
