1783140127575 0.8097454553627106 244
1783140130622 0.8104772504439323 245
1783140133604 0.8128017595487499 246
1783140136558 0.8152596953393174 247
1783140139544 0.8157149597662552 248
1783140142541 0.8174998600517164 249
1783140145561 0.8184719154097972 250
1783140148596 0.8188949154783263 251
1783140151658 0.8193231012825463 252
1783140154694 0.8194063930420213 253
1783140157692 0.8201413524905699 254
1783140160687 0.8203900696838671 255
1783140163716 0.8204272394396783 256
1783140166681 0.8182623095909275 257
1783140169687 0.8166547006773717 258
1783140172677 0.8166160305895322 259
1783140175717 0.8161576034083511 260
1783140178656 0.8154491911543177 261
1783140181634 0.8148455625620016 262
1783140184700 0.8152566927182275 263
