1783140127575 0.3233432493404007 244
1783140130622 0.31020269724555893 245
1783140133604 0.3115219911557711 246
1783140136558 0.3183438760079543 247
1783140139544 0.3172013063258696 248
1783140142541 0.32455062780918986 249
1783140145561 0.32191392203720604 250
1783140148596 0.3235836227274821 251
1783140151658 0.32483949894300407 252
1783140154694 0.32558549068469134 253
1783140157692 0.3259871668734376 254
1783140160687 0.32853998386167127 255
1783140163716 0.32892732522408263 256
1783140166681 0.3201177891094048 257
1783140169687 0.31472266399732396 258
1783140172677 0.3156264161148169 259
1783140175717 0.311864317327981 260
1783140178656 0.3111669681309663 261
1783140181634 0.3100728491740083 262
1783140184700 0.3102836560232481 263
