1783140127575 0.5230257104666552 244
1783140130622 0.5171007695787876 245
1783140133604 0.5430380150465655 246
1783140136558 0.49293612926340363 247
1783140139544 0.5081578010693837 248
1783140142541 0.5010393711958806 249
1783140145561 0.4863519515829746 250
1783140148596 0.5389306500054891 251
1783140151658 0.5389307198133673 252
1783140154694 0.5593127006931519 253
1783140157692 0.560772229046241 254
1783140160687 0.5778436765998073 255
1783140163716 0.5877286080558172 256
1783140166681 0.568232856347994 257
1783140169687 0.5971490597869196 258
1783140172677 0.5857841864181468 259
1783140175717 0.5553915559232415 260
1783140178656 0.5733352383561983 261
1783140181634 0.5764038194444339 262
1783140184700 0.5724131091849232 263
