1783140127575 0.9869459734002396 244
1783140130622 0.9869459749426692 245
1783140133604 0.9869459723857928 246
1783140136558 0.9869459738310057 247
1783140139544 0.9869459724927679 248
1783140142541 0.9869459728753641 249
1783140145561 0.9869459744544432 250
1783140148596 0.9869459726471311 251
1783140151658 0.9869459713855121 252
1783140154694 0.9869459731353567 253
1783140157692 0.9869459722685376 254
1783140160687 0.9869459706806641 255
1783140163716 0.9869459709093564 256
1783140166681 0.9869459725189706 257
1783140169687 0.9869459739004175 258
1783140172677 0.986945973197714 259
1783140175717 0.9869459749791035 260
1783140178656 0.9869459722669598 261
1783140181634 0.9869459731111155 262
1783140184700 0.9869459744330383 263
