1783140127575 0.7203012514905484 244
1783140130622 0.7203012686272062 245
1783140133604 0.7203012520933774 246
1783140136558 0.7203012437235244 247
1783140139544 0.7203012505166976 248
1783140142541 0.7203012555380129 249
1783140145561 0.7203012545526227 250
1783140148596 0.720301250636219 251
1783140151658 0.7203012464615917 252
1783140154694 0.7203012601723254 253
1783140157692 0.7203012508203228 254
1783140160687 0.7203012611708676 255
1783140163716 0.7203012648749755 256
1783140166681 0.7203012687523446 257
1783140169687 0.7203012681259259 258
1783140172677 0.720301243112676 259
1783140175717 0.7203012631890586 260
1783140178656 0.7203012545965778 261
1783140181634 0.7203012590239681 262
1783140184700 0.7203012545769787 263
