1783140127575 0.1595711757739385 244
1783140130622 0.15957117701570192 245
1783140133604 0.15957117701570192 246
1783140136558 0.1595711757739385 247
1783140139544 0.1595711757739385 248
1783140142541 0.15957117453217506 249
1783140145561 0.15957117701570192 250
1783140148596 0.15957117701570192 251
1783140151658 0.15957117825746536 252
1783140154694 0.15957117329041162 253
1783140157692 0.15957117701570192 254
1783140160687 0.15957117701570192 255
1783140163716 0.15957117453217506 256
1783140166681 0.1595711757739385 257
1783140169687 0.15957117701570192 258
1783140172677 0.15957117329041162 259
1783140175717 0.1595711720486482 260
1783140178656 0.1595711757739385 261
1783140181634 0.15957117701570192 262
1783140184700 0.15957117329041162 263
