1783140127575 0.9869314034779867 244
1783140130622 0.9869314084450403 245
1783140133604 0.9869314084450403 246
1783140136558 0.9869314084450403 247
1783140139544 0.9869314084450403 248
1783140142541 0.9869314084450403 249
1783140145561 0.9869314084450403 250
1783140148596 0.9869314084450403 251
1783140151658 0.9869314084450403 252
1783140154694 0.9869314084450403 253
1783140157692 0.9869314084450403 254
1783140160687 0.9869314084450403 255
1783140163716 0.9869314084450403 256
1783140166681 0.9869314084450403 257
1783140169687 0.9869314084450403 258
1783140172677 0.9869314084450403 259
1783140175717 0.9869314084450403 260
1783140178656 0.9869314084450403 261
1783140181634 0.9869314084450403 262
1783140184700 0.9869314084450403 263
