1783140127575 0.6584425767262777 244
1783140130622 0.6584425767262777 245
1783140133604 0.6584425767262777 246
1783140136558 0.6584425767262777 247
1783140139544 0.6584425767262777 248
1783140142541 0.6584425767262777 249
1783140145561 0.6584425767262777 250
1783140148596 0.6584425767262777 251
1783140151658 0.6584425767262777 252
1783140154694 0.6584425767262777 253
1783140157692 0.6584425767262777 254
1783140160687 0.6584425767262777 255
1783140163716 0.6584425767262777 256
1783140166681 0.6584425767262777 257
1783140169687 0.6584425767262777 258
1783140172677 0.6584425767262777 259
1783140175717 0.6584425767262777 260
1783140178656 0.6584425767262777 261
1783140181634 0.6584425767262777 262
1783140184700 0.6584425767262777 263
