1783140127575 0.7341277748346329 244
1783140130622 0.7341277698675791 245
1783140133604 0.7341277698675791 246
1783140136558 0.7341277698675791 247
1783140139544 0.7341277698675791 248
1783140142541 0.7341277698675791 249
1783140145561 0.7341277698675791 250
1783140148596 0.7341277698675791 251
1783140151658 0.7341277698675791 252
1783140154694 0.7341277698675791 253
1783140157692 0.7341277698675791 254
1783140160687 0.7341277698675791 255
1783140163716 0.7341277698675791 256
1783140166681 0.7341277698675791 257
1783140169687 0.7341277698675791 258
1783140172677 0.7341277698675791 259
1783140175717 0.7341277698675791 260
1783140178656 0.7341277698675791 261
1783140181634 0.7341277698675791 262
1783140184700 0.7341277698675791 263
