1783140127575 0.21240182220935822 244
1783140130622 0.21126534044742584 245
1783140133604 0.2100425660610199 246
1783140136558 0.20879344642162323 247
1783140139544 0.20755131542682648 248
1783140142541 0.0 249
1783140145561 0.0 250
1783140148596 0.0 251
1783140151658 0.0 252
1783140154694 0.2020062804222107 253
1783140157692 0.20089702308177948 254
1783140160687 0.0 255
1783140163716 0.0 256
1783140166681 0.0 257
1783140169687 0.0 258
1783140172677 0.0 259
1783140175717 0.0 260
1783140178656 0.0 261
1783140181634 0.19554442167282104 262
1783140184700 0.19498838484287262 263
