1783140127575 0.09786872565746307 244
1783140130622 0.09786872565746307 245
1783140133604 0.09786872441569965 246
1783140136558 0.09786872379481792 247
1783140139544 0.09786872441569965 248
1783140142541 0.09786872503658135 249
1783140145561 0.0978687262783448 250
1783140148596 0.09786872565746307 251
1783140151658 0.09786872503658135 252
1783140154694 0.0978687231739362 253
1783140157692 0.09786872565746307 254
1783140160687 0.09786872565746307 255
1783140163716 0.0978687262783448 256
1783140166681 0.09786872565746307 257
1783140169687 0.09786872379481792 258
1783140172677 0.09786872379481792 259
1783140175717 0.09786872441569965 260
1783140178656 0.09786872441569965 261
1783140181634 0.09786872503658135 262
1783140184700 0.09786872441569965 263
