1783125554481 0.9931353479623795 149
1783125555786 0.9931353231271108 150
1783125557096 0.993135338028272 151
1783125558493 0.993135338028272 152
1783125559790 0.9929665873448054 153
1783125561137 0.9931353330612183 154
1783125562428 0.9933666338523229 155
1783125563695 0.9931100606918335 156
1783125564960 0.9931353529294332 157
1783125566242 0.9929940005143484 158
1783125567520 0.9929177860418955 159
1783125568803 0.9931353330612183 160
1783125570223 0.9934142629305521 161
1783125571498 0.9931353280941645 162
1783125572752 0.9931353330612183 163
1783125573996 0.9928431808948517 164
1783125575296 0.99271788696448 165
1783125576724 0.9928631832202276 166
1783125578063 0.993135338028272 167
1783125579423 0.9934197415908178 168
