1783125554481 0.0 149
1783125555786 0.0 150
1783125557096 0.0 151
1783125558493 0.0 152
1783125559790 0.0002083333480792741 153
1783125561137 0.0 154
1783125562428 0.0002083333480792741 155
1783125563695 0.0002083333480792741 156
1783125564960 0.0 157
1783125566242 0.0002083333480792741 158
1783125567520 0.0004166666961585482 159
1783125568803 0.0 160
1783125570223 0.0004166666961585482 161
1783125571498 0.0 162
1783125572752 0.0 163
1783125573996 0.0012500000884756446 164
1783125575296 0.0006250000442378223 165
1783125576724 0.0002083333480792741 166
1783125578063 0.0 167
1783125579423 0.0002083333480792741 168
