1783125554481 0.9155758569637934 149
1783125555786 0.9155758569637934 150
1783125557096 0.9155758619308472 151
1783125558493 0.9155758321285248 152
1783125559790 0.9155758768320084 153
1783125561137 0.9155758370955785 154
1783125562428 0.915575827161471 155
1783125563695 0.9155758519967397 156
1783125564960 0.9155758668979009 157
1783125566242 0.9155758718649546 158
1783125567520 0.9155758519967397 159
1783125568803 0.9155758370955785 160
1783125570223 0.9155758370955785 161
1783125571498 0.9155758370955785 162
1783125572752 0.915575847029686 163
1783125573996 0.9155758370955785 164
1783125575296 0.9155758321285248 165
1783125576724 0.9155758569637934 166
1783125578063 0.9155758569637934 167
1783125579423 0.9155758768320084 168
