1783125554481 0.1829612689713637 149
1783125555786 0.18296127021312714 150
1783125557096 0.18296126400430998 151
1783125558493 0.1829612689713637 152
1783125559790 0.18296126772960028 153
1783125561137 0.18296126400430998 154
1783125562428 0.18296126648783684 155
1783125563695 0.18296126027901968 156
1783125564960 0.18296126648783684 157
1783125566242 0.1829612652460734 158
1783125567520 0.18296126400430998 159
1783125568803 0.1829612615207831 160
1783125570223 0.1829612689713637 161
1783125571498 0.18296127145489058 162
1783125572752 0.18296126400430998 163
1783125573996 0.18296126648783684 164
1783125575296 0.18296126772960028 165
1783125576724 0.18296126772960028 166
1783125578063 0.1829612652460734 167
1783125579423 0.18296126648783684 168
