1783125554481 1.56159845755613 149
1783125555786 1.5615984874548972 150
1783125557096 1.561598467036875 151
1783125558493 1.5615984554790963 152
1783125559790 1.5615984575013167 153
1783125561137 1.5615984664192741 154
1783125562428 1.561598483166308 155
1783125563695 1.5615984629540376 156
1783125564960 1.5615984655654194 157
1783125566242 1.5615984707057222 158
1783125567520 1.5615984655680244 159
1783125568803 1.5615984665248253 160
1783125570223 1.5615984875296098 161
1783125571498 1.561598475043002 162
1783125572752 1.5615984584450127 163
1783125573996 1.5615984806716343 164
1783125575296 1.5615984690139701 165
1783125576724 1.561598461238909 166
1783125578063 1.5615984400251968 167
1783125579423 1.5615984557253244 168
