1783125554481 0.14198690848437084 149
1783125555786 0.1419869107636123 150
1783125557096 0.14198691079522463 151
1783125558493 0.14198690855194598 152
1783125559790 0.1419869080568306 153
1783125561137 0.1419869097390193 154
1783125562428 0.14198691071375213 155
1783125563695 0.14198690723278937 156
1783125564960 0.14198690711693776 157
1783125566242 0.14198690867170696 158
1783125567520 0.14198690924965887 159
1783125568803 0.14198690761846242 160
1783125570223 0.14198691119330004 161
1783125571498 0.14198690935345512 162
1783125572752 0.14198690780738624 163
1783125573996 0.14198690955153956 164
1783125575296 0.14198690921688914 165
1783125576724 0.14198690955920326 166
1783125578063 0.14198690681214474 167
1783125579423 0.1419869081463954 168
