1783125554481 0.10029738148053487 149
1783125555786 0.10029739141464233 150
1783125557096 0.10029737154642741 151
1783125558493 0.1002974013487498 152
1783125559790 0.10029868284861247 153
1783125561137 0.10029736161231995 154
1783125562428 0.10029738148053487 155
1783125563695 0.09985055526097615 156
1783125564960 0.10029738148053487 157
1783125566242 0.10029736161231995 158
1783125567520 0.1002974013487498 159
1783125568803 0.10029733180999756 160
1783125570223 0.09985053539276123 161
1783125571498 0.10029741128285725 162
1783125572752 0.10029738148053487 163
1783125573996 0.10029735167821248 164
1783125575296 0.10029738148053487 165
1783125576724 0.10029736161231995 166
1783125578063 0.10029738148053487 167
1783125579423 0.10029736161231995 168
