1783125554481 3.947863725271264 149
1783125555786 3.9478636073282076 150
1783125557096 3.947863608188236 151
1783125558493 3.9478636468902066 152
1783125559790 3.94786364667052 153
1783125561137 3.9478634896733786 154
1783125562428 3.9478637642960845 155
1783125563695 3.9478636861181164 156
1783125564960 3.9478635679115874 157
1783125566242 3.9478636076809583 158
1783125567520 3.947863529468289 159
1783125568803 3.947863607525006 160
1783125570223 3.9478636472329662 161
1783125571498 3.947863647384468 162
1783125572752 3.9478636860987524 163
1783125573996 3.9478636861137466 164
1783125575296 3.947863529037862 165
1783125576724 3.947863607694195 166
1783125578063 3.947863686414132 167
1783125579423 3.9478636469300334 168
