1783125554481 7.774834156036377 149
1783125555786 0.9684469699859619 150
1783125557096 0.9617407321929932 151
1783125558493 1.0535573959350586 152
1783125559790 0.9632389545440674 153
1783125561137 1.0095868110656738 154
1783125562428 0.9537391662597656 155
1783125563695 0.9437479972839355 156
1783125564960 0.937136173248291 157
1783125566242 0.9478480815887451 158
1783125567520 0.9446172714233398 159
1783125568803 0.962531566619873 160
1783125570223 1.0588741302490234 161
1783125571498 0.9405651092529297 162
1783125572752 0.9212841987609863 163
1783125573996 0.9198658466339111 164
1783125575296 0.9685971736907959 165
1783125576724 1.0098273754119873 166
1783125578063 1.0199711322784424 167
1783125579423 0.9878463745117188 168
