1783125554481 0.14262091791765255 149
1783125555786 0.17522260648283092 150
1783125557096 0.2221633642911911 151
1783125558493 0.27936781400983984 152
1783125559790 0.30970206585797394 153
1783125561137 0.4033412838524038 154
1783125562428 0.47835480354048987 155
1783125563695 0.4453680312091654 156
1783125564960 0.5291199088096619 157
1783125566242 0.5263235718011856 158
1783125567520 0.5368687456304376 159
1783125568803 0.5974065580151298 160
1783125570223 0.5846155069091103 161
1783125571498 0.6182700341398065 162
1783125572752 0.6235993125221946 163
1783125573996 0.4331481104547327 164
1783125575296 0.5989469885826111 165
1783125576724 0.6186561259356412 166
1783125578063 0.6158826893026178 167
1783125579423 0.615858487107537 168
