1783125554481 3.880918006102244 149
1783125555786 3.876026749610901 150
1783125557096 3.8712671597798667 151
1783125558493 3.86655988295873 152
1783125559790 3.8619149923324585 153
1783125561137 3.8572368820508323 154
1783125562428 3.8529898722966514 155
1783125563695 3.8477739493052163 156
1783125564960 3.8428794542948403 157
1783125566242 3.8378544052441916 158
1783125567520 3.8330825368563333 159
1783125568803 3.827833116054535 160
1783125570223 3.8226674596468606 161
1783125571498 3.8173913955688477 162
1783125572752 3.8120553890864053 163
1783125573996 3.8074593941370645 164
1783125575296 3.8019966880480447 165
1783125576724 3.795883278052012 166
1783125578063 3.790103554725647 167
1783125579423 3.784626384576162 168
