1783125554481 1.9257599634333822 149
1783125555786 1.9257599981756157 150
1783125557096 1.9257599981756157 151
1783125558493 1.925759991227169 152
1783125559790 1.925759991227169 153
1783125561137 1.925759991227169 154
1783125562428 1.925759953010712 155
1783125563695 1.9257599356395951 156
1783125564960 1.925759991227169 157
1783125566242 1.9257599634333822 158
1783125567520 1.9257600051240626 159
1783125568803 1.9257599669076055 160
1783125570223 1.925759991227169 161
1783125571498 1.925759970381829 162
1783125572752 1.9257599842787223 163
1783125573996 1.9257599773302756 164
1783125575296 1.9257599634333822 165
1783125576724 1.9257599773302756 166
1783125578063 1.9257599773302756 167
1783125579423 1.9257599773302756 168
