1783125554481 0.5572836615822532 149
1783125555786 0.5572836128148165 150
1783125557096 0.5572836399078369 151
1783125558493 0.5572836182334207 152
1783125559790 0.557283650745045 153
1783125561137 0.557283645326441 154
1783125562428 0.5572836399078369 155
1783125563695 0.557283645326441 156
1783125564960 0.5572836182334207 157
1783125566242 0.557283645326441 158
1783125567520 0.557283650745045 159
1783125568803 0.5572836236520247 160
1783125570223 0.5572836344892328 161
1783125571498 0.5572836344892328 162
1783125572752 0.557283650745045 163
1783125573996 0.5572836561636492 164
1783125575296 0.5572836344892328 165
1783125576724 0.5572836561636492 166
1783125578063 0.557283645326441 167
1783125579423 0.5572836290706288 168
