1783125554481 0.5901411496007811 149
1783125555786 0.5901411548121163 150
1783125557096 0.5901411426523344 151
1783125558493 0.5901411478636694 152
1783125559790 0.5901411496007811 153
1783125561137 0.5901411530750046 154
1783125562428 0.5901411409152227 155
1783125563695 0.5901411582863396 156
1783125564960 0.5901411582863396 157
1783125566242 0.5901411582863396 158
1783125567520 0.5901411582863396 159
1783125568803 0.5901411487322253 160
1783125570223 0.5901411391781111 161
1783125571498 0.5901411765260123 162
1783125572752 0.5901411496007811 163
1783125573996 0.5901411496007811 164
1783125575296 0.5901411591548954 165
1783125576724 0.5901411634976746 166
1783125578063 0.5901411608920071 167
1783125579423 0.5901411678404539 168
