1783125554481 1.8965641337863648 149
1783125555786 1.8965641309762749 150
1783125557096 1.8965641281661847 151
1783125558493 1.8965641197359144 152
1783125559790 1.8965641253560945 153
1783125561137 1.8965641169258245 154
1783125562428 1.8965641225460046 155
1783125563695 1.8965641337863648 156
1783125564960 1.8965641141157343 157
1783125566242 1.8965641169258245 158
1783125567520 1.8965641197359144 159
1783125568803 1.8965641281661847 160
1783125570223 1.8965641253560945 161
1783125571498 1.8965641141157343 162
1783125572752 1.8965640916350137 163
1783125573996 1.8965641337863648 164
1783125575296 1.8965641253560945 165
1783125576724 1.896564136596455 166
1783125578063 1.8965641337863648 167
1783125579423 1.896564136596455 168
