1783125554481 0.2741846740245819 149
1783125555786 0.27418461441993713 150
1783125557096 0.27418461441993713 151
1783125558493 0.27418461441993713 152
1783125559790 0.25159525871276855 153
1783125561137 0.27418458461761475 154
1783125562428 0.278952419757843 155
1783125563695 0.28332415223121643 156
1783125564960 0.27418455481529236 157
1783125566242 0.2514807879924774 158
1783125567520 0.291655570268631 159
1783125568803 0.27418461441993713 160
1783125570223 0.2884214222431183 161
1783125571498 0.27418461441993713 162
1783125572752 0.27418461441993713 163
1783125573996 0.32874688506126404 164
1783125575296 0.2675085961818695 165
1783125576724 0.28188517689704895 166
1783125578063 0.27418458461761475 167
1783125579423 0.2792268395423889 168
