1783125554481 0.5048451990514876 149
1783125555786 0.5048454466961986 150
1783125557096 0.5048453752399391 151
1783125558493 0.5048452674645751 152
1783125559790 0.504845303591385 153
1783125561137 0.5048453388646623 154
1783125562428 0.5048452953444014 155
1783125563695 0.5048454288922273 156
1783125564960 0.5048455366795563 157
1783125566242 0.5048454799492111 158
1783125567520 0.5048452626350528 159
1783125568803 0.5048453393968904 160
1783125570223 0.5048454475911923 161
1783125571498 0.5048454667914828 162
1783125572752 0.5048453019572673 163
1783125573996 0.5048453368835687 164
1783125575296 0.5048454873157365 165
1783125576724 0.5048451428575936 166
1783125578063 0.5048453011241514 167
1783125579423 0.5048455147083134 168
