1783125554481 0.35017235252651707 149
1783125555786 0.35017516628693496 150
1783125557096 0.35017377909202113 151
1783125558493 0.35017531161233467 152
1783125559790 0.35017258889972247 153
1783125561137 0.35017447591261797 154
1783125562428 0.35017614677953174 155
1783125563695 0.3501755303534619 156
1783125564960 0.35017716658239106 157
1783125566242 0.3501764892799719 158
1783125567520 0.3501805414317392 159
1783125568803 0.3501799498266607 160
1783125570223 0.35017764850777694 161
1783125571498 0.35017368622855444 162
1783125572752 0.3501786324881032 163
1783125573996 0.35017835952446197 164
1783125575296 0.3501733895657872 165
1783125576724 0.350171880145656 166
1783125578063 0.35017556340758377 167
1783125579423 0.35017673469928556 168
