1783125554481 1.924421028657393 149
1783125555786 1.924421028657393 150
1783125557096 1.924421028657393 151
1783125558493 1.924421028657393 152
1783125559790 1.9244210936806418 153
1783125561137 1.9244210720062256 154
1783125562428 1.9244210503318093 155
1783125563695 1.9244210936806418 156
1783125564960 1.924421028657393 157
1783125566242 1.9244210503318093 158
1783125567520 1.9244210503318093 159
1783125568803 1.9244210069829768 160
1783125570223 1.9244210069829768 161
1783125571498 1.9244210936806418 162
1783125572752 1.9244210069829768 163
1783125573996 1.9244209636341443 164
1783125575296 1.9244210503318093 165
1783125576724 1.924421028657393 166
1783125578063 1.9244210069829768 167
1783125579423 1.9244210503318093 168
