1783125554481 0.03915007784962654 149
1783125555786 0.03915007784962654 150
1783125557096 0.03915007784962654 151
1783125558493 0.03915007784962654 152
1783125559790 0.03915007784962654 153
1783125561137 0.03915007784962654 154
1783125562428 0.03915007784962654 155
1783125563695 0.03915007784962654 156
1783125564960 0.03915007784962654 157
1783125566242 0.03915007784962654 158
1783125567520 0.03915007784962654 159
1783125568803 0.03915007784962654 160
1783125570223 0.03915007784962654 161
1783125571498 0.03915007784962654 162
1783125572752 0.03915007784962654 163
1783125573996 0.03915007784962654 164
1783125575296 0.03915007784962654 165
1783125576724 0.03915007784962654 166
1783125578063 0.03915007784962654 167
1783125579423 0.03915007784962654 168
