1783125554481 0.350183749740774 149
1783125555786 0.3952336853200739 150
1783125557096 0.4525764584541321 151
1783125558493 0.5140981376171112 152
1783125559790 0.5461897226897153 153
1783125561137 0.6270614293488589 154
1783125562428 0.6830179366198453 155
1783125563695 0.6575214673172344 156
1783125564960 0.7233092297207225 157
1783125566242 0.7145404057069258 158
1783125567520 0.7265324159102007 159
1783125568803 0.7702099301598289 160
1783125570223 0.7599985003471375 161
1783125571498 0.7839321060614153 162
1783125572752 0.7873954447832975 163
1783125573996 0.6245164329355414 164
1783125575296 0.7684381116520275 165
1783125576724 0.7840885086493059 166
1783125578063 0.7823817350647666 167
1783125579423 0.7815842682665045 168
