1783125554481 1.28 149
1783125555786 1.268888888888889 150
1783125557096 1.2577777777777779 151
1783125558493 1.2466666666666666 152
1783125559790 1.2355555555555555 153
1783125561137 1.2244444444444444 154
1783125562428 1.2133333333333334 155
1783125563695 1.202222222222222 156
1783125564960 1.191111111111111 157
1783125566242 1.18 158
1783125567520 1.18 159
1783125568803 1.18 160
1783125570223 1.18 161
1783125571498 1.18 162
1783125572752 1.18 163
1783125573996 1.18 164
1783125575296 1.18 165
1783125576724 1.18 166
1783125578063 1.18 167
1783125579423 1.18 168
