1783125554481 0.760704959432284 149
1783125555786 0.7607049445311228 150
1783125557096 0.760704924662908 151
1783125558493 0.7607049296299616 152
1783125559790 0.7607049296299616 153
1783125561137 0.7607049445311228 154
1783125562428 0.7607049395640691 155
1783125563695 0.7607049296299616 156
1783125564960 0.7607049643993378 157
1783125566242 0.7607049643993378 158
1783125567520 0.7607049395640691 159
1783125568803 0.760704924662908 160
1783125570223 0.7607049743334452 161
1783125571498 0.7607049296299616 162
1783125572752 0.7607049693663915 163
1783125573996 0.7607049445311228 164
1783125575296 0.7607049544652303 165
1783125576724 0.7607049395640691 166
1783125578063 0.7607049395640691 167
1783125579423 0.7607049445311228 168
