1783125554481 0.23929504056771597 149
1783125555786 0.23929505546887717 150
1783125557096 0.23929507533709207 151
1783125558493 0.23929507037003836 152
1783125559790 0.23929507037003836 153
1783125561137 0.23929505546887717 154
1783125562428 0.23929506043593088 155
1783125563695 0.23929507037003836 156
1783125564960 0.23929503560066223 157
1783125566242 0.23929503560066223 158
1783125567520 0.23929506043593088 159
1783125568803 0.23929507533709207 160
1783125570223 0.23929502566655478 161
1783125571498 0.23929507037003836 162
1783125572752 0.2392950306336085 163
1783125573996 0.23929505546887717 164
1783125575296 0.23929504553476968 165
1783125576724 0.23929506043593088 166
1783125578063 0.23929506043593088 167
1783125579423 0.23929505546887717 168
