1783125554481 0.47832909723122913 149
1783125555786 0.4783290425936381 150
1783125557096 0.478329062461853 151
1783125558493 0.4783293455839157 152
1783125559790 0.4783288985490799 153
1783125561137 0.47832885136206943 154
1783125562428 0.47832926859458286 155
1783125563695 0.47832909723122913 156
1783125564960 0.4783289432525635 157
1783125566242 0.47832895318667096 158
1783125567520 0.47832905997832614 159
1783125568803 0.47832944244146347 160
1783125570223 0.4783291071653366 161
1783125571498 0.4783291071653366 162
1783125572752 0.4783288389444351 163
1783125573996 0.478328933318456 164
1783125575296 0.4783289358019829 165
1783125576724 0.4783289780219396 166
1783125578063 0.47832902520895004 167
1783125579423 0.47832900285720825 168
