1783125554481 3.9220036531537366 149
1783125555786 3.9220036531537366 150
1783125557096 3.9220031856144955 151
1783125558493 3.9220036531537366 152
1783125559790 2.958716442189966 153
1783125561137 3.9220036531537366 154
1783125562428 2.9966002310770747 155
1783125563695 2.9644244996592297 156
1783125564960 3.9220036531537366 157
1783125566242 2.9528011268107632 158
1783125567520 2.941453695787841 159
1783125568803 3.9220036531537366 160
1783125570223 2.9644252064331913 161
1783125571498 3.9220036531537366 162
1783125572752 3.9220036531537366 163
1783125573996 2.9314750708289226 164
1783125575296 2.9214825843974395 165
1783125576724 2.972776528329055 166
1783125578063 3.9220036531537366 167
1783125579423 2.997071801990111 168
