1783152188949 1.020575129467508 401
1783152194613 1.020575129467508 402
1783152200147 1.020575129467508 403
1783152205632 1.020575129467508 404
1783152211032 1.020575129467508 405
1783152216465 1.020575129467508 406
1783152221936 1.020575129467508 407
1783152227455 1.020575129467508 408
1783152233109 1.020575129467508 409
1783152238605 1.020575129467508 410
1783152244056 1.020575129467508 411
1783152249437 1.020575129467508 412
1783152254837 1.020575129467508 413
1783152260267 1.020575129467508 414
1783152265769 1.020575129467508 415
1783152271262 1.020575129467508 416
1783152276731 1.020575129467508 417
1783152282742 1.020575129467508 418
1783152288918 1.020575129467508 419
1783152295030 1.020575129467508 420
1783152300751 1.020575129467508 421
1783152306666 1.020575129467508 422
1783152312153 1.020575129467508 423
1783152317546 1.020575129467508 424
1783152322914 1.020575129467508 425
1783152328249 1.020575129467508 426
1783152333796 1.020575129467508 427
1783152339220 1.020575129467508 428
1783152344740 1.020575129467508 429
1783152350494 1.020575129467508 430
