1783152188949 0.31438454208166705 401
1783152194613 0.3143845407859139 402
1783152200147 0.3143845381944076 403
1783152205632 0.3143845407859139 404
1783152211032 0.31438454208166705 405
1783152216465 0.31438454467317334 406
1783152221936 0.3143845381944076 407
1783152227455 0.3143845407859139 408
1783152233109 0.3143845381944076 409
1783152238605 0.31438454337742017 410
1783152244056 0.3143845381944076 411
1783152249437 0.31438454337742017 412
1783152254837 0.3143845381944076 413
1783152260267 0.31438454467317334 414
1783152265769 0.3143845498561859 415
1783152271262 0.3143845407859139 416
1783152276731 0.31438454208166705 417
1783152282742 0.3143845407859139 418
1783152288918 0.3143845394901607 419
1783152295030 0.3143845368986544 420
1783152300751 0.31438454596892645 421
1783152306666 0.3143845381944076 422
1783152312153 0.31438454337742017 423
1783152317546 0.3143845368986544 424
1783152322914 0.31438454467317334 425
1783152328249 0.3143845472646796 426
1783152333796 0.31438454467317334 427
1783152339220 0.3143845368986544 428
1783152344740 0.31438454337742017 429
1783152350494 0.3143845381944076 430
