1783152188949 0.0864706110695134 401
1783152194613 0.0864706110695134 402
1783152200147 0.0864706110695134 403
1783152205632 0.0864706110695134 404
1783152211032 0.0864706110695134 405
1783152216465 0.0864706110695134 406
1783152221936 0.0864706110695134 407
1783152227455 0.0864706110695134 408
1783152233109 0.0864706110695134 409
1783152238605 0.0864706110695134 410
1783152244056 0.0864706110695134 411
1783152249437 0.0864706110695134 412
1783152254837 0.0864706110695134 413
1783152260267 0.0864706110695134 414
1783152265769 0.0864706110695134 415
1783152271262 0.0864706110695134 416
1783152276731 0.0864706110695134 417
1783152282742 0.0864706110695134 418
1783152288918 0.0864706110695134 419
1783152295030 0.0864706110695134 420
1783152300751 0.0864706110695134 421
1783152306666 0.0864706110695134 422
1783152312153 0.0864706110695134 423
1783152317546 0.0864706110695134 424
1783152322914 0.0864706110695134 425
1783152328249 0.0864706110695134 426
1783152333796 0.0864706110695134 427
1783152339220 0.0864706110695134 428
1783152344740 0.0864706110695134 429
1783152350494 0.0864706110695134 430
