1783152188949 0.08615853410700093 401
1783152194613 0.08615853572669237 402
1783152200147 0.0861585350788158 403
1783152205632 0.08615853702244551 404
1783152211032 0.08615853216337122 405
1783152216465 0.0861585350788158 406
1783152221936 0.08615853410700093 407
1783152227455 0.08615853702244551 408
1783152233109 0.0861585347548775 409
1783152238605 0.08615853443093922 410
1783152244056 0.08615853605063065 411
1783152249437 0.0861585347548775 412
1783152254837 0.0861585347548775 413
1783152260267 0.08615853540275407 414
1783152265769 0.08615853605063065 415
1783152271262 0.0861585347548775 416
1783152276731 0.08615853410700093 417
1783152282742 0.08615853443093922 418
1783152288918 0.08615853443093922 419
1783152295030 0.08615853669850723 420
1783152300751 0.08615853605063065 421
1783152306666 0.08615853345912436 422
1783152312153 0.08615853443093922 423
1783152317546 0.0861585350788158 424
1783152322914 0.08615853669850723 425
1783152328249 0.08615853378306264 426
1783152333796 0.08615853313518607 427
1783152339220 0.0861585373463838 428
1783152344740 0.0861585350788158 429
1783152350494 0.08615853540275407 430
