1783152188949 0.48612987995147705 401
1783152194613 0.49582505226135254 402
1783152200147 0.48491498827934265 403
1783152205632 0.48795393109321594 404
1783152211032 0.5160111784934998 405
1783152216465 0.49991583824157715 406
1783152221936 0.5079393982887268 407
1783152227455 0.490809828042984 408
1783152233109 0.5491162538528442 409
1783152238605 0.5289177894592285 410
1783152244056 0.49274951219558716 411
1783152249437 0.5383910536766052 412
1783152254837 0.5333994030952454 413
1783152260267 0.5391370058059692 414
1783152265769 0.5357432961463928 415
1783152271262 0.48634785413742065 416
1783152276731 0.527338445186615 417
1783152282742 0.5549807548522949 418
1783152288918 0.5663026571273804 419
1783152295030 0.5722562670707703 420
1783152300751 0.539763331413269 421
1783152306666 0.48760560154914856 422
1783152312153 0.5912943482398987 423
1783152317546 0.5569548606872559 424
1783152322914 0.575117290019989 425
1783152328249 0.5914342403411865 426
1783152333796 0.5543889403343201 427
1783152339220 0.5646059513092041 428
1783152344740 0.5139468908309937 429
1783152350494 0.5847799777984619 430
