1783152188949 0.5901332484544629 401
1783152194613 0.5907304519457175 402
1783152200147 0.5871987469932612 403
1783152205632 0.5788954696694358 404
1783152211032 0.5831017511668223 405
1783152216465 0.5843857761839746 406
1783152221936 0.5822691796042703 407
1783152227455 0.5787059552824817 408
1783152233109 0.5815634885837231 409
1783152238605 0.5812325797536794 410
1783152244056 0.5788277669717338 411
1783152249437 0.5840620874154447 412
1783152254837 0.5890047457069159 413
1783152260267 0.5855236527146093 414
1783152265769 0.5813331167462846 415
1783152271262 0.5791839356759224 416
1783152276731 0.5838648614130522 417
1783152282742 0.5858839658883433 418
1783152288918 0.583442202665038 419
1783152295030 0.5828908462913669 420
1783152300751 0.5809061073921096 421
1783152306666 0.5828908406147341 422
1783152312153 0.5815750686355116 423
1783152317546 0.5815630482464302 424
1783152322914 0.5928527532462085 425
1783152328249 0.6001276519354872 426
1783152333796 0.597487061160137 427
1783152339220 0.5932465273993356 428
1783152344740 0.5862980990182786 429
1783152350494 0.5843659643345454 430
