1783152188949 0.3181094212159151 401
1783152194613 0.3186323513086094 402
1783152200147 0.3184910601144159 403
1783152205632 0.3179862332073892 404
1783152211032 0.3186004371867101 405
1783152216465 0.3188758548704596 406
1783152221936 0.31870221004866467 407
1783152227455 0.3184351995613816 408
1783152233109 0.3186237998704469 409
1783152238605 0.318653604487419 410
1783152244056 0.3184303671598011 411
1783152249437 0.31920000771177126 412
1783152254837 0.3195919476311788 413
1783152260267 0.3192913571076351 414
1783152265769 0.31894368480738844 415
1783152271262 0.3186294305625652 416
1783152276731 0.3193237451774145 417
1783152282742 0.31950222326435923 418
1783152288918 0.319165625855103 419
1783152295030 0.3191536272426194 420
1783152300751 0.31894990231490333 421
1783152306666 0.3191536289465221 422
1783152312153 0.3190601897724864 423
1783152317546 0.3190108599788712 424
1783152322914 0.32016632645473214 425
1783152328249 0.32081734015794094 426
1783152333796 0.3205488441432763 427
1783152339220 0.3202281207270986 428
1783152344740 0.31952982318149153 429
1783152350494 0.31924046075054163 430
