1783152188949 3.0 401
1783152194613 3.0 402
1783152200147 3.0 403
1783152205632 3.0 404
1783152211032 3.0 405
1783152216465 3.0 406
1783152221936 3.0 407
1783152227455 3.0 408
1783152233109 3.0 409
1783152238605 3.0 410
1783152244056 3.0 411
1783152249437 3.0 412
1783152254837 3.0 413
1783152260267 3.0 414
1783152265769 3.0 415
1783152271262 3.0 416
1783152276731 3.0 417
1783152282742 3.0 418
1783152288918 3.0 419
1783152295030 3.0 420
1783152300751 3.0 421
1783152306666 3.0 422
1783152312153 3.0 423
1783152317546 3.0 424
1783152322914 3.0 425
1783152328249 3.0 426
1783152333796 3.0 427
1783152339220 3.0 428
1783152344740 3.0 429
1783152350494 3.0 430
