1783152188949 0.22254462345786716 401
1783152194613 0.22354863519253937 402
1783152200147 0.2196696471908818 403
1783152205632 0.21760046482086182 404
1783152211032 0.21983311746431433 405
1783152216465 0.22108333914176279 406
1783152221936 0.2274285068978434 407
1783152227455 0.22096824062907178 408
1783152233109 0.22440680991048398 409
1783152238605 0.21865132515845093 410
1783152244056 0.22190717380979788 411
1783152249437 0.21954735595247019 412
1783152254837 0.21767621001471643 413
1783152260267 0.21645552308663077 414
1783152265769 0.21556683597357376 415
1783152271262 0.219498542987782 416
1783152276731 0.2234083874070126 417
1783152282742 0.2167839466229729 418
1783152288918 0.21749440872150919 419
1783152295030 0.21350309252738953 420
1783152300751 0.21837585905323859 421
1783152306666 0.22357079969800037 422
1783152312153 0.21838335822457852 423
1783152317546 0.2191516776447711 424
1783152322914 0.21043584463389023 425
1783152328249 0.2121525367964869 426
1783152333796 0.21190081083256265 427
1783152339220 0.21476693580979886 428
1783152344740 0.21237679862457773 429
1783152350494 0.21277343708535898 430
