1783152188949 0.8746214384297591 401
1783152194613 0.8746214343764632 402
1783152200147 0.8746214050971675 403
1783152205632 0.8746214404204358 404
1783152211032 0.8746214446761305 405
1783152216465 0.8746214639502179 406
1783152221936 0.8746214100497656 407
1783152227455 0.8746214212699942 408
1783152233109 0.8746214210159209 409
1783152238605 0.8746213963034388 410
1783152244056 0.8746214453121758 411
1783152249437 0.8746214344516032 412
1783152254837 0.8746214141064665 413
1783152260267 0.8746214756596228 414
1783152265769 0.8746214494695489 415
1783152271262 0.8746214011170016 416
1783152276731 0.8746214446091856 417
1783152282742 0.8746214278398127 418
1783152288918 0.8746214252431469 419
1783152295030 0.8746214289268555 420
1783152300751 0.8746214139882728 421
1783152306666 0.8746214409416422 422
1783152312153 0.8746213944157637 423
1783152317546 0.8746214036318782 424
1783152322914 0.8746214358151315 425
1783152328249 0.8746214825413624 426
1783152333796 0.8746214238591908 427
1783152339220 0.8746214303386708 428
1783152344740 0.8746214135977087 429
1783152350494 0.8746214434529351 430
