1783152188949 0.6703919254089069 401
1783152194613 0.6703919510475813 402
1783152200147 0.6703919283128957 403
1783152205632 0.6703919322384636 404
1783152211032 0.6703919303763047 405
1783152216465 0.670391930634064 406
1783152221936 0.6703919222089789 407
1783152227455 0.6703919298016335 408
1783152233109 0.6703919206904679 409
1783152238605 0.6703919276611046 410
1783152244056 0.6703919072449582 411
1783152249437 0.6703919360940453 412
1783152254837 0.6703919202094576 413
1783152260267 0.6703919303725987 414
1783152265769 0.670391926242405 415
1783152271262 0.6703919114815867 416
1783152276731 0.6703919247571288 417
1783152282742 0.6703919337281296 418
1783152288918 0.6703919237477587 419
1783152295030 0.6703919248380786 420
1783152300751 0.6703919329919775 421
1783152306666 0.6703919277204999 422
1783152312153 0.6703919269960376 423
1783152317546 0.6703919342104941 424
1783152322914 0.67039193402568 425
1783152328249 0.6703919279204449 426
1783152333796 0.6703919329389115 427
1783152339220 0.6703919357826572 428
1783152344740 0.6703919192941751 429
1783152350494 0.6703919264805249 430
