1783152188949 0.0 401
1783152194613 0.0 402
1783152200147 0.0 403
1783152205632 0.0 404
1783152211032 7.157377188318408e-07 405
1783152216465 0.0030434785977653837 406
1783152221936 0.004565217896648075 407
1783152227455 0.0015217392988826919 408
1783152233109 0.006087397617746952 409
1783152238605 0.0030434785977653837 410
1783152244056 0.006086957195530767 411
1783152249437 0.0015235806175674636 412
1783152254837 0.0030434785977653837 413
1783152260267 0.0015217392988826919 414
1783152265769 0.0015217392988826919 415
1783152271262 0.004565217896648075 416
1783152276731 0.0030448342630457455 417
1783152282742 0.0030434785977653837 418
1783152288918 0.0045656259718943265 419
1783152295030 0.0015220561229165983 420
1783152300751 0.007608932131204929 421
1783152306666 0.0076091494528945395 422
1783152312153 0.00760889932677816 423
1783152317546 0.006090681500965096 424
1783152322914 0.0030471245063776937 425
1783152328249 0.0015222277696026417 426
1783152333796 0.0030439131528707903 427
1783152339220 0.004565640495338416 428
1783152344740 0.0045657639181559675 429
1783152350494 0.006087695639112296 430
