1783152188949 1.38 401
1783152194613 1.373103448275862 402
1783152200147 1.366206896551724 403
1783152205632 1.359310344827586 404
1783152211032 1.3524137931034481 405
1783152216465 1.3455172413793102 406
1783152221936 1.3386206896551722 407
1783152227455 1.3317241379310343 408
1783152233109 1.3248275862068966 409
1783152238605 1.3179310344827586 410
1783152244056 1.3110344827586207 411
1783152249437 1.3041379310344827 412
1783152254837 1.2972413793103448 413
1783152260267 1.2903448275862068 414
1783152265769 1.2834482758620689 415
1783152271262 1.276551724137931 416
1783152276731 1.269655172413793 417
1783152282742 1.262758620689655 418
1783152288918 1.255862068965517 419
1783152295030 1.2489655172413792 420
1783152300751 1.2420689655172412 421
1783152306666 1.2351724137931033 422
1783152312153 1.2282758620689656 423
1783152317546 1.2213793103448274 424
1783152322914 1.2144827586206897 425
1783152328249 1.2075862068965517 426
1783152333796 1.2006896551724138 427
1783152339220 1.1937931034482758 428
1783152344740 1.1868965517241379 429
1783152350494 1.18 430
