1783152188949 3.296981758138408 401
1783152194613 3.3065874690594885 402
1783152200147 3.29567486151405 403
1783152205632 3.30030684730281 404
1783152211032 3.30761741399765 405
1783152216465 3.3216526505739794 406
1783152221936 3.3352975376274276 407
1783152227455 3.3178003596222925 408
1783152233109 3.3464078226815097 409
1783152238605 3.327535511099774 410
1783152244056 3.3381478978239976 411
1783152249437 3.332104395006014 412
1783152254837 3.327476957310801 413
1783152260267 3.3309541497541515 414
1783152265769 3.330551855978759 415
1783152271262 3.3389949666417165 416
1783152276731 3.3532176986984585 417
1783152282742 3.337084097447603 418
1783152288918 3.3521421225174617 419
1783152295030 3.349119503601738 420
1783152300751 3.358643601510836 421
1783152306666 3.365660160520803 422
1783152312153 3.374616393317347 423
1783152317546 3.3711112786894257 424
1783152322914 3.3513503797676254 425
1783152328249 3.3492422891699754 426
1783152333796 3.3477577344230984 427
1783152339220 3.359991464666699 428
1783152344740 3.3505892116090528 429
1783152350494 3.365283386603646 430
