1783152188949 0.9866943177969559 401
1783152194613 0.9866943177969559 402
1783152200147 0.9866943177969559 403
1783152205632 0.9866943177969559 404
1783152211032 0.9866943177969559 405
1783152216465 0.9866943177969559 406
1783152221936 0.9866943177969559 407
1783152227455 0.9866943177969559 408
1783152233109 0.9866943177969559 409
1783152238605 0.9866943177969559 410
1783152244056 0.9866943177969559 411
1783152249437 0.9866943177969559 412
1783152254837 0.9866943177969559 413
1783152260267 0.9866943177969559 414
1783152265769 0.9866943177969559 415
1783152271262 0.9866943177969559 416
1783152276731 0.9866943177969559 417
1783152282742 0.9866943177969559 418
1783152288918 0.9866943177969559 419
1783152295030 0.9866943177969559 420
1783152300751 0.9866943177969559 421
1783152306666 0.9866943177969559 422
1783152312153 0.9866943177969559 423
1783152317546 0.9866943177969559 424
1783152322914 0.9866943177969559 425
1783152328249 0.9866943177969559 426
1783152333796 0.9866943177969559 427
1783152339220 0.9866943177969559 428
1783152344740 0.9866943177969559 429
1783152350494 0.9866943177969559 430
