1783152188949 0.3600171493447345 401
1783152194613 0.3600171493447345 402
1783152200147 0.3600171493447345 403
1783152205632 0.3600171493447345 404
1783152211032 0.3600171493447345 405
1783152216465 0.3600171493447345 406
1783152221936 0.3600171493447345 407
1783152227455 0.3600171493447345 408
1783152233109 0.3600171493447345 409
1783152238605 0.3600171493447345 410
1783152244056 0.3600171493447345 411
1783152249437 0.3600171493447345 412
1783152254837 0.3600171493447345 413
1783152260267 0.3600171493447345 414
1783152265769 0.3600171493447345 415
1783152271262 0.3600171493447345 416
1783152276731 0.3600171493447345 417
1783152282742 0.3600171493447345 418
1783152288918 0.3600171493447345 419
1783152295030 0.3600171493447345 420
1783152300751 0.3600171493447345 421
1783152306666 0.3600171493447345 422
1783152312153 0.3600171493447345 423
1783152317546 0.3600171493447345 424
1783152322914 0.3600171493447345 425
1783152328249 0.3600171493447345 426
1783152333796 0.3600171493447345 427
1783152339220 0.3600171493447345 428
1783152344740 0.3600171493447345 429
1783152350494 0.3600171493447345 430
