1783152188949 0.7625369792399199 401
1783152194613 0.7625369792399199 402
1783152200147 0.7625369792399199 403
1783152205632 0.7625369792399199 404
1783152211032 0.7625369792399199 405
1783152216465 0.7625369792399199 406
1783152221936 0.7625369792399199 407
1783152227455 0.7625369792399199 408
1783152233109 0.7625369792399199 409
1783152238605 0.7625369792399199 410
1783152244056 0.7625369792399199 411
1783152249437 0.7625369792399199 412
1783152254837 0.7625369792399199 413
1783152260267 0.7625369792399199 414
1783152265769 0.7625369792399199 415
1783152271262 0.7625369792399199 416
1783152276731 0.7625369792399199 417
1783152282742 0.7625369792399199 418
1783152288918 0.7625369792399199 419
1783152295030 0.7625369792399199 420
1783152300751 0.7625369792399199 421
1783152306666 0.7625369792399199 422
1783152312153 0.7625369792399199 423
1783152317546 0.7625369792399199 424
1783152322914 0.7625369792399199 425
1783152328249 0.7625369792399199 426
1783152333796 0.7625369792399199 427
1783152339220 0.7625369792399199 428
1783152344740 0.7625369792399199 429
1783152350494 0.7625369792399199 430
