1783152188949 0.2694470934245897 401
1783152194613 0.2694470934245897 402
1783152200147 0.2694470934245897 403
1783152205632 0.2694470934245897 404
1783152211032 0.2694470934245897 405
1783152216465 0.2694470934245897 406
1783152221936 0.2694470934245897 407
1783152227455 0.2694470934245897 408
1783152233109 0.2694470934245897 409
1783152238605 0.2694470934245897 410
1783152244056 0.2694470934245897 411
1783152249437 0.2694470934245897 412
1783152254837 0.2694470934245897 413
1783152260267 0.2694470934245897 414
1783152265769 0.2694470934245897 415
1783152271262 0.2694470934245897 416
1783152276731 0.2694470934245897 417
1783152282742 0.2694470934245897 418
1783152288918 0.2694470934245897 419
1783152295030 0.2694470934245897 420
1783152300751 0.2694470934245897 421
1783152306666 0.2694470934245897 422
1783152312153 0.2694470934245897 423
1783152317546 0.2694470934245897 424
1783152322914 0.2694470934245897 425
1783152328249 0.2694470934245897 426
1783152333796 0.2694470934245897 427
1783152339220 0.2694470934245897 428
1783152344740 0.2694470934245897 429
1783152350494 0.2694470934245897 430
