1783152188949 0.06298924399458844 401
1783152194613 0.06300932541489601 402
1783152200147 0.06293174430080083 403
1783152205632 0.06289036053678264 404
1783152211032 0.06293573473458705 405
1783152216465 0.0660208888027979 406
1783152221936 0.06767822688688403 407
1783152227455 0.06448815163710843 408
1783152233109 0.06914867136789404 409
1783152238605 0.06597224752540173 410
1783152244056 0.06909823498648146 411
1783152249437 0.06446158562017523 412
1783152254837 0.06595274611659672 413
1783152260267 0.06439789659951044 414
1783152265769 0.06438012275358905 415
1783152271262 0.0675196267016556 416
1783152276731 0.0660687523043674 417
1783152282742 0.06593490068031393 418
1783152288918 0.06747995511345241 419
1783152295030 0.0643391670740169 420
1783152300751 0.07055828072454619 421
1783152306666 0.07066239805325218 422
1783152312153 0.0705583983141443 423
1783152317546 0.06904687197959941 424
1783152322914 0.06581160895850348 425
1783152328249 0.06431232813907706 426
1783152333796 0.06583767465275267 427
1783152339220 0.06742542026483495 428
1783152344740 0.06737774157005808 429
1783152350494 0.06891630298417548 430
