1783152188949 3.054176296779795 401
1783152194613 3.0018847896899303 402
1783152200147 3.0625728711085363 403
1783152205632 3.0344380979165946 404
1783152211032 2.9909180434461144 405
1783152216465 2.9219628861253915 406
1783152221936 2.8448498914251923 407
1783152227455 2.940015665172214 408
1783152233109 2.7846987070415357 409
1783152238605 2.883235340713553 410
1783152244056 2.82370836411842 411
1783152249437 2.855452808484355 412
1783152254837 2.890580714127735 413
1783152260267 2.8580312427194787 414
1783152265769 2.859865688533648 415
1783152271262 2.8202817397709086 416
1783152276731 2.7544603199771602 417
1783152282742 2.8317533137148696 418
1783152288918 2.7412271029909765 419
1783152295030 2.7587700444178975 420
1783152300751 2.7087768896873117 421
1783152306666 2.6834680345131323 422
1783152312153 2.6378251032871938 423
1783152317546 2.6452502260649084 424
1783152322914 2.7546759252834883 425
1783152328249 2.7575505476439837 426
1783152333796 2.772283012377882 427
1783152339220 2.7121591339478086 428
1783152344740 2.760116140041474 429
1783152350494 2.679568222144765 430
