1782942817348 0.9724934895833334 101
1782942823233 0.9718424479166666 102
1782942826605 0.9713541666666666 103
1782942827275 0.9710286458333334 104
1782942828277 0.9708658854166666 105
1782942828936 0.9708658854166666 106
1782942829922 0.9705403645833334 107
1782942830563 0.9705403645833334 108
1782942831535 0.9703776041666666 109
1782942832188 0.9703776041666666 110
1782942833163 0.9703776041666666 111
1782942833808 0.9703776041666666 112
1782942834791 0.9703776041666666 113
1782942835452 0.9703776041666666 114
1782942836426 0.9703776041666666 115
1782942837075 0.9703776041666666 116
1782942838208 0.9703776041666666 117
1782942838855 0.9703776041666666 118
1782942839884 0.9703776041666666 119
1782942840532 0.9703776041666666 120
