1782942817348 0.016030677470872032 101
1782942823233 0.01603067584351746 102
1782942826605 0.01603067737931185 103
1782942827275 0.016030676774987308 104
1782942828277 0.01603067792554639 105
1782942828936 0.016030677455765942 106
1782942829922 0.016030676147036207 107
1782942830563 0.016030676100841308 108
1782942831535 0.01603067633566323 109
1782942832188 0.016030676420021237 110
1782942833163 0.016030676077363082 111
1782942833808 0.01603067652753534 112
1782942834791 0.016030678021636473 113
1782942835452 0.016030677757586476 114
1782942836426 0.0160306766254642 115
1782942837075 0.016030677416557722 116
1782942838208 0.01603067681226239 117
1782942838855 0.016030676883875355 118
1782942839884 0.016030677015624092 119
1782942840532 0.016030676320679085 120
