1782942817348 0.04059508070349693 101
1782942823233 0.04059508442878723 102
1782942826605 0.04059508442878723 103
1782942827275 0.04059508442878723 104
1782942828277 0.04059508442878723 105
1782942828936 0.04059508442878723 106
1782942829922 0.04059508442878723 107
1782942830563 0.04059508442878723 108
1782942831535 0.04059508442878723 109
1782942832188 0.04059508442878723 110
1782942833163 0.04059508442878723 111
1782942833808 0.04059508442878723 112
1782942834791 0.04059508442878723 113
1782942835452 0.04059508442878723 114
1782942836426 0.04059508442878723 115
1782942837075 0.04059508442878723 116
1782942838208 0.04059508442878723 117
1782942838855 0.04059508442878723 118
1782942839884 0.04059508442878723 119
1782942840532 0.04059508442878723 120
