1782942817348 1.4244451876039859 101
1782942823233 1.4321749210357666 102
1782942826605 1.4267828568168308 103
1782942827275 1.4208419539711692 104
1782942828277 1.4208419539711692 105
1782942828936 1.4171129862467449 106
1782942829922 1.4216341018676757 107
1782942830563 1.4232289163689864 108
1782942831535 1.4232289163689864 109
1782942832188 1.4232288159822162 110
1782942833163 1.4232289163689864 111
1782942833808 1.4232287657888312 112
1782942834791 1.4232288159822162 113
1782942835452 1.4232287657888312 114
1782942836426 1.4232288159822162 115
1782942837075 1.4232289163689864 116
1782942838208 1.4232288159822162 117
1782942838855 1.4232289163689864 118
1782942839884 1.4232288159822162 119
1782942840532 1.4232288159822162 120
