1782942817348 -0.4632797180719543 101
1782942823233 -0.3719745432255599 102
1782942826605 -0.3333367672289745 103
1782942827275 -0.29370572151038726 104
1782942828277 -0.29370644800766377 105
1782942828936 -0.3336385216463596 106
1782942829922 -0.3297291318995605 107
1782942830563 -0.32689281680479265 108
1782942831535 -0.32689303609168285 109
1782942832188 -0.3268927072286893 110
1782942833163 -0.3268928360710411 111
1782942833808 -0.3268930262856403 112
1782942834791 -0.32689269619719846 113
1782942835452 -0.3268925127080623 114
1782942836426 -0.3268924444421633 115
1782942837075 -0.32689237931728216 116
1782942838208 -0.32689266666540756 117
1782942838855 -0.3268933306658498 118
1782942839884 -0.3268923499044127 119
1782942840532 -0.3268929478124119 120
