1782942817348 0.2723378837108612 101
1782942823233 0.27103832364082336 102
1782942826605 0.27003908157348633 103
1782942827275 0.26928892731666565 104
1782942828277 0.268731027841568 105
1782942828936 0.2683180272579193 106
1782942829922 0.268015593290329 107
1782942830563 0.2677927315235138 108
1782942831535 0.2676295340061188 109
1782942832188 0.2675110101699829 110
1782942833163 0.26742199063301086 111
1782942833808 0.26735958456993103 112
1782942834791 0.26731136441230774 113
1782942835452 0.26727980375289917 114
1782942836426 0.26725518703460693 115
1782942837075 0.2672363817691803 116
1782942838208 0.267223984003067 117
1782942838855 0.26721295714378357 118
1782942839884 0.26720619201660156 119
1782942840532 0.2672007381916046 120
