1782942817348 0.2548215091228485 101
1782942823233 0.25406405329704285 102
1782942826605 0.25349703431129456 103
1782942827275 0.2530769407749176 104
1782942828277 0.2527671754360199 105
1782942828936 0.2525395452976227 106
1782942829922 0.25237321853637695 107
1782942830563 0.2522510290145874 108
1782942831535 0.2521618902683258 109
1782942832188 0.25209715962409973 110
1782942833163 0.25204846262931824 111
1782942833808 0.2520143389701843 112
1782942834791 0.25198814272880554 113
1782942835452 0.25197067856788635 114
1782942836426 0.25195756554603577 115
1782942837075 0.25194719433784485 116
1782942838208 0.2519404888153076 117
1782942838855 0.2519342601299286 118
1782942839884 0.2519308030605316 119
1782942840532 0.2519279420375824 120
