1782942817348 1.2193306389204952 101
1782942823233 1.216416223878001 102
1782942826605 1.2181788272544987 103
1782942827275 1.2183754988542692 104
1782942828277 1.2183622419834137 105
1782942828936 1.217647181410734 106
1782942829922 1.2177283600086475 107
1782942830563 1.2187667270876326 108
1782942831535 1.2178651049621123 109
1782942832188 1.2182128792801754 110
1782942833163 1.218212850918114 111
1782942833808 1.218212850918114 112
1782942834791 1.218212850918114 113
1782942835452 1.2185147320782697 114
1782942836426 1.2185145907931858 115
1782942837075 1.2185148964068986 116
1782942838208 1.2185148964068986 117
1782942838855 1.2185148682541513 118
1782942839884 1.218514924559646 119
1782942840532 1.2185148401014039 120
