1782942817348 -0.0434090115308866 101
1782942823233 -0.04340899312250276 102
1782942826605 -0.04340900542237539 103
1782942827275 -0.043409001395827075 104
1782942828277 -0.043409035130550146 105
1782942828936 -0.04340900735876283 106
1782942829922 -0.043408995484845704 107
1782942830563 -0.043408997178843826 108
1782942831535 -0.04340904681439118 109
1782942832188 -0.04340901805281128 110
1782942833163 -0.04340896644757406 111
1782942833808 -0.043409006316799975 112
1782942834791 -0.04340900858845159 113
1782942835452 -0.04340902941849129 114
1782942836426 -0.04340895157206301 115
1782942837075 -0.043409015525387375 116
1782942838208 -0.04340895791635315 117
1782942838855 -0.04340896722425455 118
1782942839884 -0.043409058494771 119
1782942840532 -0.043409037704495314 120
