1782942817348 0.3487422258683348 101
1782942823233 0.35075833108596993 102
1782942826605 0.35219245335900856 103
1782942827275 0.3532147767903815 104
1782942828277 0.35394644225916466 105
1782942828936 0.35446997122515017 106
1782942829922 0.35484870749997777 107
1782942830563 0.35512059590721456 108
1782942831535 0.35531869515269493 109
1782942832188 0.3554625036596788 110
1782942833163 0.35556582086541005 111
1782942833808 0.35564249417860294 112
1782942834791 0.35569699292415535 113
1782942835452 0.3557369248154283 114
1782942836426 0.3557662248498599 115
1782942837075 0.35578726577712083 116
1782942838208 0.3558032357455348 117
1782942838855 0.3558145434724422 118
1782942839884 0.3558228240794425 119
1782942840532 0.3558284628463066 120
