1782942817348 0.16714274883270264 101
1782942823233 0.1671427438656489 102
1782942826605 0.16714274883270264 103
1782942827275 0.1671427587668101 104
1782942828277 0.1671427438656489 105
1782942828936 0.16714274883270264 106
1782942829922 0.16714275379975638 107
1782942830563 0.16714275379975638 108
1782942831535 0.1671427438656489 109
1782942832188 0.16714274883270264 110
1782942833163 0.16714275379975638 111
1782942833808 0.16714275379975638 112
1782942834791 0.16714274883270264 113
1782942835452 0.16714274883270264 114
1782942836426 0.16714275379975638 115
1782942837075 0.16714275379975638 116
1782942838208 0.16714274883270264 117
1782942838855 0.16714274883270264 118
1782942839884 0.1671427438656489 119
1782942840532 0.16714274883270264 120
