1782942817348 2.0643308140147223 101
1782942823233 2.0642868092852025 102
1782942826605 2.0642660970929585 103
1782942827275 2.0642597306597947 104
1782942828277 2.0642599845487313 105
1782942828936 2.064262031425681 106
1782942829922 2.0642663373896113 107
1782942830563 2.064268888021025 108
1782942831535 2.0642721900875056 109
1782942832188 2.0642748213493682 110
1782942833163 2.0642759347158406 111
1782942833808 2.064277697588043 112
1782942834791 2.0642780930351243 113
1782942835452 2.0642796219214556 114
1782942836426 2.0642804447775998 115
1782942837075 2.064280518436292 116
1782942838208 2.064281375520261 117
1782942838855 2.064280992877497 118
1782942839884 2.0642812518195255 119
1782942840532 2.064281373860606 120
