1782942817348 0.8421892325083414 101
1782942823233 0.8421892325083414 102
1782942826605 0.8421892325083414 103
1782942827275 0.8421892325083414 104
1782942828277 0.8421892325083414 105
1782942828936 0.8421892325083414 106
1782942829922 0.8421892325083414 107
1782942830563 0.8421892325083414 108
1782942831535 0.8421892325083414 109
1782942832188 0.8421892325083414 110
1782942833163 0.8421892325083414 111
1782942833808 0.8421892325083414 112
1782942834791 0.8421892325083414 113
1782942835452 0.8421892325083414 114
1782942836426 0.8421892325083414 115
1782942837075 0.8421892325083414 116
1782942838208 0.8421892325083414 117
1782942838855 0.8421892325083414 118
1782942839884 0.8421892325083414 119
1782942840532 0.8421892325083414 120
