1783133634376 4.90415447522099 189
1783133635793 5.4104114662468294 190
1783133637152 5.961905854978541 191
1783133638550 6.559045342267975 192
1783133639983 7.202584393376731 193
1783133641560 7.893532786102355 194
1783133642996 8.633456918358783 195
1783133644477 9.424262920168038 196
1783133645904 10.267067660100377 197
1783133647344 11.160712910100159 198
1783133649001 12.100848611221084 199
1783133650480 13.079654024750779 200
1783133651896 14.08666934829471 201
1783133653305 15.10958492081584 202
1783133654749 16.13536614154722 203
1783133656169 17.1512905885509 204
1783133657573 18.145828369748553 205
1783133659297 19.109454294435572 206
1783133660844 20.035095454027537 207
1783133662356 20.881321711867805 208
