1783133634376 0.9952946801980337 189
1783133635793 0.9952946801980337 190
1783133637152 0.9952946801980337 191
1783133638550 0.9952947100003561 192
1783133639983 0.9952946950991949 193
1783133641560 0.9952946603298187 194
1783133642996 0.9952946851650873 195
1783133644477 0.9952946801980337 196
1783133645904 0.9952946901321411 197
1783133647344 0.9952947199344635 198
1783133649001 0.9952947100003561 199
1783133650480 0.9952947149674097 200
1783133651896 0.9952947050333023 201
1783133653305 0.9952946752309799 202
1783133654749 0.9952947199344635 203
1783133656169 0.9952946901321411 204
1783133657573 0.9952946950991949 205
1783133659297 0.9952947149674097 206
1783133660844 0.9952947000662485 207
1783133662356 0.9952946901321411 208
