1783133634376 0.3139297564824422 189
1783133635793 0.3139297589659691 190
1783133637152 0.3139297564824422 191
1783133638550 0.3139297539989154 192
1783133639983 0.31392976144949597 193
1783133641560 0.3139297564824422 194
1783133642996 0.31392976144949597 195
1783133644477 0.3139297589659691 196
1783133645904 0.3139297589659691 197
1783133647344 0.31392976144949597 198
1783133649001 0.31392976144949597 199
1783133650480 0.31392976144949597 200
1783133651896 0.31392976144949597 201
1783133653305 0.31392976144949597 202
1783133654749 0.3139297713836034 203
1783133656169 0.3139297639330228 204
1783133657573 0.31392976144949597 205
1783133659297 0.3139297639330228 206
1783133660844 0.3139297589659691 207
1783133662356 0.3139297589659691 208
