1783133634376 0.08615831844508648 189
1783133635793 0.08615831596155961 190
1783133637152 0.08615831720332305 191
1783133638550 0.08615831782420476 192
1783133639983 0.0861583153406779 193
1783133641560 0.0861583153406779 194
1783133642996 0.08615831720332305 195
1783133644477 0.08615831409891446 196
1783133645904 0.0861583153406779 197
1783133647344 0.0861583153406779 198
1783133649001 0.08615831658244133 199
1783133650480 0.08615831471979618 200
1783133651896 0.08615831471979618 201
1783133653305 0.08615831596155961 202
1783133654749 0.08615831471979618 203
1783133656169 0.08615831782420476 204
1783133657573 0.08615831720332305 205
1783133659297 0.08615831596155961 206
1783133660844 0.0861583153406779 207
1783133662356 0.08615831596155961 208
