1783133634376 0.05694855328388396 189
1783133635793 0.056948552610408265 190
1783133637152 0.05694855313210706 191
1783133638550 0.05694855329251238 192
1783133639983 0.056948553590226915 193
1783133641560 0.05694855319795312 194
1783133642996 0.05694855300482454 195
1783133644477 0.05694855325047749 196
1783133645904 0.05694855334022189 197
1783133647344 0.056948553997822594 198
1783133649001 0.056948553124156275 199
1783133650480 0.05694855359402299 200
1783133651896 0.0569485536004905 201
1783133653305 0.056948554117659485 202
1783133654749 0.056948553544879855 203
1783133656169 0.056948553961416966 204
1783133657573 0.05694855362447451 205
1783133659297 0.056948554460277356 206
1783133660844 0.056948553381563155 207
1783133662356 0.05694855317131111 208
