1783133634376 1.4207064865895518 189
1783133635793 1.4207065007959743 190
1783133637152 1.4207064887826881 191
1783133638550 1.4207064949963117 192
1783133639983 1.4207065244740955 193
1783133641560 1.4207065054753911 194
1783133642996 1.4207064931233424 195
1783133644477 1.4207065101281575 196
1783133645904 1.4207065117540452 197
1783133647344 1.4207065084329071 198
1783133649001 1.4207064990625813 199
1783133650480 1.4207065012242337 200
1783133651896 1.4207065136290538 201
1783133653305 1.4207065156861176 202
1783133654749 1.4207065223131379 203
1783133656169 1.4207065075773146 204
1783133657573 1.4207065065263447 205
1783133659297 1.420706519850105 206
1783133660844 1.4207065100906948 207
1783133662356 1.4207065083119963 208
