1783133634376 0.08641066278020541 189
1783133635793 0.08641066153844197 190
1783133637152 0.08641066588461399 191
1783133638550 0.08641066091756026 192
1783133639983 0.08641066340108712 193
1783133641560 0.08641066153844197 194
1783133642996 0.08641066340108712 195
1783133644477 0.08641066215932369 196
1783133645904 0.08641066402196884 197
1783133647344 0.08641066278020541 198
1783133649001 0.08641066340108712 199
1783133650480 0.08641066402196884 200
1783133651896 0.08641066588461399 201
1783133653305 0.08641066340108712 202
1783133654749 0.08641066464285056 203
1783133656169 0.08641066029667854 204
1783133657573 0.08641066464285056 205
1783133659297 0.08641066650549571 206
1783133660844 0.08641066464285056 207
1783133662356 0.08641066402196884 208
