1783133634376 0.005411872541271686 189
1783133635793 0.005411866093121737 190
1783133637152 0.0054118722170413075 191
1783133638550 0.0054118706076577905 192
1783133639983 0.005411872256670593 193
1783133641560 0.005411873017904589 194
1783133642996 0.005411873299101823 195
1783133644477 0.00541187196476399 196
1783133645904 0.005411873554393866 197
1783133647344 0.005411870296510586 198
1783133649001 0.005411872128393575 199
1783133650480 0.005411869620310407 200
1783133651896 0.005411873955322139 201
1783133653305 0.005411874358673788 202
1783133654749 0.005411869544223894 203
1783133656169 0.005411872017687621 204
1783133657573 0.005411874586410088 205
1783133659297 0.0054118707066731706 206
1783133660844 0.005411873466198945 207
1783133662356 0.005411871861408227 208
