1783133634376 0.10110183556874593 189
1783133635793 0.10110188523928325 190
1783133637152 0.10110188523928325 191
1783133638550 0.10110188523928325 192
1783133639983 0.10110185543696086 193
1783133641560 0.10110183556874593 194
1783133642996 0.10110183556874593 195
1783133644477 0.10110183556874593 196
1783133645904 0.10110183556874593 197
1783133647344 0.10110185543696086 198
1783133649001 0.10110188523928325 199
1783133650480 0.10110186537106831 200
1783133651896 0.10110183556874593 201
1783133653305 0.10110188523928325 202
1783133654749 0.101101815700531 203
1783133656169 0.10110185543696086 204
1783133657573 0.10110185543696086 205
1783133659297 0.10110188523928325 206
1783133660844 0.10110185543696086 207
1783133662356 0.10110183556874593 208
