1783133634376 3.9397070884553766 189
1783133635793 3.9397071275867215 190
1783133637152 3.939707167305643 191
1783133638550 3.9397070495103566 192
1783133639983 3.9397071675009396 193
1783133641560 3.939707167051388 194
1783133642996 3.9397069707442687 195
1783133644477 3.9397070885477206 196
1783133645904 3.9397069327830576 197
1783133647344 3.9397070498059565 198
1783133649001 3.9397070496106643 199
1783133650480 3.939707089138809 200
1783133651896 3.9397072061091727 201
1783133653305 3.9397070495506052 202
1783133654749 3.939707049451419 203
1783133656169 3.9397070495471787 204
1783133657573 3.9397070498953948 205
1783133659297 3.939707049602474 206
1783133660844 3.9397069708595844 207
1783133662356 3.9397070107476857 208
