1783133634376 8.026848316192627 189
1783133635793 1.0236027240753174 190
1783133637152 0.9960167407989502 191
1783133638550 1.0251622200012207 192
1783133639983 1.0247907638549805 193
1783133641560 1.1756775379180908 194
1783133642996 1.0284488201141357 195
1783133644477 1.0626130104064941 196
1783133645904 1.0517253875732422 197
1783133647344 1.0322446823120117 198
1783133649001 1.207231044769287 199
1783133650480 1.0656750202178955 200
1783133651896 1.0194206237792969 201
1783133653305 1.0274364948272705 202
1783133654749 1.0525298118591309 203
1783133656169 1.0339057445526123 204
1783133657573 1.0165770053863525 205
1783133659297 1.265580177307129 206
1783133660844 1.1180071830749512 207
1783133662356 1.0868992805480957 208
