1783133634376 0.40150745483961975 189
1783133635793 0.4021846204996109 190
1783133637152 0.4034038551829078 191
1783133638550 0.40529511868953705 192
1783133639983 0.40791093761270697 193
1783133641560 0.4112007739869031 194
1783133642996 0.4149666848507794 195
1783133644477 0.41906132345849817 196
1783133645904 0.423373281955719 197
1783133647344 0.42778473415158014 198
1783133649001 0.4321789917620746 199
1783133650480 0.43645120886239136 200
1783133651896 0.44051636078140954 201
1783133653305 0.4443304728377949 202
1783133654749 0.4478661905635487 203
1783133656169 0.4511125006458976 204
1783133657573 0.4540685632012107 205
1783133659297 0.4567445326935161 206
1783133660844 0.45915476842360065 207
1783133662356 0.46131833574988623 208
