1783133634376 4.483090082804362 189
1783133635793 4.438340862592061 190
1783133637152 4.395159045855205 191
1783133638550 4.353717426458995 192
1783133639983 4.31413072347641 193
1783133641560 4.2764851450920105 194
1783133642996 4.240786651770274 195
1783133644477 4.207015335559845 196
1783133645904 4.175137579441071 197
1783133647344 4.145125548044841 198
1783133649001 4.116970241069794 199
1783133650480 4.090672016143799 200
1783133651896 4.066223402818044 201
1783133653305 4.043602466583252 202
1783133654749 4.022757013638814 203
1783133656169 4.003602345784505 204
1783133657573 3.9860246578852334 205
1783133659297 3.9698810974756875 206
1783133660844 3.9549960096677146 207
1783133662356 3.9411945939064026 208
