1783133634376 0.5033004997558254 189
1783133635793 0.5033005026489005 190
1783133637152 0.5033004910939924 191
1783133638550 0.5033004843547446 192
1783133639983 0.5033005084397453 193
1783133641560 0.5033004874636895 194
1783133642996 0.5033005195278455 195
1783133644477 0.5033005211690026 196
1783133645904 0.5033004985957925 197
1783133647344 0.5033005131510612 198
1783133649001 0.5033004999914557 199
1783133650480 0.5033005084334938 200
1783133651896 0.503300504048971 201
1783133653305 0.5033005016414167 202
1783133654749 0.5033005103343099 203
1783133656169 0.5033004837516537 204
1783133657573 0.5033004874768592 205
1783133659297 0.5033004987980709 206
1783133660844 0.503300513909001 207
1783133662356 0.5033005003057202 208
