1783133634376 0.2908743825452081 189
1783133635793 0.29087438012207917 190
1783133637152 0.29087437942975664 191
1783133638550 0.2908743780451115 192
1783133639983 0.2908743780451115 193
1783133641560 0.2908743766604664 194
1783133642996 0.2908743828913694 195
1783133644477 0.2908743797759179 196
1783133645904 0.2908743815067243 197
1783133647344 0.29087437527582133 198
1783133649001 0.29087437285269235 199
1783133650480 0.2908743780451115 200
1783133651896 0.2908743825452081 201
1783133653305 0.290874377352789 202
1783133654749 0.29087438185288556 203
1783133656169 0.29087437527582133 204
1783133657573 0.29087437596814386 205
1783133659297 0.29087438462217574 206
1783133660844 0.2908743828913694 207
1783133662356 0.290874381160563 208
