1783133634376 0.3008715808391571 189
1783133635793 0.3008716404438019 190
1783133637152 0.3008716404438019 191
1783133638550 0.3008716106414795 192
1783133639983 0.3008716106414795 193
1783133641560 0.3008716106414795 194
1783133642996 0.3008716106414795 195
1783133644477 0.3008716106414795 196
1783133645904 0.3008716404438019 197
1783133647344 0.3008715808391571 198
1783133649001 0.3008716106414795 199
1783133650480 0.3008715808391571 200
1783133651896 0.3008716106414795 201
1783133653305 0.3008716404438019 202
1783133654749 0.3008716106414795 203
1783133656169 0.3008716106414795 204
1783133657573 0.3008715808391571 205
1783133659297 0.3008716404438019 206
1783133660844 0.3008716404438019 207
1783133662356 0.3008715808391571 208
