1783133634376 0.03606116399168968 189
1783133635793 0.03606116399168968 190
1783133637152 0.03606116399168968 191
1783133638550 0.03606116399168968 192
1783133639983 0.03606116399168968 193
1783133641560 0.03606116399168968 194
1783133642996 0.03606116399168968 195
1783133644477 0.03606116399168968 196
1783133645904 0.03606116399168968 197
1783133647344 0.03606116399168968 198
1783133649001 0.03606116399168968 199
1783133650480 0.03606116399168968 200
1783133651896 0.03606116399168968 201
1783133653305 0.03606116399168968 202
1783133654749 0.03606116399168968 203
1783133656169 0.03606116399168968 204
1783133657573 0.03606116399168968 205
1783133659297 0.03606116399168968 206
1783133660844 0.03606116399168968 207
1783133662356 0.03606116399168968 208
