1783133634376 0.6294722638346932 189
1783133635793 0.6300271072170951 190
1783133637152 0.6310208277268843 191
1783133638550 0.6325604725967754 192
1783133639983 0.6346860907294534 193
1783133641560 0.6373536071994088 194
1783133642996 0.6403970284895464 195
1783133644477 0.6436924690550024 196
1783133645904 0.6471473818475549 197
1783133647344 0.6506661474704742 198
1783133649001 0.6541554006663236 199
1783133650480 0.657532889734615 200
1783133651896 0.6607328274033286 201
1783133653305 0.6637227264317599 202
1783133654749 0.6664835864847357 203
1783133656169 0.6690091815861788 204
1783133657573 0.6713011589917269 205
1783133659297 0.6733693372119557 206
1783133660844 0.6752266883850098 207
1783133662356 0.6768893924626437 208
