1783133634376 0.9869459729422659 189
1783133635793 0.9869459729066951 190
1783133637152 0.9869459726751075 191
1783133638550 0.9869459728173481 192
1783133639983 0.9869459746135538 193
1783133641560 0.986945971317781 194
1783133642996 0.9869459737656902 195
1783133644477 0.9869459736605921 196
1783133645904 0.9869459743440361 197
1783133647344 0.9869459723729367 198
1783133649001 0.9869459738151548 199
1783133650480 0.9869459723146027 200
1783133651896 0.9869459747317789 201
1783133653305 0.9869459732756164 202
1783133654749 0.9869459737316486 203
1783133656169 0.9869459739071544 204
1783133657573 0.986945973143285 205
1783133659297 0.9869459733581492 206
1783133660844 0.9869459717697232 207
1783133662356 0.98694597310655 208
