1783133634376 0.7203012529279694 189
1783133635793 0.7203012518398131 190
1783133637152 0.7203012499449845 191
1783133638550 0.7203012473426297 192
1783133639983 0.7203012674641535 193
1783133641560 0.7203012460535471 194
1783133642996 0.7203012680989728 195
1783133644477 0.720301254544665 196
1783133645904 0.7203012528816922 197
1783133647344 0.7203012664668016 198
1783133649001 0.7203012414314635 199
1783133650480 0.7203012699802899 200
1783133651896 0.7203012498389746 201
1783133653305 0.7203012542589282 202
1783133654749 0.7203012736002482 203
1783133656169 0.7203012438931413 204
1783133657573 0.7203012554351331 205
1783133659297 0.7203012526686811 206
1783133660844 0.7203012634174799 207
1783133662356 0.7203012563956189 208
