1783133634376 0.9940929264592536 189
1783133635793 0.9931401141447616 190
1783133637152 0.9918350622080646 191
1783133638550 0.9899979063261758 192
1783133639983 0.9873737144581071 193
1783133641560 0.9836697910656761 194
1783133642996 0.9785465938030887 195
1783133644477 0.9716293787822283 196
1783133645904 0.9625733676770544 197
1783133647344 0.9510919335056776 198
1783133649001 0.9369652373672142 199
1783133650480 0.9200619127877507 200
1783133651896 0.9003204192254585 201
1783133653305 0.8777628965134384 202
1783133654749 0.8525015080106519 203
1783133656169 0.8247178303540269 204
1783133657573 0.7946517753315036 205
1783133659297 0.7625791153001006 206
1783133660844 0.7288138964187985 207
1783133662356 0.6936040473411689 208
