1783133634376 3.0797163089116415 189
1783133635793 3.079716259241104 190
1783133637152 3.079716328779856 191
1783133638550 3.079716408252716 192
1783133639983 3.079716239372889 193
1783133641560 3.0797162294387816 194
1783133642996 3.079716239372889 195
1783133644477 3.0797162890434264 196
1783133645904 3.0797162294387816 197
1783133647344 3.0797162493069967 198
1783133649001 3.0797162493069967 199
1783133650480 3.079716259241104 200
1783133651896 3.0797163387139643 201
1783133653305 3.0797163585821785 202
1783133654749 3.079716239372889 203
1783133656169 3.079716298977534 204
1783133657573 3.0797162493069963 205
1783133659297 3.079716269175212 206
1783133660844 3.0797162294387816 207
1783133662356 3.0797162691752114 208
