1783133634376 0.6583898191650709 189
1783133635793 0.6583897918462753 190
1783133637152 0.6583898017803828 191
1783133638550 0.6583897843956947 192
1783133639983 0.658389816681544 193
1783133641560 0.6583897868792216 194
1783133642996 0.6583897868792216 195
1783133644477 0.6583898290991783 196
1783133645904 0.6583897968133291 197
1783133647344 0.6583898266156515 198
1783133649001 0.6583898241321245 199
1783133650480 0.6583898390332857 200
1783133651896 0.6583898365497589 201
1783133653305 0.6583898216485977 202
1783133654749 0.6583898266156515 203
1783133656169 0.6583898092309634 204
1783133657573 0.6583898067474365 205
1783133659297 0.6583898315827051 206
1783133660844 0.6583898315827051 207
1783133662356 0.6583898017803828 208
