1783133634376 0.3416101783514023 189
1783133635793 0.34161020815372467 190
1783133637152 0.3416101982196172 191
1783133638550 0.3416102131207784 192
1783133639983 0.341610183318456 193
1783133641560 0.3416102131207784 194
1783133642996 0.3416102131207784 195
1783133644477 0.3416101684172948 196
1783133645904 0.34161020318667096 197
1783133647344 0.34161017338434857 198
1783133649001 0.34161017338434857 199
1783133650480 0.3416101634502411 200
1783133651896 0.3416101634502411 201
1783133653305 0.3416101783514023 202
1783133654749 0.34161017338434857 203
1783133656169 0.34161018828550976 204
1783133657573 0.3416101932525635 205
1783133659297 0.3416101684172948 206
1783133660844 0.3416101684172948 207
1783133662356 0.3416101982196172 208
