1783133634376 0.0978687262783448 189
1783133635793 0.09786872441569965 190
1783133637152 0.09786872565746307 191
1783133638550 0.09786872503658135 192
1783133639983 0.09786872565746307 193
1783133641560 0.09786872503658135 194
1783133642996 0.09786872441569965 195
1783133644477 0.09786872441569965 196
1783133645904 0.09786872503658135 197
1783133647344 0.09786872503658135 198
1783133649001 0.09786872379481792 199
1783133650480 0.09786872503658135 200
1783133651896 0.0978687262783448 201
1783133653305 0.0978687268992265 202
1783133654749 0.09786872441569965 203
1783133656169 0.09786872503658135 204
1783133657573 0.09786872441569965 205
1783133659297 0.0978687262783448 206
1783133660844 0.09786872503658135 207
1783133662356 0.09786872441569965 208
