1783080366091 0.95787109375 87
1783080374741 0.96544921875 88
1783080382923 0.97181640625 89
1783080391058 0.95603515625 90
1783080399176 0.95013671875 91
1783080407409 0.949375 92
1783080415568 0.94794921875 93
1783080423782 0.9420703125 94
1783080431954 0.89251953125 95
1783080440142 0.76138671875 96
1783080448330 0.68986328125 97
1783080456956 0.607578125 98
1783080465334 0.565400390625 99
1783080473846 0.52408203125 100
1783080482173 0.494736328125 101
1783080490481 0.457021484375 102
1783080498762 0.435263671875 103
1783080506907 0.424580078125 104
1783080515075 0.4321875 105
1783080523275 0.400263671875 106
1783080531527 0.38005859375 107
1783080540004 0.3656640625 108
1783080548393 0.371455078125 109
1783080556560 0.322802734375 110
1783080564758 0.34462890625 111
1783080573049 0.306142578125 112
1783080581534 0.32494140625 113
1783080589938 0.3132421875 114
1783080598301 0.312392578125 115
1783080606508 0.29787109375 116
