1783080366091 0.6931184959411621 87
1783080374741 0.43521528244018554 88
1783080382923 0.4045397138595581 89
1783080391058 0.27165220737457274 90
1783080399176 0.22291906356811522 91
1783080407409 0.18753634452819823 92
1783080415568 0.15707663536071778 93
1783080423782 0.18702675342559816 94
1783080431954 0.18498621940612792 95
1783080440142 0.2154178476333618 96
1783080448330 0.31020283222198486 97
1783080456956 0.30545021057128907 98
1783080465334 0.24667660713195802 99
1783080473846 0.2651429843902588 100
1783080482173 0.26695339679718016 101
1783080490481 0.24688461780548096 102
1783080498762 0.21818172931671143 103
1783080506907 0.2016623115539551 104
1783080515075 0.15994833946228026 105
1783080523275 0.1660472583770752 106
1783080531527 0.1394413948059082 107
1783080540004 0.21786514282226563 108
1783080548393 0.23064860820770264 109
1783080556560 0.16157982349395753 110
1783080564758 0.15856714248657228 111
1783080573049 0.17404882431030275 112
1783080581534 0.17057945728302001 113
1783080589938 0.14514245510101317 114
1783080598301 0.12438231468200683 115
1783080606508 0.14533401012420655 116
