1783080366091 1.5633480695797073 87
1783080374741 1.6907003828300773 88
1783080382923 1.5415153132290027 89
1783080391058 1.625591745986564 90
1783080399176 1.4922170299262671 91
1783080407409 1.5549053007326987 92
1783080415568 1.5916068320882837 93
1783080423782 1.684376824043332 94
1783080431954 1.6925487573613898 95
1783080440142 1.6709786064231738 96
1783080448330 1.2869209342300798 97
1783080456956 1.74632329434557 98
1783080465334 1.649214853461641 99
1783080473846 1.6448613860581067 100
1783080482173 1.6197832538165522 101
1783080490481 1.5675510529779175 102
1783080498762 1.5211727032530953 103
1783080506907 1.5630026093479794 104
1783080515075 1.3250631622204943 105
1783080523275 1.4011996957649968 106
1783080531527 1.3452806448528076 107
1783080540004 1.3922474485882526 108
1783080548393 1.3888197114714802 109
1783080556560 1.3377302310124566 110
1783080564758 1.4101826571310716 111
1783080573049 1.4302283374070708 112
1783080581534 1.4954256907840167 113
1783080589938 1.4794960335082388 114
1783080598301 1.4327652296144748 115
1783080606508 1.3744628765513056 116
