1783080366091 0.0058088662262086675 87
1783080374741 0.0026523750318189453 88
1783080382923 0.0023591879800303746 89
1783080391058 0.0025671918765437247 90
1783080399176 0.0028297365226931533 91
1783080407409 0.0037253884867133346 92
1783080415568 0.0056229514706140175 93
1783080423782 0.007483763302396734 94
1783080431954 0.009929942501131835 95
1783080440142 0.011841534882197451 96
1783080448330 0.011257585853319626 97
1783080456956 0.014322481037101684 98
1783080465334 0.015330767354003636 99
1783080473846 0.019377003071322306 100
1783080482173 0.02176556712587908 101
1783080490481 0.025756352256904636 102
1783080498762 0.030923688760686133 103
1783080506907 0.03656316242602787 104
1783080515075 0.043683874139033296 105
1783080523275 0.05003959140335851 106
1783080531527 0.05854760503468391 107
1783080540004 0.05649341349727343 108
1783080548393 0.05085988311045592 109
1783080556560 0.05744204505332004 110
1783080564758 0.06242943054376316 111
1783080573049 0.06075698877229874 112
1783080581534 0.06426280463365426 113
1783080589938 0.06405015663842135 114
1783080598301 0.06707779194462532 115
1783080606508 0.06344095751322845 116
