1783080366091 3.7638650462344088 87
1783080374741 3.7829348581865316 88
1783080382923 3.7513115553353242 89
1783080391058 3.843515741948436 90
1783080399176 3.8578891702109495 91
1783080407409 3.8347725776082537 92
1783080415568 3.859878274105798 93
1783080423782 3.757285414836864 94
1783080431954 3.558936876945038 95
1783080440142 3.764802920311293 96
1783080448330 3.533148038235133 97
1783080456956 3.5670507190877636 98
1783080465334 3.3944629412373493 99
1783080473846 3.305102846530875 100
1783080482173 3.603230869989025 101
1783080490481 3.1659330659300853 102
1783080498762 3.01775677118166 103
1783080506907 3.2891965017148883 104
1783080515075 3.002461906478066 105
1783080523275 3.22316227097695 106
1783080531527 3.0412070738909893 107
1783080540004 3.1922285422525043 108
1783080548393 3.211936196824106 109
1783080556560 3.1224251931687217 110
1783080564758 3.194381240110809 111
1783080573049 3.1975609777591645 112
1783080581534 3.301756338710114 113
1783080589938 3.2540062748392886 114
1783080598301 3.3344771844700145 115
1783080606508 3.1746162926937465 116
