1783080366091 0.19795465910127527 87
1783080374741 0.22364100350948124 88
1783080382923 0.18444727390286308 89
1783080391058 0.1309867033750212 90
1783080399176 0.1460316192964738 91
1783080407409 0.08835761726849824 92
1783080415568 0.11510881529564718 93
1783080423782 0.11557568994960507 94
1783080431954 0.15581984311584235 95
1783080440142 0.19903036768224186 96
1783080448330 0.12575458953419577 97
1783080456956 0.23519302323222105 98
1783080465334 0.22487398294583064 99
1783080473846 0.13836284460771042 100
1783080482173 0.13048766641215775 101
1783080490481 0.22009299633142568 102
1783080498762 0.2899740280929273 103
1783080506907 0.4629310305941487 104
1783080515075 0.45986488711007184 105
1783080523275 0.5060737299049282 106
1783080531527 0.5135517109371881 107
1783080540004 0.528038019991003 108
1783080548393 0.6582262455845357 109
1783080556560 0.6868790510115798 110
1783080564758 0.7248853156517966 111
1783080573049 0.7963608397683533 112
1783080581534 0.7950158402252 113
1783080589938 0.8230121520605334 114
1783080598301 0.8059470603635033 115
1783080606508 0.7998077448045325 116
