1783080374741 1.833773147075548 88
1783080382923 1.8324981360900692 89
1783080391058 1.8804252357358653 90
1783080399176 1.8855182379625688 91
1783080407409 1.9039397476786408 92
1783080415568 1.9111179807044902 93
1783080423782 1.8992631870728116 94
1783080431954 1.902120308099791 95
1783080440142 1.8890055937697328 96
1783080448330 1.850471016965639 97
1783080456956 1.844244340066925 98
1783080465334 1.890805435180664 99
1783080473846 1.8766339120725377 100
1783080482173 1.8723839623212157 101
1783080490481 1.8922635734950408 102
1783080498762 1.909975490268227 103
1783080506907 1.9139281085618804 104
1783080515075 1.9421224063521423 105
1783080523275 1.9334768556460304 106
1783080531527 1.9463485158179417 107
1783080540004 1.9155374521188924 108
1783080548393 1.9172305575497994 109
1783080556560 1.9470233487068338 110
1783080564758 1.9471734708651396 111
1783080573049 1.9478379061841589 112
1783080581534 1.9488785999120013 113
1783080589938 1.9530174227413215 114
1783080598301 1.9626958825615015 115
1783080606508 1.9593549531727492 116
