1783080374741 0.4480193792759114 88
1783080382923 0.41883427165373643 89
1783080391058 0.35692703399561193 90
1783080399176 0.363062094633503 91
1783080407409 0.3090850421835289 92
1783080415568 0.3678959095470137 93
1783080423782 0.4059347876478709 94
1783080431954 0.42971415160397186 95
1783080440142 0.4522131890557846 96
1783080448330 0.4688408659175898 97
1783080456956 0.5435860787747777 98
1783080465334 0.5355118563401413 99
1783080473846 0.5099025346634656 100
1783080482173 0.5544857004007712 101
1783080490481 0.503084534730849 102
1783080498762 0.5148126100578091 103
1783080506907 0.5556629594018819 104
1783080515075 0.5223360698021572 105
1783080523275 0.5966621904250946 106
1783080531527 0.5747874678323355 107
1783080540004 0.6148819596005626 108
1783080548393 0.5731431449045554 109
1783080556560 0.5221575838229293 110
1783080564758 0.5548086584465458 111
1783080573049 0.5511194586095356 112
1783080581534 0.5606912759304342 113
1783080589938 0.5431250014519761 114
1783080598301 0.5413632330421524 115
1783080606508 0.5545612751314789 116
