1783080366091 1.5668810793558756 87
1783080374741 1.7854004213456012 88
1783080382923 1.803347868255422 89
1783080391058 1.8566506389931683 90
1783080399176 1.8811615907097545 91
1783080407409 1.9036743244056151 92
1783080415568 1.9149301168922936 93
1783080423782 1.903353325814345 94
1783080431954 1.9069180997183115 95
1783080440142 1.8956198950306622 96
1783080448330 1.8676657281426876 97
1783080456956 1.8615327430923632 98
1783080465334 1.899441585473135 99
1783080473846 1.8882009228356451 100
1783080482173 1.8908094609991157 101
1783080490481 1.9088352116130742 102
1783080498762 1.9192865291192187 103
1783080506907 1.9242103648862627 104
1783080515075 1.9481723091151908 105
1783080523275 1.945874334095481 106
1783080531527 1.9553866280369878 107
1783080540004 1.936500607664401 108
1783080548393 1.940271745034314 109
1783080556560 1.9566474363389181 110
1783080564758 1.9549283767281624 111
1783080573049 1.9586268976690202 112
1783080581534 1.960530796280009 113
1783080589938 1.9635782531555463 114
1783080598301 1.96827135230427 115
1783080606508 1.9670343383310651 116
