1783080374741 0.2732986668381122 88
1783080382923 0.3254560642853016 89
1783080391058 0.40971616696845437 90
1783080399176 0.41328312641987885 91
1783080407409 0.3871924287706449 92
1783080415568 0.3225591398697697 93
1783080423782 0.32805726250726996 94
1783080431954 0.34863960998002874 95
1783080440142 0.4258894744046475 96
1783080448330 0.42940266940317784 97
1783080456956 0.37490329352083407 98
1783080465334 0.6104901625340678 99
1783080473846 0.5572567323797754 100
1783080482173 0.5035829471819329 101
1783080490481 0.6067148920031392 102
1783080498762 0.6686334275804072 103
1783080506907 0.5819549687170299 104
1783080515075 0.7685216865986367 105
1783080523275 0.626708860120338 106
1783080531527 0.6970579096108429 107
1783080540004 0.5803720860633214 108
1783080548393 0.6184728746700948 109
1783080556560 0.7187327693371063 110
1783080564758 0.6492578911191275 111
1783080573049 0.618414022791104 112
1783080581534 0.6038346517095793 113
1783080589938 0.614150137777049 114
1783080598301 0.668973001201501 115
1783080606508 0.6993232998637248 116
