1783080399176 0.6632979629523638 91
1783080407409 0.5009468850112165 92
1783080415568 0.4903898873677404 93
1783080423782 -0.043748956698248104 94
1783080431954 -0.13535269548136225 95
1783080440142 0.10105340521629436 96
1783080448330 0.3789611081990336 97
1783080456956 -0.08193978598991064 98
1783080465334 0.3706854827441077 99
1783080473846 0.12298086339427232 100
1783080482173 0.11758558934719472 101
1783080490481 0.06611065988099792 102
1783080498762 0.07402137961891041 103
1783080506907 0.09669342412775435 104
1783080515075 0.1289645718029505 105
1783080523275 0.023135371056889134 106
1783080531527 0.1426721937917917 107
1783080540004 0.05077009409032585 108
1783080548393 0.13135058989684276 109
1783080556560 0.10557455693991159 110
1783080564758 0.03455727160071513 111
1783080573049 0.07586695603163869 112
1783080581534 0.061063363554925906 113
1783080589938 0.06506477308985661 114
1783080598301 0.04031846595469464 115
1783080606508 0.01912023853692828 116
