1783080366091 1.0 87
1783080374741 1.0 88
1783080382923 1.0 89
1783080391058 1.0 90
1783080399176 1.0 91
1783080407409 1.0 92
1783080415568 1.0 93
1783080423782 1.0 94
1783080431954 1.0 95
1783080440142 1.0 96
1783080448330 1.0 97
1783080456956 1.0 98
1783080465334 1.0 99
1783080473846 1.0 100
1783080482173 1.0 101
1783080490481 1.0 102
1783080498762 1.0 103
1783080506907 1.0 104
1783080515075 1.0 105
1783080523275 1.0 106
1783080531527 1.0 107
1783080540004 1.0 108
1783080548393 1.0 109
1783080556560 1.0 110
1783080564758 1.0 111
1783080573049 1.0 112
1783080581534 1.0 113
1783080589938 1.0 114
1783080598301 1.0 115
1783080606508 1.0 116
