1783080366091 0.0 87
1783080374741 0.0 88
1783080382923 0.0 89
1783080391058 0.0 90
1783080399176 0.0 91
1783080407409 0.0 92
1783080415568 0.0 93
1783080423782 0.0 94
1783080431954 0.0 95
1783080440142 0.0 96
1783080448330 nan 97
1783080456956 nan 98
1783080465334 nan 99
1783080473846 nan 100
1783080482173 nan 101
1783080490481 nan 102
1783080498762 nan 103
1783080506907 nan 104
1783080515075 nan 105
1783080523275 nan 106
1783080531527 nan 107
1783080540004 nan 108
1783080548393 nan 109
1783080556560 nan 110
1783080564758 nan 111
1783080573049 nan 112
1783080581534 nan 113
1783080589938 nan 114
1783080598301 nan 115
1783080606508 nan 116
