1783080366091 0.18954461812973022 87
1783080374741 0.1867496520280838 88
1783080382923 0.18265481293201447 89
1783080391058 0.1933056265115738 90
1783080399176 0.20044206082820892 91
1783080407409 0.1871982216835022 92
1783080415568 0.1827346384525299 93
1783080423782 0.16424620151519775 94
1783080431954 0.12984028458595276 95
1783080440142 0.1511916220188141 96
1783080448330 0.1369299441576004 97
1783080456956 0.12239553779363632 98
1783080465334 0.13030847907066345 99
1783080473846 0.11949039250612259 100
1783080482173 0.14360852539539337 101
1783080490481 0.08516582101583481 102
1783080498762 0.06424441188573837 103
1783080506907 0.07683037221431732 104
1783080515075 0.05147238075733185 105
1783080523275 0.08198344707489014 106
1783080531527 0.052086036652326584 107
1783080540004 0.0729866474866867 108
1783080548393 0.07293937355279922 109
1783080556560 0.06559783965349197 110
1783080564758 0.08499318361282349 111
1783080573049 0.07719908654689789 112
1783080581534 0.08921359479427338 113
1783080589938 0.07760275155305862 114
1783080598301 0.08242927491664886 115
1783080606508 0.08308231085538864 116
