1783080366091 0.5859979355335235 87
1783080374741 0.5231849813461303 88
1783080382923 0.5323064827919006 89
1783080391058 0.5011206293106079 90
1783080399176 0.4894368803501129 91
1783080407409 0.48645827412605286 92
1783080415568 0.4834071695804596 93
1783080423782 0.46865586161613465 94
1783080431954 0.40420002937316896 95
1783080440142 0.3352711665630341 96
1783080448330 0.31458643198013303 97
1783080456956 0.29622255623340604 98
1783080465334 0.2720970606803894 99
1783080473846 0.26362047255039217 100
1783080482173 0.25716456174850466 101
1783080490481 0.25512967944145204 102
1783080498762 0.23818601548671722 103
1783080506907 0.22327079653739929 104
1783080515075 0.20304341673851012 105
1783080523275 0.1897432678937912 106
1783080531527 0.18024309992790222 107
1783080540004 0.1748714578151703 108
1783080548393 0.17943475931882857 109
1783080556560 0.17498902708292008 110
1783080564758 0.1819349431991577 111
1783080573049 0.1706170356273651 112
1783080581534 0.1758664745092392 113
1783080589938 0.1732702770829201 114
1783080598301 0.17529537051916122 115
1783080606508 0.1695815098285675 116
