1783080366091 0.3183558848636554 87
1783080374741 0.37941371369678095 88
1783080382923 0.41675684476804326 89
1783080391058 0.44622207900695343 90
1783080399176 0.45560328216984736 91
1783080407409 0.4452476464001236 92
1783080415568 0.45386419814018003 93
1783080423782 0.4485484084787182 94
1783080431954 0.49266939712050956 95
1783080440142 0.5017927401674647 96
1783080448330 0.5425843817994309 97
1783080456956 0.5633592004139416 98
1783080465334 0.6053199438495583 99
1783080473846 0.6469728282019415 100
1783080482173 0.6201627749290135 101
1783080490481 0.5688107943077588 102
1783080498762 0.6021422190972866 103
1783080506907 0.5603194089613338 104
1783080515075 0.5267729000692792 105
1783080523275 0.5533428289166462 106
1783080531527 0.5427441200255522 107
1783080540004 0.6474248212286734 108
1783080548393 0.6285371759894773 109
1783080556560 0.6002238088431285 110
1783080564758 0.6028069963903814 111
1783080573049 0.6769837786098329 112
1783080581534 0.6571257472764455 113
1783080589938 0.6350917177389631 114
1783080598301 0.6268620953690938 115
1783080606508 0.6535749104130326 116
