1783080366091 0.09780571064259931 87
1783080374741 0.25949072293113334 88
1783080382923 0.3078215177930002 89
1783080391058 0.3136205700903149 90
1783080399176 0.38770247979832767 91
1783080407409 0.3293500910354497 92
1783080415568 0.32653640355372454 93
1783080423782 0.2782200401812884 94
1783080431954 0.2978280088706004 95
1783080440142 0.35305497244120543 96
1783080448330 0.39541352233613075 97
1783080456956 0.4494928130972112 98
1783080465334 0.4349064494373461 99
1783080473846 0.41418339270069204 100
1783080482173 0.45657564104102755 101
1783080490481 0.46894324527621273 102
1783080498762 0.432026834537277 103
1783080506907 0.42537651142216437 104
1783080515075 0.41506624838777517 105
1783080523275 0.45708334442912324 106
1783080531527 0.4488102230867655 107
1783080540004 0.4845153785852185 108
1783080548393 0.47291937703144066 109
1783080556560 0.457894179478353 110
1783080564758 0.45778380684335024 111
1783080573049 0.5241908903353905 112
1783080581534 0.5094617963673632 113
1783080589938 0.5054359726787595 114
1783080598301 0.4649244369704363 115
1783080606508 0.511610887615152 116
