1783080366091 0.20049308478832245 87
1783080374741 0.22180084526538849 88
1783080382923 0.22961677074432374 89
1783080391058 0.21155904948711396 90
1783080399176 0.2115879076719284 91
1783080407409 0.2276430082321167 92
1783080415568 0.22568716168403624 93
1783080423782 0.2482380473613739 94
1783080431954 0.25720426082611086 95
1783080440142 0.2640903455018997 96
1783080448330 0.2978278577327728 97
1783080456956 0.2810104840993881 98
1783080465334 0.3084270024299622 99
1783080473846 0.3250070881843567 100
1783080482173 0.3257256931066513 101
1783080490481 0.3610915756225586 102
1783080498762 0.40454088389873505 103
1783080506907 0.3970930832624435 104
1783080515075 0.4726740384101868 105
1783080523275 0.4653994524478912 106
1783080531527 0.5087271118164063 107
1783080540004 0.5581367540359498 108
1783080548393 0.6080264496803284 109
1783080556560 0.6426090061664581 110
1783080564758 0.6682343125343323 111
1783080573049 0.7188777601718903 112
1783080581534 0.7503001320362092 113
1783080589938 0.776274812221527 114
1783080598301 0.8761846315860748 115
1783080606508 0.9180263817310333 116
