1783080366091 0.649602677822113 87
1783080374741 0.6666078639030456 88
1783080382923 0.5867825603485107 89
1783080391058 0.5423396468162537 90
1783080399176 0.5532063436508179 91
1783080407409 0.545361361503601 92
1783080415568 0.5291878533363342 93
1783080423782 0.5230709981918334 94
1783080431954 0.515949375629425 95
1783080440142 0.4995323657989502 96
1783080448330 0.5274088978767395 97
1783080456956 0.5107507038116456 98
1783080465334 0.5262495684623718 99
1783080473846 0.4756202411651611 100
1783080482173 0.4980719828605652 101
1783080490481 0.4831380295753479 102
1783080498762 0.47307447910308836 103
1783080506907 0.46059436082839966 104
1783080515075 0.43940152168273927 105
1783080523275 0.468560483455658 106
1783080531527 0.4239503407478333 107
1783080540004 0.43660870552062986 108
1783080548393 0.46990947008132933 109
1783080556560 0.449351065158844 110
1783080564758 0.4059734559059143 111
1783080573049 0.4213325357437134 112
1783080581534 0.3919801926612854 113
1783080589938 0.4024353098869324 114
1783080598301 0.38072436332702636 115
1783080606508 0.3711407470703125 116
