1783080366091 0.28723151206970216 87
1783080374741 0.1719268488883972 88
1783080382923 0.16352951049804687 89
1783080391058 0.15429714679718018 90
1783080399176 0.1434954833984375 91
1783080407409 0.1408335065841675 92
1783080415568 0.12978602170944215 93
1783080423782 0.11075384855270386 94
1783080431954 0.10566804647445678 95
1783080440142 0.12210767030715942 96
1783080448330 0.12068758726119995 97
1783080456956 0.11740145444869995 98
1783080465334 0.11948410511016845 99
1783080473846 0.11105595827102661 100
1783080482173 0.09950850486755371 101
1783080490481 0.11897317886352539 102
1783080498762 0.0968387794494629 103
1783080506907 0.08795652151107788 104
1783080515075 0.0861188268661499 105
1783080523275 0.09053836107254028 106
1783080531527 0.0852250599861145 107
1783080540004 0.08906484127044678 108
1783080548393 0.10454741477966309 109
1783080556560 0.12356323003768921 110
1783080564758 0.0987344479560852 111
1783080573049 0.09192501783370971 112
1783080581534 0.09210386991500855 113
1783080589938 0.08904804944992066 114
1783080598301 0.08299375772476196 115
1783080606508 0.08615638732910157 116
