1783080366091 0.35039731800556184 87
1783080374741 0.3333921325206757 88
1783080382923 0.41321744322776793 89
1783080391058 0.4576603528857231 90
1783080399176 0.446793652176857 91
1783080407409 0.45463864237070084 92
1783080415568 0.470812149643898 93
1783080423782 0.4769290071725845 94
1783080431954 0.4840506225824356 95
1783080440142 0.5004676347970962 96
1783080448330 0.47259110271930693 97
1783080456956 0.48924929440021514 98
1783080465334 0.47375043243169784 99
1783080473846 0.5243797570466995 100
1783080482173 0.5019280177354812 101
1783080490481 0.5168619680404664 102
1783080498762 0.5269255232810974 103
1783080506907 0.5394056415557862 104
1783080515075 0.5605984771251679 105
1783080523275 0.5314395201206207 106
1783080531527 0.5760496604442596 107
1783080540004 0.5633912956714631 108
1783080548393 0.5300905281305313 109
1783080556560 0.5506489324569702 110
1783080564758 0.5940265440940857 111
1783080573049 0.5786674642562866 112
1783080581534 0.6080198073387146 113
1783080589938 0.5975646901130677 114
1783080598301 0.6192756354808807 115
1783080606508 0.6288592505455017 116
