1783080366091 0.1858724284172058 87
1783080374741 0.06635508060455322 88
1783080382923 0.06437443256378174 89
1783080391058 0.07855287790298462 90
1783080399176 0.08471583127975464 91
1783080407409 0.0912908124923706 92
1783080415568 0.07764283895492553 93
1783080423782 0.07363512992858887 94
1783080431954 0.07047078847885131 95
1783080440142 0.06962344408035279 96
1783080448330 0.06565122365951538 97
1783080456956 0.05782745361328125 98
1783080465334 0.05104049682617187 99
1783080473846 0.05321612358093262 100
1783080482173 0.05203768730163574 101
1783080490481 0.0537113356590271 102
1783080498762 0.04575827598571777 103
1783080506907 0.03961343765258789 104
1783080515075 0.04431826591491699 105
1783080523275 0.03716230392456055 106
1783080531527 0.04400832653045654 107
1783080540004 0.04606290102005005 108
1783080548393 0.044068324565887454 109
1783080556560 0.03766439914703369 110
1783080564758 0.037944602966308597 111
1783080573049 0.034022181034088134 112
1783080581534 0.040331900119781494 113
1783080589938 0.0410422945022583 114
1783080598301 0.04030517578125 115
1783080606508 0.04162211418151855 116
