1783080366091 8.727994060516357 87
1783080374741 7.56209400177002 88
1783080382923 6.605982570648194 89
1783080391058 6.049380168914795 90
1783080399176 5.571690635681152 91
1783080407409 5.137235260009765 92
1783080415568 4.722284412384033 93
1783080423782 4.363184652328491 94
1783080431954 4.134203462600708 95
1783080440142 4.048781232833862 96
1783080448330 4.034344120025635 97
1783080456956 3.9781447219848634 98
1783080465334 3.961230125427246 99
1783080473846 3.952852087020874 100
1783080482173 3.9419634246826174 101
1783080490481 3.9230715560913088 102
1783080498762 3.9084260082244873 103
1783080506907 3.8920140838623047 104
1783080515075 3.8912941551208498 105
1783080523275 3.883854694366455 106
1783080531527 3.872029323577881 107
1783080540004 3.8691292667388915 108
1783080548393 3.88048171043396 109
1783080556560 3.855150318145752 110
1783080564758 3.8590753173828123 111
1783080573049 3.8402459049224853 112
1783080581534 3.847741250991821 113
1783080589938 3.83982479095459 114
1783080598301 3.8345697021484373 115
1783080606508 3.83028902053833 116
