1783080366091 0.03690957970917225 87
1783080374741 0.04871240444481373 88
1783080382923 0.24769444525241852 89
1783080391058 0.22566525399684906 90
1783080399176 0.16794977307319642 91
1783080407409 0.12376330971717835 92
1783080415568 0.08325047463178635 93
1783080423782 0.052452260106801984 94
1783080431954 0.03458618842065334 95
1783080440142 0.02956021375954151 96
1783080448330 0.030039997771382332 97
1783080456956 0.029238101318478583 98
1783080465334 0.028318457752466202 99
1783080473846 0.029682469367980958 100
1783080482173 0.030077116489410402 101
1783080490481 0.03204959861934185 102
1783080498762 0.031608954891562464 103
1783080506907 0.03210450530052185 104
1783080515075 0.03416893035173416 105
1783080523275 0.03397468350827694 106
1783080531527 0.03523739941418171 107
1783080540004 0.036236149370670316 108
1783080548393 0.03627063192427158 109
1783080556560 0.03876471020281315 110
1783080564758 0.03876992978155613 111
1783080573049 0.03762733094394207 112
1783080581534 0.03942920736968517 113
1783080589938 0.04082502171397209 114
1783080598301 0.041712410002946856 115
1783080606508 0.04204131424427032 116
