1783068616283 0.26207356572151186 195
1783068797389 0.2622982650995255 196
1783068973855 0.24434686720371246 197
1783069183157 0.2508968138694763 198
1783069386179 0.2561873227357864 199
1783069563413 0.2717649894952774 200
1783069724814 0.26182114958763125 201
1783069885976 0.25195435881614686 202
1783070046262 0.24601999402046204 203
1783070207119 0.28060277342796325 204
1783070367191 0.25437572538852693 205
1783070527430 0.26891441762447355 206
1783070687729 0.2966041123867035 207
1783070847842 0.26041027903556824 208
1783071007904 0.2803643637895584 209
1783071168601 0.251027016043663 210
1783071328382 0.2601026439666748 211
1783071488890 0.26660662949085234 212
1783071650042 0.2744469285011292 213
1783071810634 0.27709089398384096 214
1783071970960 0.2646501392126083 215
1783072131645 0.27206661939620974 216
1783072292880 0.25896481812000277 217
1783072454795 0.263591096997261 218
1783072615064 0.2631897115707397 219
1783072775832 0.2672253328561783 220
1783072936270 0.2710654801130295 221
1783073096772 0.25861132562160494 222
1783073256977 0.26077729046344755 223
1783073417329 0.2623407471179962 224
1783073578059 0.2596081095933914 225
1783073738251 0.25594406366348266 226
1783073898699 0.26127362608909604 227
1783074059360 0.27050432860851287 228
1783074220046 0.254389061331749 229
1783074380187 0.25868330657482147 230
1783074540446 0.25553500056266787 231
1783074701103 0.2568156570196152 232
1783074861695 0.25506476759910585 233
1783075021808 0.2582198655605316 234
1783075182044 0.2629600965976715 235
1783075342818 0.2662325233221054 236
1783075517982 0.28061640381813047 237
1783075683799 0.2738679981231689 238
