1783068616283 0.7624737668037415 195
1783068797389 0.7934697270393372 196
1783068973855 0.7855793786048889 197
1783069183157 0.7993398642539978 198
1783069386179 0.7890378427505493 199
1783069563413 0.7865678262710571 200
1783069724814 0.7822140312194824 201
1783069885976 0.793799695968628 202
1783070046262 0.7797996068000793 203
1783070207119 0.7928431606292725 204
1783070367191 0.7865667462348938 205
1783070527430 0.8015999436378479 206
1783070687729 0.7946829509735107 207
1783070847842 0.786256513595581 208
1783071007904 0.8006904244422912 209
1783071168601 0.7833205127716064 210
1783071328382 0.7910812759399414 211
1783071488890 0.806319317817688 212
1783071650042 0.7962594676017761 213
1783071810634 0.8079970741271972 214
1783071970960 0.803142831325531 215
1783072131645 0.8078778576850891 216
1783072292880 0.8021580123901367 217
1783072454795 0.80224191904068 218
1783072615064 0.8077828669548035 219
1783072775832 0.80536856174469 220
1783072936270 0.8008910655975342 221
1783073096772 0.8175949263572693 222
1783073256977 0.8055899000167847 223
1783073417329 0.8193601608276367 224
1783073578059 0.8164099597930908 225
1783073738251 0.8133359742164612 226
1783073898699 0.8094435262680054 227
1783074059360 0.8221548986434937 228
1783074220046 0.8184586000442505 229
1783074380187 0.8156737327575684 230
1783074540446 0.8186768078804016 231
1783074701103 0.8381262922286987 232
1783074861695 0.8209254360198974 233
1783075021808 0.8213688445091247 234
1783075182044 0.8363030886650086 235
1783075342818 0.826455647945404 236
1783075517982 0.8328343534469604 237
1783075683799 0.8348704648017883 238
