1783068616283 1.3407057471406603 195
1783068797389 1.3537717161108669 196
1783068973855 1.3173354298525572 197
1783069183157 1.3220415066796436 198
1783069386179 1.3119856037394135 199
1783069563413 1.332872347536439 200
1783069724814 1.307959289602072 201
1783069885976 1.296551485687632 202
1783070046262 1.2862340795359346 203
1783070207119 1.3294708813991505 204
1783070367191 1.2550096971276925 205
1783070527430 1.2796010467239927 206
1783070687729 1.3916973457350084 207
1783070847842 1.3232249155437887 208
1783071007904 1.3481269996092364 209
1783071168601 1.3128417659453482 210
1783071328382 1.3221443976211233 211
1783071488890 1.326763607631725 212
1783071650042 1.3427687553187184 213
1783071810634 1.35705089930386 214
1783071970960 1.3479712032528366 215
1783072131645 1.3574998973632413 216
1783072292880 1.3318515020100075 217
1783072454795 1.334307060062465 218
1783072615064 1.3174149732846558 219
1783072775832 1.3538605055094382 220
1783072936270 1.342226563427134 221
1783073096772 1.3217923927327637 222
1783073256977 1.326175501058595 223
1783073417329 1.3137360974717809 224
1783073578059 1.3107662110271285 225
1783073738251 1.3231356237640466 226
1783073898699 1.325112318999145 227
1783074059360 1.3256082574401098 228
1783074220046 1.314433621299417 229
1783074380187 1.326779791924017 230
1783074540446 1.311298614122214 231
1783074701103 1.338558821292205 232
1783074861695 1.3315464334171758 233
1783075021808 1.337902503988898 234
1783075182044 1.3254179620202706 235
1783075342818 1.3175642094902031 236
1783075517982 1.3351344243342882 237
1783075683799 1.3436900430938914 238
