1783068616283 0.1680435347557068 195
1783068797389 0.17036080479621887 196
1783068973855 0.16592294931411744 197
1783069183157 0.16868087112903596 198
1783069386179 0.17071783006191255 199
1783069563413 0.1741424435377121 200
1783069724814 0.1701775997877121 201
1783069885976 0.168405042886734 202
1783070046262 0.1636360251903534 203
1783070207119 0.16935921013355254 204
1783070367191 0.1688840401172638 205
1783070527430 0.17359097182750702 206
1783070687729 0.18217677712440491 207
1783070847842 0.17918457806110383 208
1783071007904 0.17367580592632292 209
1783071168601 0.16885642051696778 210
1783071328382 0.17368124127388002 211
1783071488890 0.16674483716487884 212
1783071650042 0.16811213672161102 213
1783071810634 0.1711382269859314 214
1783071970960 0.1686643123626709 215
1783072131645 0.16786706447601318 216
1783072292880 0.16863170146942139 217
1783072454795 0.164167298078537 218
1783072615064 0.16790091454982758 219
1783072775832 0.16950961768627168 220
1783072936270 0.16789686262607575 221
1783073096772 0.16487446784973145 222
1783073256977 0.16649216771125794 223
1783073417329 0.16895085394382478 224
1783073578059 0.1668383765220642 225
1783073738251 0.16652463972568513 226
1783073898699 0.1670685350894928 227
1783074059360 0.16941058814525603 228
1783074220046 0.1674320775270462 229
1783074380187 0.16434411942958832 230
1783074540446 0.16849100708961487 231
1783074701103 0.16508670270442963 232
1783074861695 0.1666657453775406 233
1783075021808 0.16715692579746247 234
1783075182044 0.16583668768405915 235
1783075342818 0.1692681324481964 236
1783075517982 0.17497233510017396 237
1783075683799 0.16923847019672394 238
