1783068616283 0.16916065394878388 195
1783068797389 0.17077322781085968 196
1783068973855 0.15929506599903107 197
1783069183157 0.16095297753810883 198
1783069386179 0.16527817785739898 199
1783069563413 0.17749346315860748 200
1783069724814 0.17026448607444764 201
1783069885976 0.16163017094135285 202
1783070046262 0.16187034845352172 203
1783070207119 0.1793397444486618 204
1783070367191 0.16011516988277436 205
1783070527430 0.16690631568431855 206
1783070687729 0.19125355422496795 207
1783070847842 0.16642967939376832 208
1783071007904 0.17389400243759157 209
1783071168601 0.16079954504966737 210
1783071328382 0.1687643623352051 211
1783071488890 0.16943748235702516 212
1783071650042 0.17696420848369598 213
1783071810634 0.17746710538864136 214
1783071970960 0.17046034693717957 215
1783072131645 0.1748119282722473 216
1783072292880 0.16817363798618318 217
1783072454795 0.1680263465642929 218
1783072615064 0.16862283945083617 219
1783072775832 0.16977266371250152 220
1783072936270 0.17306227922439577 221
1783073096772 0.16109331727027892 222
1783073256977 0.16908298432826996 223
1783073417329 0.16501438081264497 224
1783073578059 0.16484153628349305 225
1783073738251 0.16131220102310181 226
1783073898699 0.16707491099834443 227
1783074059360 0.17098049819469452 228
1783074220046 0.1613448131084442 229
1783074380187 0.16494312167167663 230
1783074540446 0.1612561058998108 231
1783074701103 0.16229807913303376 232
1783074861695 0.1617037045955658 233
1783075021808 0.16257050931453704 234
1783075182044 0.1652403926849365 235
1783075342818 0.16749688863754272 236
1783075517982 0.1759859085083008 237
1783075683799 0.17256830394268036 238
