1783068616283 0.06725800207828239 195
1783068797389 0.0678021062692484 196
1783068973855 0.06908887244813341 197
1783069183157 0.07195396506406947 198
1783069386179 0.0717558825316014 199
1783069563413 0.07203391218561798 200
1783069724814 0.07438740257906179 201
1783069885976 0.07606199290203647 202
1783070046262 0.07776314617847822 203
1783070207119 0.0772075303074368 204
1783070367191 0.08024876560987346 205
1783070527430 0.08275828478218042 206
1783070687729 0.07931574912498983 207
1783070847842 0.08320274025009285 208
1783071007904 0.08294552739440686 209
1783071168601 0.08388568530538407 210
1783071328382 0.0862067742882807 211
1783071488890 0.08493038075743019 212
1783071650042 0.08421491296086266 213
1783071810634 0.08420589028021358 214
1783071970960 0.08442970588606562 215
1783072131645 0.08458464993706427 216
1783072292880 0.08501868657210145 217
1783072454795 0.08687108759048577 218
1783072615064 0.08851259551479199 219
1783072775832 0.0849114704726189 220
1783072936270 0.08650104295688722 221
1783073096772 0.08843257157466483 222
1783073256977 0.08682340800033758 223
1783073417329 0.08831864927105938 224
1783073578059 0.0882180468940972 225
1783073738251 0.08587551160083098 226
1783073898699 0.08730452485643048 227
1783074059360 0.08884054474191887 228
1783074220046 0.09004611992981829 229
1783074380187 0.0854760330104161 230
1783074540446 0.08776298210102937 231
1783074701103 0.087123985091252 232
1783074861695 0.0862193276264696 233
1783075021808 0.08688327506739371 234
1783075182044 0.08793313780631096 235
1783075342818 0.0897797310436927 236
1783075517982 0.0877917519566429 237
1783075683799 0.08642330497997543 238
