1783068616283 0.0 195
1783068797389 0.021655779667198657 196
1783068973855 0.02389833927154541 197
1783069183157 0.004257543869316578 198
1783069386179 0.0004959917161613703 199
1783069563413 0.0 200
1783069724814 0.00030859628692269324 201
1783069885976 0.002314225845038891 202
1783070046262 0.003138405531644821 203
1783070207119 0.0005630302429199219 204
1783070367191 0.0 205
1783070527430 0.0017899751663208007 206
1783070687729 0.0 207
1783070847842 0.002399972230195999 208
1783071007904 0.0026051124930381777 209
1783071168601 0.003940076902508736 210
1783071328382 0.003949418067932129 211
1783071488890 0.0013494269549846648 212
1783071650042 0.0 213
1783071810634 0.0 214
1783071970960 0.0 215
1783072131645 0.0062336337566375735 216
1783072292880 0.004254266321659088 217
1783072454795 0.006032252907752991 218
1783072615064 0.0 219
1783072775832 0.00014999707229435444 220
1783072936270 0.001347457617521286 221
1783073096772 0.0025059238076210024 222
1783073256977 0.0 223
1783073417329 0.00041712921112775804 224
1783073578059 0.0 225
1783073738251 0.000361378975212574 226
1783073898699 0.0012964694201946258 227
1783074059360 0.0010375070571899414 228
1783074220046 0.0014788897335529327 229
1783074380187 0.0 230
1783074540446 0.0 231
1783074701103 0.0 232
1783074861695 0.011096397638320923 233
1783075021808 0.002759421765804291 234
1783075182044 0.0 235
1783075342818 0.0013774187862873077 236
1783075517982 0.003375215530395508 237
1783075683799 0.0 238
