1783068616283 3.346782379150391 195
1783068797389 3.342802381515503 196
1783068973855 3.3417945957183837 197
1783069183157 3.3413978099822996 198
1783069386179 3.3412207126617433 199
1783069563413 3.340232753753662 200
1783069724814 3.3408146286010743 201
1783069885976 3.339272527694702 202
1783070046262 3.339037971496582 203
1783070207119 3.3400271224975584 204
1783070367191 3.3450796890258787 205
1783070527430 3.3427574634552 206
1783070687729 3.342982082366943 207
1783070847842 3.3427377796173094 208
1783071007904 3.3405002403259276 209
1783071168601 3.3394858741760256 210
1783071328382 3.340402030944824 211
1783071488890 3.3394784450531008 212
1783071650042 3.3400716400146484 213
1783071810634 3.3391433334350586 214
1783071970960 3.3382923221588134 215
1783072131645 3.3378969764709474 216
1783072292880 3.337879219055176 217
1783072454795 3.337543697357178 218
1783072615064 3.3374655437469483 219
1783072775832 3.3378597259521485 220
1783072936270 3.3365686416625975 221
1783073096772 3.3365552616119385 222
1783073256977 3.335660400390625 223
1783073417329 3.3354704093933107 224
1783073578059 3.3359555625915527 225
1783073738251 3.335238313674927 226
1783073898699 3.335537328720093 227
1783074059360 3.3343629169464113 228
1783074220046 3.3351562309265135 229
1783074380187 3.334588060379028 230
1783074540446 3.334162292480469 231
1783074701103 3.333967046737671 232
1783074861695 3.3333070278167725 233
1783075021808 3.333355951309204 234
1783075182044 3.332934398651123 235
1783075342818 3.3334899806976317 236
1783075517982 3.332437572479248 237
1783075683799 3.332267198562622 238
