1783068616283 0.3892817620130686 195
1783068797389 0.3759446144104004 196
1783068973855 0.40369506883080236 197
1783069183157 0.4135168583294454 198
1783069386179 0.43263439008858573 199
1783069563413 0.41720863158426313 200
1783069724814 0.43673474179395616 201
1783069885976 0.44639956699093525 202
1783070046262 0.43388720984394485 203
1783070207119 0.44204927539204153 204
1783070367191 0.44463831190868974 205
1783070527430 0.4718406574817282 206
1783070687729 0.4852256661639361 207
1783070847842 0.44085604998366756 208
1783071007904 0.4521936936811967 209
1783071168601 0.44653813303232603 210
1783071328382 0.4568951185264161 211
1783071488890 0.46661748660831 212
1783071650042 0.4861633238864789 213
1783071810634 0.4741337177619128 214
1783071970960 0.46554331525797454 215
1783072131645 0.4656019706404611 216
1783072292880 0.4601098753470742 217
1783072454795 0.4774548337943312 218
1783072615064 0.4785156223410567 219
1783072775832 0.4513083611534776 220
1783072936270 0.47803271845947926 221
1783073096772 0.47379838312909905 222
1783073256977 0.4462675098481217 223
1783073417329 0.4763775435921886 224
1783073578059 0.48374875280186963 225
1783073738251 0.4806346459077396 226
1783073898699 0.4916369695897749 227
1783074059360 0.4914351545245491 228
1783074220046 0.48727223157882693 229
1783074380187 0.4691278214854698 230
1783074540446 0.48440066495662615 231
1783074701103 0.4811684107472667 232
1783074861695 0.4713079379529369 233
1783075021808 0.4630686242986332 234
1783075182044 0.484233154562759 235
1783075342818 0.5029370791656876 236
1783075517982 0.5163429932317872 237
1783075683799 0.4938136964790092 238
