1783068616283 0.20038717985153198 195
1783068797389 0.19332893192768097 196
1783068973855 0.1968713253736496 197
1783069183157 0.1705719381570816 198
1783069386179 0.20289066433906555 199
1783069563413 0.18945945799350739 200
1783069724814 0.2178184688091278 201
1783069885976 0.19204920530319214 202
1783070046262 0.2018812894821167 203
1783070207119 0.1990993171930313 204
1783070367191 0.19129733741283417 205
1783070527430 0.16506177186965942 206
1783070687729 0.18623033165931702 207
1783070847842 0.21736003458499908 208
1783071007904 0.21259941160678864 209
1783071168601 0.19966477155685425 210
1783071328382 0.19637037813663483 211
1783071488890 0.19797611236572266 212
1783071650042 0.19874124228954315 213
1783071810634 0.20116902887821198 214
1783071970960 0.1887407749891281 215
1783072131645 0.2131437510251999 216
1783072292880 0.20958656072616577 217
1783072454795 0.2282990664243698 218
1783072615064 0.20168361067771912 219
1783072775832 0.21964500844478607 220
1783072936270 0.21433760225772858 221
1783073096772 0.2271423488855362 222
1783073256977 0.23274937272071838 223
1783073417329 0.2058224231004715 224
1783073578059 0.22426334023475647 225
1783073738251 0.2347809225320816 226
1783073898699 0.23125402629375458 227
1783074059360 0.22850868105888367 228
1783074220046 0.23174552619457245 229
1783074380187 0.20347173511981964 230
1783074540446 0.2332715541124344 231
1783074701103 0.21468447148799896 232
1783074861695 0.2135057896375656 233
1783075021808 0.20371761918067932 234
1783075182044 0.24067717790603638 235
1783075342818 0.263521671295166 236
1783075517982 0.2276732325553894 237
1783075683799 0.2279418408870697 238
