1783068616283 0.31110426783561707 195
1783068797389 0.3161357641220093 196
1783068973855 0.3182443380355835 197
1783069183157 0.3250368535518646 198
1783069386179 0.31364405155181885 199
1783069563413 0.3190805912017822 200
1783069724814 0.30665725469589233 201
1783069885976 0.3233959674835205 202
1783070046262 0.3077790439128876 203
1783070207119 0.30671486258506775 204
1783070367191 0.31796586513519287 205
1783070527430 0.3196883201599121 206
1783070687729 0.312331885099411 207
1783070847842 0.29171040654182434 208
1783071007904 0.28230467438697815 209
1783071168601 0.2995472848415375 210
1783071328382 0.3258115351200104 211
1783071488890 0.2876777648925781 212
1783071650042 0.30145958065986633 213
1783071810634 0.30998775362968445 214
1783071970960 0.2939395010471344 215
1783072131645 0.29909053444862366 216
1783072292880 0.3002852201461792 217
1783072454795 0.318571537733078 218
1783072615064 0.2650587856769562 219
1783072775832 0.31592094898223877 220
1783072936270 0.31445175409317017 221
1783073096772 0.3232732117176056 222
1783073256977 0.3199264407157898 223
1783073417329 0.30515608191490173 224
1783073578059 0.2943144738674164 225
1783073738251 0.3100406229496002 226
1783073898699 0.2938210666179657 227
1783074059360 0.30816781520843506 228
1783074220046 0.28974297642707825 229
1783074380187 0.3126978874206543 230
1783074540446 0.32513731718063354 231
1783074701103 0.29645949602127075 232
1783074861695 0.29503220319747925 233
1783075021808 0.31537386775016785 234
1783075182044 0.30219054222106934 235
1783075342818 0.313975065946579 236
1783075517982 0.30900368094444275 237
1783075683799 0.316991925239563 238
