1783068616283 0.601773732992319 195
1783068797389 0.578807794972311 196
1783068973855 0.6166051141253553 197
1783069183157 0.6402732951858842 198
1783069386179 0.6618440917427194 199
1783069563413 0.6365053489290434 200
1783069724814 0.6680801719941364 201
1783069885976 0.6843134559685118 202
1783070046262 0.6636074394793123 203
1783070207119 0.6859193617047239 204
1783070367191 0.6898988608845544 205
1783070527430 0.7430899793098766 206
1783070687729 0.7476877671617038 207
1783070847842 0.6909502751681106 208
1783071007904 0.7198337982527891 209
1783071168601 0.6998704309937884 210
1783071328382 0.7093711899768046 211
1783071488890 0.7327798453737328 212
1783071650042 0.7570680518576508 213
1783071810634 0.7429419898651015 214
1783071970960 0.7256623754853918 215
1783072131645 0.7244553088248892 216
1783072292880 0.7140082044056986 217
1783072454795 0.7527520768884299 218
1783072615064 0.7463672099060286 219
1783072775832 0.7292858371127411 220
1783072936270 0.7536566986454477 221
1783073096772 0.7656615892177505 222
1783073256977 0.704618560589426 223
1783073417329 0.7661688834594049 224
1783073578059 0.7700040823642884 225
1783073738251 0.7728646268549654 226
1783073898699 0.7814299016784169 227
1783074059360 0.7879486235872659 228
1783074220046 0.7796606678962708 229
1783074380187 0.764848031326338 230
1783074540446 0.7929298256698636 231
1783074701103 0.7824000658794809 232
1783074861695 0.7695642928687894 233
1783075021808 0.7645059341087267 234
1783075182044 0.7995531261255757 235
1783075342818 0.825461700314381 236
1783075517982 0.8394234845603722 237
1783075683799 0.8006092019317564 238
