1783068616283 0.8845450507217806 195
1783068797389 0.8823728710862612 196
1783068973855 0.874029512593806 197
1783069183157 0.8584144736083804 198
1783069386179 0.8561063178909165 199
1783069563413 0.8817168722709862 200
1783069724814 0.8588776041831988 201
1783069885976 0.8528747305107788 202
1783070046262 0.8704618928914886 203
1783070207119 0.8649712760163561 204
1783070367191 0.8627837623776261 205
1783070527430 0.8533304783098236 206
1783070687729 0.8791987198248009 207
1783070847842 0.8915889082769898 208
1783071007904 0.8620760266117667 209
1783071168601 0.868603037063284 210
1783071328382 0.8682040510923429 211
1783071488890 0.8724482506333295 212
1783071650042 0.882354199913075 213
1783071810634 0.883480624318156 214
1783071970960 0.8781405908441452 215
1783072131645 0.8829268493833529 216
1783072292880 0.8808322708357205 217
1783072454795 0.8792797206197112 218
1783072615064 0.8818416115198348 219
1783072775832 0.89073970750909 220
1783072936270 0.8819889754049685 221
1783073096772 0.8615980033571189 222
1783073256977 0.8847536448234631 223
1783073417329 0.8762428777683554 224
1783073578059 0.8736572270918017 225
1783073738251 0.89788844053717 226
1783073898699 0.8906469056189549 227
1783074059360 0.8797686960173675 228
1783074220046 0.8865856889243752 229
1783074380187 0.894867148354455 230
1783074540446 0.8931882251927242 231
1783074701103 0.882892195361898 232
1783074861695 0.88733559951535 233
1783075021808 0.902393843775839 234
1783075182044 0.8970343332569868 235
1783075342818 0.8809947568862937 236
1783075517982 0.8831445800469191 237
1783075683799 0.892439675838035 238
