1783068616283 0.0 195
1783068797389 0.0 196
1783068973855 0.0 197
1783069183157 0.0 198
1783069386179 0.0 199
1783069563413 0.0 200
1783069724814 0.0 201
1783069885976 0.0 202
1783070046262 0.0 203
1783070207119 0.0 204
1783070367191 0.0460087941843085 205
1783070527430 0.042405961686745285 206
1783070687729 0.045263695127505346 207
1783070847842 0.038473596189287494 208
1783071007904 0.03493340120941866 209
1783071168601 0.04066984743054491 210
1783071328382 0.037495314360712656 211
1783071488890 0.038154619432461914 212
1783071650042 0.03867619112250395 213
1783071810634 0.04022668563760817 214
1783071970960 0.03875525020528585 215
1783072131645 0.03804101717949379 216
1783072292880 0.03745356447179802 217
1783072454795 0.03895927276753355 218
1783072615064 0.040960844870423896 219
1783072775832 0.03839150892512407 220
1783072936270 0.04048318093875423 221
1783073096772 0.04097492314118426 222
1783073256977 0.041029573418200016 223
1783073417329 0.04035492339811753 224
1783073578059 0.03905280628474429 225
1783073738251 0.04101630672987085 226
1783073898699 0.04137910824851133 227
1783074059360 0.03888273349322844 228
1783074220046 0.04214106486877427 229
1783074380187 0.04120522305136547 230
1783074540446 0.041029480673605574 231
1783074701103 0.04198538843076676 232
1783074861695 0.039893484563799576 233
1783075021808 0.04323901404161006 234
1783075182044 0.04322922644962091 235
1783075342818 0.041393480392871426 236
1783075517982 0.04157169809797779 237
1783075683799 0.03852472102735192 238
