1783068616283 0.09620435824082232 195
1783068797389 0.07907352760666982 196
1783068973855 0.07536838648095727 197
1783069183157 0.08051960958563723 198
1783069386179 0.068556102973409 199
1783069563413 0.08105217913637171 200
1783069724814 0.07968584069656208 201
1783069885976 0.0789783032159321 202
1783070046262 0.0796411309025134 203
1783070207119 0.09354861323419027 204
1783070367191 0.07160779131995514 205
1783070527430 0.07289677030671737 206
1783070687729 0.08190749410935677 207
1783070847842 0.06813285079150228 208
1783071007904 0.08775789958715904 209
1783071168601 0.07926068921823753 210
1783071328382 0.08923039276874624 211
1783071488890 0.08681872201757505 212
1783071650042 0.0799920583218336 213
1783071810634 0.08358966653293465 214
1783071970960 0.07376381172682159 215
1783072131645 0.08648209454864264 216
1783072292880 0.07170544887526194 217
1783072454795 0.07686485506978352 218
1783072615064 0.0659237795811714 219
1783072775832 0.08032630544248968 220
1783072936270 0.09517562925990206 221
1783073096772 0.08312966337671969 222
1783073256977 0.07120705868978984 223
1783073417329 0.09307271282857982 224
1783073578059 0.0644378259582445 225
1783073738251 0.07673329570656642 226
1783073898699 0.07111264258851588 227
1783074059360 0.07067960490216502 228
1783074220046 0.07782879444965511 229
1783074380187 0.07526519199530594 230
1783074540446 0.08596548892516875 231
1783074701103 0.07319044490111992 232
1783074861695 0.06906728921690956 233
1783075021808 0.07988810823985841 234
1783075182044 0.07749576945672743 235
1783075342818 0.07140661594789709 236
1783075517982 0.09242386331180023 237
1783075683799 0.06725735866115429 238
