1783068616283 0.08128383010625839 195
1783068797389 0.06332860887050629 196
1783068973855 0.0767412781715393 197
1783069183157 0.0657036080956459 198
1783069386179 0.06781066209077835 199
1783069563413 0.05822884291410446 200
1783069724814 0.05714373663067818 201
1783069885976 0.06291718780994415 202
1783070046262 0.05509316921234131 203
1783070207119 0.05968065187335014 204
1783070367191 0.0665651485323906 205
1783070527430 0.058141980320215225 206
1783070687729 0.058953482657670975 207
1783070847842 0.0535147599875927 208
1783071007904 0.04553744196891785 209
1783071168601 0.044921424239873886 210
1783071328382 0.03276607394218445 211
1783071488890 0.042347777634859085 212
1783071650042 0.03538990393280983 213
1783071810634 0.03629826754331589 214
1783071970960 0.03844637796282768 215
1783072131645 0.04556429758667946 216
1783072292880 0.04030529037117958 217
1783072454795 0.03652947023510933 218
1783072615064 0.05510693043470383 219
1783072775832 0.03672284632921219 220
1783072936270 0.051250334829092026 221
1783073096772 0.048458073288202286 222
1783073256977 0.04823585972189903 223
1783073417329 0.04225803166627884 224
1783073578059 0.04800945892930031 225
1783073738251 0.0683540627360344 226
1783073898699 0.05859548598527908 227
1783074059360 0.05100659653544426 228
1783074220046 0.047311197966337204 229
1783074380187 0.05482814088463783 230
1783074540446 0.06583750247955322 231
1783074701103 0.05338257551193237 232
1783074861695 0.05692823976278305 233
1783075021808 0.06980223953723907 234
1783075182044 0.05703750625252724 235
1783075342818 0.04905003309249878 236
1783075517982 0.05932940915226936 237
1783075683799 0.05250784382224083 238
