1783068616283 0.1508929443359375 195
1783068797389 0.15370084792375566 196
1783068973855 0.15137757182121278 197
1783069183157 0.15068336427211762 198
1783069386179 0.14997525423765182 199
1783069563413 0.1476242083311081 200
1783069724814 0.15073544174432754 201
1783069885976 0.1473814082145691 202
1783070046262 0.14798119485378267 203
1783070207119 0.14682551354169845 204
1783070367191 0.1456712007522583 205
1783070527430 0.14381043374538421 206
1783070687729 0.1442382115125656 207
1783070847842 0.14614932090044022 208
1783071007904 0.14288629442453385 209
1783071168601 0.1422925290465355 210
1783071328382 0.14076836675405502 211
1783071488890 0.14416538298130036 212
1783071650042 0.14124175190925597 213
1783071810634 0.14146833896636962 214
1783071970960 0.14171303004026414 215
1783072131645 0.1419967544078827 216
1783072292880 0.1405364179611206 217
1783072454795 0.14038875788450242 218
1783072615064 0.14345584630966188 219
1783072775832 0.1379553672671318 220
1783072936270 0.13810497611761094 221
1783073096772 0.1402725499868393 222
1783073256977 0.13771108865737916 223
1783073417329 0.13981322646141053 224
1783073578059 0.1406120827794075 225
1783073738251 0.1373922434449196 226
1783073898699 0.14057473987340927 227
1783074059360 0.1373155626654625 228
1783074220046 0.13867833495140075 229
1783074380187 0.13780700743198396 230
1783074540446 0.13623399198055267 231
1783074701103 0.14000266999006272 232
1783074861695 0.13958844393491746 233
1783075021808 0.13667500585317613 234
1783075182044 0.1381975957751274 235
1783075342818 0.13859003126621247 236
1783075517982 0.1377334263920784 237
1783075683799 0.13600867748260498 238
