1783068616283 0.9820784925687057 195
1783068797389 0.9834209457318847 196
1783068973855 0.9818664369592086 197
1783069183157 0.9800897456276282 198
1783069386179 0.9802960712713303 199
1783069563413 0.9820528679349694 200
1783069724814 0.9827625504159027 201
1783069885976 0.9797780139937629 202
1783070046262 0.9811604528242959 203
1783070207119 0.9817328233598497 204
1783070367191 0.9852707740666168 205
1783070527430 0.971796748728691 206
1783070687729 0.9775568697098035 207
1783070847842 0.9843989179945212 208
1783071007904 0.9818069278810881 209
1783071168601 0.9874225919763734 210
1783071328382 0.9822385425521677 211
1783071488890 0.9845571280954437 212
1783071650042 0.9855578340635615 213
1783071810634 0.9818706848921596 214
1783071970960 0.9835818847938462 215
1783072131645 0.9820874952301618 216
1783072292880 0.9841559776755596 217
1783072454795 0.9837956340994224 218
1783072615064 0.983247311672376 219
1783072775832 0.9821119737759575 220
1783072936270 0.9823557367283329 221
1783073096772 0.9794717321463251 222
1783073256977 0.9830009935763121 223
1783073417329 0.9810212502245794 224
1783073578059 0.9828856842106671 225
1783073738251 0.9799374998238436 226
1783073898699 0.9848416991573457 227
1783074059360 0.9811431769358065 228
1783074220046 0.9808795275260129 229
1783074380187 0.9819612687853414 230
1783074540446 0.9809670785970949 231
1783074701103 0.9806038459691548 232
1783074861695 0.9807929485539298 233
1783075021808 0.9785309827778462 234
1783075182044 0.9813273124353934 235
1783075342818 0.9825566919164062 236
1783075517982 0.9805219439273443 237
1783075683799 0.9816565564604431 238
