1783068616283 0.495458636879921 195
1783068797389 0.4510568809509277 196
1783068973855 0.45341875433921813 197
1783069183157 0.443894522190094 198
1783069386179 0.4466863840818405 199
1783069563413 0.44966794431209567 200
1783069724814 0.45429781794548035 201
1783069885976 0.4424643576145172 202
1783070046262 0.4553926926851273 203
1783070207119 0.44798883199691775 204
1783070367191 0.45127727210521695 205
1783070527430 0.43895618081092835 206
1783070687729 0.4456205230951309 207
1783070847842 0.4540464037656784 208
1783071007904 0.43658637285232543 209
1783071168601 0.4549372684955597 210
1783071328382 0.449002046585083 211
1783071488890 0.43392180621623994 212
1783071650042 0.4424228370189667 213
1783071810634 0.43007341027259827 214
1783071970960 0.4304466611146927 215
1783072131645 0.42964248538017275 216
1783072292880 0.431983637213707 217
1783072454795 0.43416477262973785 218
1783072615064 0.4261138343811035 219
1783072775832 0.42749309360980986 220
1783072936270 0.4380296266078949 221
1783073096772 0.41953191995620726 222
1783073256977 0.4276977241039276 223
1783073417329 0.41873135209083556 224
1783073578059 0.4148397195339203 225
1783073738251 0.42006661295890807 226
1783073898699 0.4217205810546875 227
1783074059360 0.40894808888435363 228
1783074220046 0.4145312917232513 229
1783074380187 0.41804120540618894 230
1783074540446 0.41614099383354186 231
1783074701103 0.39443128526210786 232
1783074861695 0.40837731063365934 233
1783075021808 0.4107165992259979 234
1783075182044 0.3943969815969467 235
1783075342818 0.40074961304664614 236
1783075517982 0.4014976060390472 237
1783075683799 0.3929138207435608 238
