1783068616283 0.03209244012832642 195
1783068797389 0.02437986135482788 196
1783068973855 0.02106921434402466 197
1783069183157 0.019734346866607667 198
1783069386179 0.02005164623260498 199
1783069563413 0.01994559049606323 200
1783069724814 0.01896681070327759 201
1783069885976 0.017530333995819092 202
1783070046262 0.018202145099639893 203
1783070207119 0.01910449504852295 204
1783070367191 0.021297805309295655 205
1783070527430 0.021051056385040283 206
1783070687729 0.023673064708709717 207
1783070847842 0.02493433713912964 208
1783071007904 0.020315845012664795 209
1783071168601 0.021467459201812745 210
1783071328382 0.01964482545852661 211
1783071488890 0.020757219791412353 212
1783071650042 0.01908970832824707 213
1783071810634 0.018390209674835206 214
1783071970960 0.01696789264678955 215
1783072131645 0.017126901149749754 216
1783072292880 0.01658390522003174 217
1783072454795 0.01621572732925415 218
1783072615064 0.01606018304824829 219
1783072775832 0.01593085527420044 220
1783072936270 0.016164309978485107 221
1783073096772 0.016958892345428467 222
1783073256977 0.019002573490142824 223
1783073417329 0.017184414863586427 224
1783073578059 0.017156953811645507 225
1783073738251 0.01597111701965332 226
1783073898699 0.016758127212524412 227
1783074059360 0.016085886955261232 228
1783074220046 0.01762371778488159 229
1783074380187 0.01606975555419922 230
1783074540446 0.015973954200744628 231
1783074701103 0.01780932903289795 232
1783074861695 0.01705230712890625 233
1783075021808 0.016804726123809816 234
1783075182044 0.014912137985229492 235
1783075342818 0.016329054832458497 236
1783075517982 0.01717996597290039 237
1783075683799 0.01758950710296631 238
