1782947734352 1.7260046547562524e-07 101
1782947739388 1.6793951355490813e-07 102
1782947741709 1.603513150409223e-07 103
1782947742453 1.597108412928113e-07 104
1782947743572 1.5643819987568955e-07 105
1782947744299 1.7081344102128546e-07 106
1782947745398 1.6563115915838958e-07 107
1782947746129 1.550251340631803e-07 108
1782947747234 1.6395981579838312e-07 109
1782947747964 1.662830963293042e-07 110
1782947749064 1.8330618445361324e-07 111
1782947749787 1.5899297996687287e-07 112
1782947750884 1.6585534012847347e-07 113
1782947751615 1.6068133371997342e-07 114
1782947752864 1.6473845694993847e-07 115
1782947753603 1.6391364473141343e-07 116
1782947754714 1.6745201018390313e-07 117
1782947755506 1.7150542911773906e-07 118
1782947756664 1.7396216378529061e-07 119
1782947757402 1.6564418577521187e-07 120
