1782947734352 0.19999862710634866 101
1782947739388 0.19999862710634866 102
1782947741709 0.19999862710634866 103
1782947742453 0.19999862710634866 104
1782947743572 0.19999862710634866 105
1782947744299 0.19999862710634866 106
1782947745398 0.19999862710634866 107
1782947746129 0.19999862710634866 108
1782947747234 0.19999862710634866 109
1782947747964 0.19999862710634866 110
1782947749064 0.19999862710634866 111
1782947749787 0.19999862710634866 112
1782947750884 0.19999862710634866 113
1782947751615 0.19999862710634866 114
1782947752864 0.19999862710634866 115
1782947753603 0.19999862710634866 116
1782947754714 0.19999862710634866 117
1782947755506 0.19999862710634866 118
1782947756664 0.19999862710634866 119
1782947757402 0.19999862710634866 120
