1782947734352 5.960464477539062e-07 101
1782947739388 5.960464477539062e-07 102
1782947741709 5.960464477539062e-07 103
1782947742453 5.960464477539062e-07 104
1782947743572 5.960464477539062e-07 105
1782947744299 5.960464477539062e-07 106
1782947745398 5.960464477539062e-07 107
1782947746129 5.960464477539062e-07 108
1782947747234 5.960464477539062e-07 109
1782947747964 5.960464477539062e-07 110
1782947749064 5.960464477539062e-07 111
1782947749787 5.960464477539062e-07 112
1782947750884 5.960464477539062e-07 113
1782947751615 5.960464477539062e-07 114
1782947752864 5.960464477539062e-07 115
1782947753603 5.960464477539062e-07 116
1782947754714 5.960464477539062e-07 117
1782947755506 5.960464477539062e-07 118
1782947756664 5.960464477539062e-07 119
1782947757402 5.960464477539062e-07 120
