1782947734352 0.0184469527254502 101
1782947739388 0.0184469527254502 102
1782947741709 0.0184469527254502 103
1782947742453 0.0184469527254502 104
1782947743572 0.0184469527254502 105
1782947744299 0.0184469527254502 106
1782947745398 0.0184469527254502 107
1782947746129 0.0184469527254502 108
1782947747234 0.0184469527254502 109
1782947747964 0.0184469527254502 110
1782947749064 0.0184469527254502 111
1782947749787 0.0184469527254502 112
1782947750884 0.0184469527254502 113
1782947751615 0.0184469527254502 114
1782947752864 0.0184469527254502 115
1782947753603 0.0184469527254502 116
1782947754714 0.0184469527254502 117
1782947755506 0.0184469527254502 118
1782947756664 0.0184469527254502 119
1782947757402 0.0184469527254502 120
