1782947734352 0.032021112740039825 101
1782947739388 0.03202111211915811 102
1782947741709 0.03202111336092154 103
1782947742453 0.03202111211915811 104
1782947743572 0.032021112740039825 105
1782947744299 0.03202111211915811 106
1782947745398 0.03202111336092154 107
1782947746129 0.032021114602684975 108
1782947747234 0.03202111211915811 109
1782947747964 0.032021112740039825 110
1782947749064 0.03202111211915811 111
1782947749787 0.03202111336092154 112
1782947750884 0.032021112740039825 113
1782947751615 0.03202111149827639 114
1782947752864 0.032021112740039825 115
1782947753603 0.03202111211915811 116
1782947754714 0.03202111211915811 117
1782947755506 0.03202111336092154 118
1782947756664 0.032021110877394676 119
1782947757402 0.03202111211915811 120
