1782947734352 0.019397192324201267 101
1782947739388 0.01939719170331955 102
1782947741709 0.01939719170331955 103
1782947742453 0.01939719170331955 104
1782947743572 0.01939719170331955 105
1782947744299 0.01939719170331955 106
1782947745398 0.01939719170331955 107
1782947746129 0.01939719170331955 108
1782947747234 0.01939719170331955 109
1782947747964 0.01939719170331955 110
1782947749064 0.01939719170331955 111
1782947749787 0.01939719170331955 112
1782947750884 0.01939719170331955 113
1782947751615 0.01939719170331955 114
1782947752864 0.01939719170331955 115
1782947753603 0.01939719170331955 116
1782947754714 0.01939719170331955 117
1782947755506 0.01939719170331955 118
1782947756664 0.01939719170331955 119
1782947757402 0.01939719170331955 120
