1782947734352 1.3708826275573527 101
1782947739388 1.3708826352472174 102
1782947741709 1.3708826656771285 103
1782947742453 1.3708826521752586 104
1782947743572 1.3708826566289132 105
1782947744299 1.3708826341393137 106
1782947745398 1.3708827062857958 107
1782947746129 1.370882588048135 108
1782947747234 1.3708826472558069 109
1782947747964 1.3708826013513513 110
1782947749064 1.370882605817774 111
1782947749787 1.3708826103003504 112
1782947750884 1.3708826103003504 113
1782947751615 1.3708826654858444 114
1782947752864 1.3708826147991677 115
1782947753603 1.3708826700846355 116
1782947754714 1.3708826700846355 117
1782947755506 1.3708826700846355 118
1782947756664 1.3708826424419016 119
1782947757402 1.3708826147991677 120
