1782947734352 0.023904047682133805 101
1782947739388 0.02348076399058512 102
1782947741709 0.023236282570110036 103
1782947742453 0.022932076957863822 104
1782947743572 0.02285444000620901 105
1782947744299 0.022793231920302966 106
1782947745398 0.022632279854228065 107
1782947746129 0.022515136708495437 108
1782947747234 0.022528759238963924 109
1782947747964 0.022530947934399855 110
1782947749064 0.022531990540156727 111
1782947749787 0.022490434577624577 112
1782947750884 0.022490435008761248 113
1782947751615 0.022490434146487905 114
1782947752864 0.0224726234657177 115
1782947753603 0.0224726234657177 116
1782947754714 0.022472620874211407 117
1782947755506 0.02247262260188227 118
1782947756664 0.02247262260188227 119
1782947757402 0.02247262260188227 120
