1782947734352 0.027325250208377838 101
1782947739388 0.03528825044631958 102
1782947741709 0.05293708046277364 103
1782947745398 0.03941522166132927 107
1782947746129 0.037869971990585324 108
1782947747234 0.03786996901035309 109
1782947747964 0.03786996603012085 110
1782947749064 0.03786996901035309 111
1782947749787 0.03786996901035309 112
1782947750884 0.037869954109191896 113
1782947751615 0.03786996901035309 114
1782947752864 0.037869963049888614 115
1782947753603 0.03786995708942413 116
1782947754714 0.03786994516849518 117
1782947755506 0.037869951128959654 118
1782947756664 0.03786996901035309 119
1782947757402 0.03786997795104981 120
