1782947734352 0.05063967682697155 101
1782947739388 0.04987996302801987 102
1782947741709 0.04927350067701496 103
1782947742453 0.04915019740229067 104
1782947743572 0.04912609119041293 105
1782947744299 0.04915879014879465 106
1782947745398 0.04916830412669532 107
1782947746129 0.0490132565734051 108
1782947747234 0.0488841353040753 109
1782947747964 0.048721558169314734 110
1782947749064 0.048621299115013096 111
1782947749787 0.04860970422403136 112
1782947750884 0.048609701555166675 113
1782947751615 0.04860970244478824 114
1782947752864 0.04854915753616276 115
1782947753603 0.0485491548772195 116
1782947754714 0.04854915399090508 117
1782947755506 0.04854915221827624 118
1782947756664 0.04854915399090508 119
1782947757402 0.04854915399090508 120
