1782947734352 1.370882408959525 101
1782947739388 1.370882453918457 102
1782947741709 1.3708824904068657 103
1782947742453 1.3708824904068657 104
1782947743572 1.370882511138916 105
1782947744299 1.3708825338454473 106
1782947745398 1.3708824157714843 107
1782947746129 1.3708824860422235 108
1782947747234 1.3708825864289935 109
1782947747964 1.3708824157714843 110
1782947749064 1.3708824634552002 111
1782947749787 1.3708826065063477 112
1782947750884 1.3708825588226319 113
1782947751615 1.370882511138916 114
1782947752864 1.3708824634552002 115
1782947753603 1.370882511138916 116
1782947754714 1.3708824634552002 117
1782947755506 1.3708825588226319 118
1782947756664 1.3708825588226319 119
1782947757402 1.370882511138916 120
