1782947734352 0.0393948125793713 101
1782947739388 0.05716916631374338 102
1782947741709 -0.011916236244311552 103
1782947742453 -0.018223150576296313 104
1782947743572 -0.04819642644524353 105
1782947744299 0.019270177689123254 106
1782947745398 0.02020630953650507 107
1782947746129 -0.009047433063689604 108
1782947747234 -0.05216144867211275 109
1782947747964 0.01604249503843107 110
1782947749064 -0.0356859756293238 111
1782947749787 -0.032150377791947723 112
1782947750884 0.022163219751012642 113
1782947751615 -0.03655743621165824 114
1782947752864 0.04851947079691549 115
1782947753603 -0.04271786791091109 116
1782947754714 -0.059353679264431865 117
1782947755506 -0.04797236313536903 118
1782947756664 0.008685821001826296 119
1782947757402 -0.047577951076667624 120
