1782947734352 0.6545867323875427 101
1782947739388 0.6537679433822632 102
1782947741709 0.6531855662663778 103
1782947742453 0.65277632077535 104
1782947743572 0.6524821122487386 105
1782947744299 0.652269979317983 106
1782947745398 0.6521199146906534 107
1782947746129 0.6520128051439921 108
1782947747234 0.6519361933072408 109
1782947747964 0.6518779198328654 110
1782947749064 0.6518348455429077 111
1782947749787 0.6518060167630514 112
1782947750884 0.6517826318740845 113
1782947751615 0.6517691016197205 114
1782947752864 0.6517557700475057 115
1782947753603 0.6517473260561625 116
1782947754714 0.6517417033513387 117
1782947755506 0.6517358819643656 118
1782947756664 0.651733418305715 119
1782947757402 0.6517307758331299 120
