1782947734352 0.16714274883270264 101
1782947739388 0.16714275379975638 102
1782947741709 0.16714275379975638 103
1782947742453 0.16714274883270264 104
1782947743572 0.16714275379975638 105
1782947744299 0.16714274883270264 106
1782947745398 0.1671427438656489 107
1782947746129 0.16714275379975638 108
1782947747234 0.16714274883270264 109
1782947747964 0.16714274883270264 110
1782947749064 0.16714274883270264 111
1782947749787 0.16714274883270264 112
1782947750884 0.1671427438656489 113
1782947751615 0.16714274883270264 114
1782947752864 0.16714274883270264 115
1782947753603 0.16714274883270264 116
1782947754714 0.16714275379975638 117
1782947755506 0.16714274883270264 118
1782947756664 0.1671427587668101 119
1782947757402 0.16714275379975638 120
