1782947734352 2.450807730356852 101
1782947739388 2.450455983479818 102
1782947741709 2.449770927429199 103
1782947742453 2.4497528076171875 104
1782947743572 2.4495492776234946 105
1782947744299 2.4495842456817627 106
1782947745398 2.4495155811309814 107
1782947746129 2.449331839879354 108
1782947747234 2.449310223261515 109
1782947747964 2.449195305506388 110
1782947749064 2.4492520491282144 111
1782947749787 2.449258724848429 112
1782947750884 2.4491729736328125 113
1782947751615 2.4493261178334556 114
1782947752864 2.4493308067321777 115
1782947753603 2.4492650826772056 116
1782947754714 2.449192921320597 117
1782947755506 2.44917893409729 118
1782947756664 2.449146827061971 119
1782947757402 2.449179172515869 120
