1782947734352 0.6530140439669291 101
1782947739388 0.653014063835144 102
1782947741709 0.653014063835144 103
1782947742453 0.653014063835144 104
1782947743572 0.653014063835144 105
1782947744299 0.653014063835144 106
1782947745398 0.653014063835144 107
1782947746129 0.653014063835144 108
1782947747234 0.653014063835144 109
1782947747964 0.653014063835144 110
1782947749064 0.653014063835144 111
1782947749787 0.653014063835144 112
1782947750884 0.653014063835144 113
1782947751615 0.653014063835144 114
1782947752864 0.653014063835144 115
1782947753603 0.653014063835144 116
1782947754714 0.653014063835144 117
1782947755506 0.653014063835144 118
1782947756664 0.653014063835144 119
1782947757402 0.653014063835144 120
