1782947734352 0.7026045918464661 101
1782947739388 0.702604611714681 102
1782947741709 0.702604611714681 103
1782947742453 0.702604611714681 104
1782947743572 0.702604611714681 105
1782947744299 0.702604611714681 106
1782947745398 0.702604611714681 107
1782947746129 0.702604611714681 108
1782947747234 0.702604611714681 109
1782947747964 0.702604611714681 110
1782947749064 0.702604611714681 111
1782947749787 0.702604611714681 112
1782947750884 0.702604611714681 113
1782947751615 0.702604611714681 114
1782947752864 0.702604611714681 115
1782947753603 0.702604611714681 116
1782947754714 0.702604611714681 117
1782947755506 0.702604611714681 118
1782947756664 0.702604611714681 119
1782947757402 0.702604611714681 120
