1782947734352 0.29739540815353394 101
1782947739388 0.29739538828531903 102
1782947741709 0.29739538828531903 103
1782947742453 0.29739538828531903 104
1782947743572 0.29739538828531903 105
1782947744299 0.29739538828531903 106
1782947745398 0.29739538828531903 107
1782947746129 0.29739538828531903 108
1782947747234 0.29739538828531903 109
1782947747964 0.29739538828531903 110
1782947749064 0.29739538828531903 111
1782947749787 0.29739538828531903 112
1782947750884 0.29739538828531903 113
1782947751615 0.29739538828531903 114
1782947752864 0.29739538828531903 115
1782947753603 0.29739538828531903 116
1782947754714 0.29739538828531903 117
1782947755506 0.29739538828531903 118
1782947756664 0.29739538828531903 119
1782947757402 0.29739538828531903 120
