1782947734352 0.016957598748073604 101
1782947739388 0.016957601144288976 102
1782947741709 0.016957601144288976 103
1782947742453 0.016957601144288976 104
1782947743572 0.016957601144288976 105
1782947744299 0.016957601144288976 106
1782947745398 0.016957601144288976 107
1782947746129 0.016957601144288976 108
1782947747234 0.016957601144288976 109
1782947747964 0.016957601144288976 110
1782947749064 0.016957601144288976 111
1782947749787 0.016957601144288976 112
1782947750884 0.016957601144288976 113
1782947751615 0.016957601144288976 114
1782947752864 0.016957601144288976 115
1782947753603 0.016957601144288976 116
1782947754714 0.016957601144288976 117
1782947755506 0.016957601144288976 118
1782947756664 0.016957601144288976 119
1782947757402 0.016957601144288976 120
