1782947734352 2.184704542160034 101
1782947739388 2.184541622797648 102
1782947741709 2.1843835512797036 103
1782947742453 2.1843156019846597 104
1782947743572 2.184267441431681 105
1782947744299 2.184239625930786 106
1782947745398 2.184220234553019 107
1782947746129 2.1841862201690674 108
1782947747234 2.1841580867767334 109
1782947747964 2.1841372648874917 110
1782947749064 2.184143304824829 111
1782947749787 2.184122165044149 112
1782947750884 2.184107939402262 113
1782947751615 2.1841300328572593 114
1782947752864 2.1841300328572593 115
1782947753603 2.184119701385498 116
1782947754714 2.1841084162394204 117
1782947755506 2.1841061115264893 118
1782947756664 2.184101104736328 119
1782947757402 2.1841057936350503 120
