1783139245443 0.8133524656295776 230
1783139246712 0.8133525053660074 231
1783139248011 0.8133525401353836 232
1783139249369 0.8133524904648463 233
1783139250622 0.8133525202671686 234
1783139251899 0.8133525202671686 235
1783139253155 0.8133524805307388 236
1783139254455 0.8133524904648463 237
1783139255796 0.8133524755636851 238
1783139257050 0.8133525351683298 239
1783139258301 0.8133524805307388 240
1783139259542 0.8133524755636851 241
1783139260791 0.8133525202671686 242
1783139262079 0.8133525053660074 243
1783139263392 0.813352515300115 244
