1783139245443 0.9952946752309799 230
1783139246712 0.9952946702639262 231
1783139248011 0.9952947000662485 232
1783139249369 0.9952946702639262 233
1783139250622 0.9952947050333023 234
1783139251899 0.9952947000662485 235
1783139253155 0.9952946801980337 236
1783139254455 0.9952947249015173 237
1783139255796 0.9952947000662485 238
1783139257050 0.9952946950991949 239
1783139258301 0.9952946851650873 240
1783139259542 0.9952946851650873 241
1783139260791 0.9952946702639262 242
1783139262079 0.9952947149674097 243
1783139263392 0.9952946950991949 244
