1783139245443 0.9229970475037893 230
1783139246712 0.9229970624049505 231
1783139248011 0.9229970475037893 232
1783139249369 0.9229970425367355 233
1783139250622 0.9229970475037893 234
1783139251899 0.9229970475037893 235
1783139253155 0.9229970425367355 236
1783139254455 0.9229970723390579 237
1783139255796 0.922997052470843 238
1783139257050 0.922997052470843 239
1783139258301 0.922997052470843 240
1783139259542 0.9229970624049505 241
1783139260791 0.922997052470843 242
1783139262079 0.9229970773061117 243
1783139263392 0.922997052470843 244
