1783139245443 1.4207064982650426 230
1783139246712 1.420706499647042 231
1783139248011 1.4207065228893214 232
1783139249369 1.420706499396476 233
1783139250622 1.420706509882569 234
1783139251899 1.4207065197657276 235
1783139253155 1.4207065284801876 236
1783139254455 1.4207065064182336 237
1783139255796 1.4207064910258707 238
1783139257050 1.4207065289977177 239
1783139258301 1.4207065172361768 240
1783139259542 1.4207065194740676 241
1783139260791 1.4207065057999608 242
1783139262079 1.42070651063922 243
1783139263392 1.420706515006941 244
