1783139245443 0.01246352796518639 230
1783139246712 0.012463531731314448 231
1783139248011 0.012463528124358483 232
1783139249369 0.01246352669256339 233
1783139250622 0.012463526191023032 234
1783139251899 0.012463526226190303 235
1783139253155 0.012463528290325083 236
1783139254455 0.012463526552883452 237
1783139255796 0.012463523484562164 238
1783139257050 0.012463526274440933 239
1783139258301 0.012463528835431616 240
1783139259542 0.012463525240007385 241
1783139260791 0.012463526222776211 242
1783139262079 0.0124635251920834 243
1783139263392 0.0124635268189457 244
