1783139245443 0.0398264053898553 230
1783139246712 0.0796528197824955 231
1783139248011 0.11947621653477351 232
1783139249369 0.1592931468039751 233
1783139250622 0.15928030262390772 234
1783139251899 0.16413845432301363 235
1783139253155 0.16899617885549864 236
1783139254455 0.17385402445991835 237
1783139255796 0.17871220037341118 238
1783139257050 0.1835704706609249 239
1783139258301 0.18842843423287073 240
1783139259542 0.20337346320350966 241
1783139260791 0.21003252640366554 242
1783139262079 0.2143676976362864 243
1783139263392 0.21759002531568208 244
