1783139245443 3.056461202803754 230
1783139246712 3.2704347894095633 231
1783139248011 3.485909429705125 232
1783139249369 3.696346724243516 233
1783139250622 3.895797899663224 234
1783139251899 4.079246033573598 235
1783139253155 4.241887451181041 236
1783139254455 4.384372685843951 237
1783139255796 4.507565991489191 238
1783139257050 4.6147986310265825 239
1783139258301 4.70955170020922 240
1783139259542 4.791106554457874 241
1783139260791 4.8565749673121 242
1783139262079 4.897693202351792 243
1783139263392 4.909269546538463 244
