1783139245443 1.0094523535055273 230
1783139246712 1.0094523990855497 231
1783139248011 1.0094523780486162 232
1783139249369 1.0094524271347944 233
1783139250622 1.0094523780486162 234
1783139251899 1.009452339480905 235
1783139253155 1.009452388567083 236
1783139254455 1.0094524201224833 237
1783139255796 1.0094523464932161 238
1783139257050 1.0094523745424606 239
1783139258301 1.0094523920732386 240
1783139259542 1.0094523675301497 241
1783139260791 1.009452388567083 242
1783139262079 1.0094523920732386 243
1783139263392 1.0094523745424606 244
