1783139245443 1.014502166608058 230
1783139246712 1.0145021366104385 231
1783139248011 1.0145021691078595 232
1783139249369 1.0145021391102402 233
1783139250622 1.0145021566088515 234
1783139251899 1.0145021716076612 235
1783139253155 1.0145021591086532 236
1783139254455 1.01450215410905 237
1783139255796 1.0145021616084549 238
1783139257050 1.0145021816068678 239
1783139258301 1.014502146609645 240
1783139259542 1.0145021641082563 241
1783139260791 1.0145021766072644 242
1783139262079 1.0145021591086532 243
1783139263392 1.014502174107463 244
