1783139245443 0.3386146229574352 230
1783139246712 0.3381868020553964 231
1783139248011 0.3386146659136974 232
1783139249369 0.3386146166137778 233
1783139250622 0.33818678639697314 234
1783139251899 0.33861466398964385 235
1783139253155 0.3386146338053416 236
1783139254455 0.338614635041397 237
1783139255796 0.3386146534654887 238
1783139257050 0.3386146687043177 239
1783139258301 0.338614669636286 240
1783139259542 0.33861463155733523 241
1783139260791 0.33861458596465355 242
1783139262079 0.3386146281016856 243
1783139263392 0.33861465421987036 244
