1783139245443 0.8094642101043865 230
1783139246712 0.8096425889355877 231
1783139248011 0.8094641930032332 232
1783139249369 0.8094642055440789 233
1783139250622 0.809642608305317 234
1783139251899 0.8094642055440789 235
1783139253155 0.8094642101043865 236
1783139254455 0.8094642123845404 237
1783139255796 0.8094642226452323 238
1783139257050 0.8094642055440789 239
1783139258301 0.8094642146646941 240
1783139259542 0.8094642192250017 241
1783139260791 0.8094642123845404 242
1783139262079 0.8094642169448478 243
1783139263392 0.8094642066841559 244
