1783139245443 0.5175691784900873 230
1783139246712 0.5175690506365711 231
1783139248011 0.5175689957996125 232
1783139249369 0.5175692735239644 233
1783139250622 0.5175691176115251 234
1783139251899 0.5175691306694828 235
1783139253155 0.5175692772773847 236
1783139254455 0.5175691549922029 237
1783139255796 0.5175693142451544 238
1783139257050 0.5175691509524222 239
1783139258301 0.5175693414977623 240
1783139259542 0.5175693190247183 241
1783139260791 0.5175691464708858 242
1783139262079 0.5175692616649645 243
1783139263392 0.5175693052753613 244
