1783139245443 1.2020937312733044 230
1783139246712 1.2028772036234539 231
1783139248011 1.2020937036876835 232
1783139249369 1.2020937017172821 233
1783139250622 1.2028771917025247 234
1783139251899 1.202093762799728 235
1783139253155 1.2020937253620998 236
1783139254455 1.2020937450661147 237
1783139255796 1.2020937391549102 238
1783139257050 1.2020937687109325 239
1783139258301 1.2020937115692896 240
1783139259542 1.2020937903853488 241
1783139260791 1.2020937470365163 242
1783139262079 1.2020937076284866 243
1783139263392 1.2020937825037428 244
