1783139245443 0.26002431186600783 230
1783139246712 0.26008944927293054 231
1783139248011 0.26002431101095014 232
1783139249369 0.26002431015589245 233
1783139250622 0.2600894544002118 234
1783139251899 0.2600243107259309 235
1783139253155 0.26002431414616156 236
1783139254455 0.26002431243604623 237
1783139255796 0.260024312151027 238
1783139257050 0.26002431272106546 239
1783139258301 0.26002431015589245 240
1783139259542 0.2600243181364307 241
1783139260791 0.2600243115809886 242
1783139262079 0.2600243161412961 243
1783139263392 0.2600243144311808 244
