1783139245443 0.35944591562213624 230
1783139246712 0.35944590812273136 231
1783139248011 0.359445910622533 232
1783139249369 0.35944591999678904 233
1783139250622 0.359445904373029 234
1783139251899 0.35944591562213624 235
1783139253155 0.35944591437223544 236
1783139254455 0.35944592062173947 237
1783139255796 0.3594459181219378 238
1783139257050 0.3594459093726322 239
1783139258301 0.35944589937342575 240
1783139259542 0.359445910622533 241
1783139260791 0.3594459131223346 242
1783139262079 0.35944591874688825 243
1783139263392 0.35944592124668984 244
