1783139245443 0.9869459704474383 230
1783139246712 0.9869459726993964 231
1783139248011 0.98694597565498 232
1783139249369 0.9869459730995445 233
1783139250622 0.9869459738571783 234
1783139251899 0.9869459729219056 235
1783139253155 0.9869459727118636 236
1783139254455 0.9869459729351586 237
1783139255796 0.9869459751942055 238
1783139257050 0.9869459728512915 239
1783139258301 0.9869459736751071 240
1783139259542 0.9869459734970302 241
1783139260791 0.9869459715194044 242
1783139262079 0.9869459753466042 243
1783139263392 0.9869459734861632 244
