1783139245443 0.7925187208350198 230
1783139246712 0.7926524549067829 231
1783139248011 0.7927076858692894 232
1783139249369 0.792676254345778 233
1783139250622 0.7925568996713638 234
1783139251899 0.7923547182334233 235
1783139253155 0.7920791091311021 236
1783139254455 0.7917366198086094 237
1783139255796 0.7913407178473567 238
1783139257050 0.7909145427965992 239
1783139258301 0.790472945509431 240
1783139259542 0.7900435684486103 241
1783139260791 0.7896605670617481 242
1783139262079 0.7893456248360261 243
1783139263392 0.7891360226735648 244
