1783139245443 0.6583897884739874 230
1783139246712 0.6583898103286291 231
1783139248011 0.6583898238134336 232
1783139249369 0.6583897953087939 233
1783139250622 0.6583898089830867 234
1783139251899 0.6583898172825343 235
1783139253155 0.658389811718377 236
1783139254455 0.6583898024439615 237
1783139255796 0.6583898172741264 238
1783139257050 0.6583898156291573 239
1783139258301 0.6583898213382314 240
1783139259542 0.6583898198897608 241
1783139260791 0.6583897961674943 242
1783139262079 0.6583898095584141 243
1783139263392 0.6583898184641656 244
