1783139245443 0.9426331375535653 230
1783139246712 0.937505640363378 231
1783139248011 0.931439128775302 232
1783139249369 0.9237211317147297 233
1783139250622 0.9137680877560265 234
1783139251899 0.9010407622026889 235
1783139253155 0.8839060267544919 236
1783139254455 0.860421479441582 237
1783139255796 0.8275259033175519 238
1783139257050 0.7806807899010773 239
1783139258301 0.7121119221402452 240
1783139259542 0.6112763004665175 241
1783139260791 0.4698293340338817 242
1783139262079 0.29202494376332006 243
1783139263392 0.11569649652218537 244
