1783139245443 0.21005476266145706 230
1783139246712 0.2100546725771644 231
1783139248011 0.21007464622909372 232
1783139249369 0.21011663431471045 233
1783139250622 0.2101803110404448 234
1783139251899 0.21025801720944318 235
1783139253155 0.21033919805830176 236
1783139254455 0.21041798727078873 237
1783139255796 0.21048832007429816 238
1783139257050 0.21054586158557373 239
1783139258301 0.21058772775259885 240
1783139259542 0.2106154364618388 241
1783139260791 0.2106315642595291 242
1783139262079 0.21065251461484216 243
1783139263392 0.21070822937922043 244
