1783139245443 0.15957117080688477 230
1783139246712 0.15957117701570192 231
1783139248011 0.1595711720486482 232
1783139249369 0.1595711757739385 233
1783139250622 0.1595711757739385 234
1783139251899 0.1595711720486482 235
1783139253155 0.15957116956512132 236
1783139254455 0.15957117329041162 237
1783139255796 0.15957117329041162 238
1783139257050 0.15957117453217506 239
1783139258301 0.15957117825746536 240
1783139259542 0.15957117453217506 241
1783139260791 0.15957117453217506 242
1783139262079 0.1595711757739385 243
1783139263392 0.1595711720486482 244
