1783139245443 0.2796987642844518 230
1783139246712 0.27969875931739807 231
1783139248011 0.2796987444162369 232
1783139249369 0.2796987344821294 233
1783139250622 0.2796987295150757 234
1783139251899 0.2796987295150757 235
1783139253155 0.2796987493832906 236
1783139254455 0.2796987295150757 237
1783139255796 0.2796987195809682 238
1783139257050 0.2796987642844518 239
1783139258301 0.27969875931739807 240
1783139259542 0.27969875931739807 241
1783139260791 0.27969875931739807 242
1783139262079 0.27969873944918316 243
1783139263392 0.2796987444162369 244
