1783139245443 0.013054033120473226 230
1783139246712 0.013054028153419495 231
1783139248011 0.013054018219312033 232
1783139249369 0.013054038087526957 233
1783139250622 0.013054057955741882 234
1783139251899 0.01305405298868815 235
1783139253155 0.013054043054580688 236
1783139254455 0.013054003318150839 237
1783139255796 0.013054038087526957 238
1783139257050 0.01305404802163442 239
1783139258301 0.01305405298868815 240
1783139259542 0.0130540132522583 241
1783139260791 0.013054062922795614 242
1783139262079 0.013054033120473226 243
1783139263392 0.01305405298868815 244
