1783139245443 0.7011436621348063 230
1783139246712 0.7010541607936224 231
1783139248011 0.7010054439306259 232
1783139249369 0.7009977300961813 233
1783139250622 0.7010342081387838 234
1783139251899 0.7011138747135798 235
1783139253155 0.7012322545051575 236
1783139254455 0.7013860593239466 237
1783139255796 0.701570505897204 238
1783139257050 0.7017760574817657 239
1783139258301 0.7019921739896139 240
1783139259542 0.7022111564874649 241
1783139260791 0.7024149497350057 242
1783139262079 0.7025901178518931 243
1783139263392 0.7027251670757929 244
