1783139245443 4.7326159079869585 230
1783139246712 4.746303002039592 231
1783139248011 4.76084840297699 232
1783139249369 4.776056170463562 233
1783139250622 4.751162648200989 234
1783139251899 4.730310718218486 235
1783139253155 4.707847595214844 236
1783139254455 4.681884129842122 237
1783139255796 4.649903376897176 238
1783139257050 4.608939965565999 239
1783139258301 4.555483897527059 240
1783139259542 4.495146632194519 241
1783139260791 4.4116300741831465 242
1783139262079 4.324407617251079 243
1783139263392 4.260109682877858 244
