1783139245443 3.926988917311026 230
1783139246712 3.926988917311026 231
1783139248011 3.926989385444613 232
1783139249369 3.926988917311026 233
1783139250622 3.926988917311026 234
1783139251899 3.926988917311026 235
1783139253155 3.9269884491774953 236
1783139254455 3.926988917311026 237
1783139255796 3.926988917311026 238
1783139257050 3.926988917311026 239
1783139258301 3.926988917311026 240
1783139259542 3.926988917311026 241
1783139260791 3.926988917311026 242
1783139262079 3.926988917311026 243
1783139263392 3.926988917311026 244
